,R_save
0,0.0
1,0.0
2,0.0009995002498750624
3,0.001998001499000625
4,0.0029955047458781856
5,0.0029925107381361784
6,0.0039890199727807205
7,0.003985032946321169
8,0.003981049904895561
9,0.003977070844520853
10,0.003973095761217983
11,0.003969124651011868
12,0.003965157509931396
13,0.0039611943340094255
14,0.004956735369157842
15,0.005951281360792867
16,0.00694483330346074
17,0.006937891940838591
18,0.006930957516110117
19,0.006924030022340892
20,0.006917109452603419
21,0.006910195799977129
22,0.006903289057548366
23,0.006896389218410387
24,0.00688949627566335
25,0.006882610222414311
26,0.006875731051777215
27,0.00686885875687289
28,0.006861993330829039
29,0.0068551347667802345
30,0.007847783307742972
31,0.007839939446365917
32,0.00783210342493027
33,0.007824275235600005
34,0.007816454870546932
35,0.007808642321950683
36,0.0078008375819987085
37,0.007793040642886266
38,0.008784751746691478
39,0.008775971385125569
40,0.00876719979953324
41,0.009757937231017963
42,0.009748184170317295
43,0.009738440857803236
44,0.009728707283732468
45,0.009718983438371416
46,0.010708769561871294
47,0.01069806614401835
48,0.011686873674109286
49,0.011675192640951756
50,0.011663523282989785
51,0.011651865588554014
52,0.011640219545986744
53,0.01162858514364193
54,0.011616962369885167
55,0.011605351213093678
56,0.011593751661656304
57,0.01258166395384855
58,0.012569088577582835
59,0.01255652577040884
60,0.012543975519763753
61,0.012531437813097323
62,0.012518912637871839
63,0.012506399981562121
64,0.012493899831655513
65,0.01248141217565186
66,0.012468937001063503
67,0.012456474295415264
68,0.013443524296119495
69,0.014429587740101385
70,0.01441516536354956
71,0.014400757402166703
72,0.015385864091419909
73,0.015370485916415991
74,0.015355123111901833
75,0.01633927591238969
76,0.016322944802032478
77,0.01730613026449921
78,0.017288832782975473
79,0.01727155259028884
80,0.018253789919034178
81,0.018235545251448937
82,0.018217318819413506
83,0.01819911060470145
84,0.018180920589104546
85,0.019162249004307838
86,0.019143096331639863
87,0.019123962802073007
88,0.020104348646348795
89,0.020084254344853194
90,0.02006418012761696
91,0.02004412597456587
92,0.020024091865645764
93,0.021003578030697592
94,0.0219820851990827
95,0.021960114099433443
96,0.021938164959903774
97,0.02191623775854455
98,0.022893832723303628
99,0.02287095033177609
100,0.0228480908112046
101,0.023824754388604697
102,0.024800441790515135
103,0.024775653742748503
104,0.024750890470641808
105,0.02472615194943177
106,0.024701438154379866
107,0.025676249310647353
108,0.025650585893045506
109,0.026624448375911026
110,0.02659783723310652
111,0.026571252688145894
112,0.02754419496431966
113,0.027516664534570214
114,0.027489161621492182
115,0.028461186447457706
116,0.02843273948449173
117,0.02840432095427235
118,0.028375930828381024
119,0.029347069328302684
120,0.029317736925175943
121,0.02928843383979346
122,0.029259160042852138
123,0.029229915505078172
124,0.02920070019722702
125,0.030171014339958425
126,0.030140858403586653
127,0.03011073260808082
128,0.030080636923315123
129,0.030050571319193867
130,0.030020535765651446
131,0.029990530232652295
132,0.030960054940065936
133,0.030929110357417196
134,0.030898196703886546
135,0.03086731394856032
136,0.030836462060555764
137,0.030805641009020977
138,0.0307748507631349
139,0.030744091292107277
140,0.0317128628150537
141,0.032680666050620866
142,0.03364750196661225
143,0.03361387127998895
144,0.0345797744571204
145,0.03454521196390988
146,0.03551018426579503
147,0.03647419207762333
148,0.036437736113527755
149,0.0364013165871774
150,0.0373644337120278
151,0.037327087951196186
152,0.03728977951746186
153,0.03825200862339144
154,0.0392132759810892
155,0.03917408230194768
156,0.04013442804677332
157,0.041093813925787044
158,0.041052740648499904
159,0.04101170842396367
160,0.04097071721114612
161,0.040929766969056015
162,0.041888357906618184
163,0.041846490482423664
164,0.04180466490473009
165,0.041762881131711865
166,0.04172113912158522
167,0.042678939082483186
168,0.04363578172208091
169,0.04359216774734619
170,0.04354859736479012
171,0.04350507053084231
172,0.0434615872019759
173,0.04341814733470756
174,0.043374750885597405
175,0.04333139781124898
176,0.0432880880683092
177,0.04424432186334338
178,0.044200099652585416
179,0.04515542189181322
180,0.045110289036349144
181,0.045065201291185374
182,0.04601965886110923
183,0.045973662200578386
184,0.045927711513721235
185,0.045881806754587084
186,0.04683544812714622
187,0.047788136334915195
188,0.04774037208070738
189,0.04769265556688359
190,0.047644986745727286
191,0.0485968658194447
192,0.048548293239915025
193,0.04849976920869072
194,0.04845129367724775
195,0.04840286659711057
196,0.04835448791985209
197,0.04830615759709362
198,0.04825787558050482
199,0.04820964182180367
200,0.04816145627275639
201,0.04811331888517743
202,0.04806522961092937
203,0.04901668865179801
204,0.04896769645924249
205,0.04891875323439567
206,0.04986935917818938
207,0.050819014991104736
208,0.05076822137292272
209,0.05071747852297478
210,0.05066678639051803
211,0.05161564517473541
212,0.0515640553244858
213,0.05251201728817947
214,0.053459031763653554
215,0.05440509969792277
216,0.05535022203705528
217,0.055294899476298606
218,0.055239632210455226
219,0.05518442018425787
220,0.055129263342494496
221,0.05607366187988331
222,0.05601761624082296
223,0.05596162661939285
224,0.055905692959603355
225,0.05684931545539586
226,0.05779199480026803
227,0.057734231687024386
228,0.058676026557901925
229,0.058617379854695624
230,0.05855879176888384
231,0.059499762491753524
232,0.06043979271415058
233,0.06037938312623039
234,0.06031903391770842
235,0.060258745028235444
236,0.06119801664739763
237,0.06213634946434177
238,0.06307374441740089
239,0.06301070219409514
240,0.06394722323138241
241,0.06388330796578383
242,0.06381945658350918
243,0.06475516927058214
244,0.06469044646271549
245,0.06462578834531148
246,0.06556069510358703
247,0.06649466742232407
248,0.0664282059856201
249,0.06636181097713872
250,0.06629548233048492
251,0.06622921997933001
252,0.06616302385741164
253,0.06609689389853367
254,0.06703033028644119
255,0.06796283370444575
256,0.06789490483517595
257,0.068826544110703
258,0.06975725221254139
259,0.07068703007139943
260,0.0716158786170552
261,0.07254379877835751
262,0.07247129123335165
263,0.07239885615965515
264,0.0723264934848329
265,0.07325370338639729
266,0.07318048629155832
267,0.074106842627099
268,0.07403277281937577
269,0.07495827729431893
270,0.07488335647743306
271,0.07580801079379745
272,0.07673174091794159
273,0.07765454777359583
274,0.07857643228356725
275,0.0794973953697406
276,0.07941793770320413
277,0.08033805970450028
278,0.08125726204362622
279,0.08217554563978452
280,0.08209341116138394
281,0.08201135877641504
282,0.08292888865270048
283,0.08384550145764531
284,0.08476119810786256
285,0.08467647926917404
286,0.08459184510698596
287,0.08450729553666414
288,0.08542233072353404
289,0.08633645133250603
290,0.08625015802782586
291,0.08716345122320035
292,0.08807583158179785
293,0.08798779976612389
294,0.0878998559382717
295,0.08781200001029742
296,0.0877242318943451
297,0.0876365515026466
298,0.08754895874752151
299,0.08746145354137706
300,0.08737403579670802
301,0.08728670542609662
302,0.08719946234221247
303,0.08811180670768752
304,0.08902323918474131
305,0.08893426043493148
306,0.08984487086927938
307,0.09075457114827061
308,0.09066386193173061
309,0.0905732433790752
310,0.09148221564956088
311,0.09139077915216003
312,0.09229893429543623
313,0.09220668148754474
314,0.09211452088635778
315,0.09202245239971475
316,0.09193047593554712
317,0.09183859140187842
318,0.09274629895669913
319,0.09265359900771691
320,0.09356049196223194
321,0.09346697822713726
322,0.09437305820891924
323,0.09427873231365795
324,0.09418450069715255
325,0.09409036326517138
326,0.093996319923577
327,0.09490187082820112
328,0.09480701638459473
329,0.09571175699790348
330,0.09661559332274315
331,0.09751852626295031
332,0.09842055672145811
333,0.09832218535042217
334,0.09922341255147123
335,0.10012373897570764
336,0.10102316552345807
337,0.10192169309414927
338,0.10281932258630903
339,0.1037160548975671
340,0.104611890924656
341,0.10550683156341198
342,0.10540137745890082
343,0.10629552900566855
344,0.10618928659786678
345,0.10608315037937815
346,0.10597712024406643
347,0.1068706963357765
348,0.10676387904808457
349,0.10665716852429838
350,0.10755006490758244
351,0.10744256859083323
352,0.10833467996655455
353,0.10922589967673291
354,0.10911672836271319
355,0.10900766616544912
356,0.10889871297587846
357,0.10878986868504799
358,0.10968063343398847
359,0.11057050786333981
360,0.11045999261310159
361,0.11134908807275866
362,0.11123779463140658
363,0.11212611267775201
364,0.11301354284998814
365,0.11290058578567032
366,0.1127877416219665
367,0.11367451049590757
368,0.11356089279426249
369,0.11344738865353858
370,0.11333399796023169
371,0.11422022085082617
372,0.11410605771154499
373,0.11399200867835003
374,0.11487757388706733
375,0.11576225397313723
376,0.11664604982124005
377,0.11752896231517185
378,0.11741149208797028
379,0.11729413927229014
380,0.11817640400065367
381,0.11805828665532568
382,0.11893978761818892
383,0.11882090727074446
384,0.11970164599411204
385,0.11958200416903046
386,0.11946248192598295
387,0.12034257939532231
388,0.12022229695714608
389,0.12010213474129686
390,0.12098159287748747
391,0.12186017199505121
392,0.12173837272269233
393,0.12261619543861169
394,0.12249364052063207
395,0.12337070834619865
396,0.12424689954225443
397,0.12412271473511574
398,0.1249981543005979
399,0.12487321861414052
400,0.12474840780093299
401,0.12462372173616444
402,0.12449916029514879
403,0.1253742236031996
404,0.12524891203538033
405,0.12612322596637943
406,0.12599716577051098
407,0.12687073182171485
408,0.1267439244935572
409,0.1276167441592308
410,0.1274891911915554
411,0.1273617657131031
412,0.12723446759644833
413,0.12710729671429297
414,0.12698025293946608
415,0.12785283639479894
416,0.1277250474528751
417,0.1285968864859057
418,0.12846835386572988
419,0.1293394499638151
420,0.12921017515125757
421,0.13008052979878254
422,0.12995051427674478
423,0.13082012895512884
424,0.1306893742035495
425,0.1315582503912521
426,0.13142675788711292
427,0.13229489705963954
428,0.1331621685268463
429,0.1330290729061298
430,0.13289611031451948
431,0.13376278086892773
432,0.13462858518590032
433,0.13549352413124174
434,0.1353580983200161
435,0.1362223081167977
436,0.1360861538857964
437,0.135950135740983
438,0.13681375379621438
439,0.13667700841510871
440,0.1375398999609207
441,0.13740242879654196
442,0.13826459528450144
443,0.13912590003684075
444,0.1399863439148649
445,0.1398464275291429
446,0.14070615123975844
447,0.14156501565631038
448,0.14242302163766338
449,0.1432801700418236
450,0.14413646172593972
451,0.14399239729642854
452,0.14384847685935065
453,0.14370470027078558
454,0.1435610673869567
455,0.14441707831410616
456,0.14527223365812003
457,0.14512703402427884
458,0.14498197951750796
459,0.14483706999275284
460,0.14569180555497896
461,0.145546186558922
462,0.14640021335896305
463,0.146253886309129
464,0.14610770551321783
465,0.1459616708250487
466,0.1458157820985869
467,0.14567003918794363
468,0.145524441947376
469,0.14637849048116172
470,0.14623218514334946
471,0.14608602603775891
472,0.14693951326810598
473,0.146792647187878
474,0.14664592790033387
475,0.14749885550862937
476,0.14835093061556726
477,0.1482026538233478
478,0.1480545252338192
479,0.14890604494872792
480,0.14975671356946882
481,0.14960703169683567
482,0.15045699968114667
483,0.15130611812224498
484,0.15215438786924923
485,0.15300180977042938
486,0.15384838467320755
487,0.15369461317428382
488,0.15454049561988673
489,0.15438603235589884
490,0.15423172347798192
491,0.15407756883182702
492,0.15392356826327946
493,0.1547692218682137
494,0.15461452999228345
495,0.15445999273092184
496,0.15530511017946663
497,0.1551498826830354
498,0.15499481033652562
499,0.15583939323473997
500,0.15568363172226146
501,0.1555280258934536
502,0.15637207584258558
503,0.15621578191370744
504,0.15705914445052532
505,0.15790166404627692
506,0.15874334154348205
507,0.1595841777838184
508,0.16042417360812242
509,0.16126332985639016
510,0.16110214711790302
511,0.16094112548160328
512,0.16078026478646923
513,0.16161906512151522
514,0.16245702707541673
515,0.16329415148613594
516,0.1631309389409224
517,0.1629678895266886
518,0.16380450333026012
519,0.1646402809381259
520,0.16447572293618876
521,0.16431132941001567
522,0.1651466004450881
523,0.16598103662655228
524,0.16681463878884456
525,0.1666479075156923
526,0.16648134289048921
527,0.16631494474667063
528,0.16714821316771344
529,0.1679806487367612
530,0.16781275203637464
531,0.16764502314878205
532,0.16747746190625454
533,0.16731006814123078
534,0.16814234193619207
535,0.16897378387328732
536,0.16880489453408365
537,0.16963567424969175
538,0.16946612335089145
539,0.17029624216813194
540,0.17112553128140717
541,0.1709544912701314
542,0.1717831224632647
543,0.1726109254393134
544,0.17243840077620562
545,0.17326554880141679
546,0.17409187009197008
547,0.174917365474187
548,0.1757420357735631
549,0.17656588181476893
550,0.1773889044216507
551,0.17821110441723126
552,0.17903248262371077
553,0.17985303986246767
554,0.1806727769540594
555,0.18149169471822324
556,0.18230979397387717
557,0.18312707553912067
558,0.18294403998136044
559,0.18376068761756098
560,0.18457651901424507
561,0.1853915349872443
562,0.1862057363515749
563,0.18701912392143838
564,0.18783169851022255
565,0.1886434609305022
566,0.1894544119940399
567,0.18926505226191193
568,0.19007538204475857
569,0.1908849019027848
570,0.19169361264551063
571,0.19250151508164703
572,0.19330861001909666
573,0.19311539801507957
574,0.19392187937638383
575,0.1937280544094909
576,0.19453392342057585
577,0.19533898696538285
578,0.1951437455991006
579,0.19494869937661274
580,0.194753848102873
581,0.19555869183290508
582,0.1963627311214279
583,0.19716596677248094
584,0.19796839958930004
585,0.19777053012444318
586,0.19857235868004092
587,0.19937338580779698
588,0.2001736123087387
589,0.19997353873321772
590,0.19977366513128547
591,0.20057349155294335
592,0.20137251854789293
593,0.20117124666528635
594,0.20196967620385178
595,0.20176780746201886
596,0.20256564073791888
597,0.20236317632938525
598,0.2021609142840785
599,0.20295835464961165
600,0.20375499797330018
601,0.2035513448019126
602,0.20334789518192067
603,0.20414414915974982
604,0.20394010703165413
605,0.2047357690935915
606,0.2045311356412241
607,0.20432670672004347
608,0.2051219823754957
609,0.20491696290285652
610,0.20571164859710653
611,0.20650554000280658
612,0.20729863791384823
613,0.20809094312332962
614,0.20888245642355618
615,0.20867367835616632
616,0.20846510896250697
617,0.20925624828388376
618,0.2090470966114361
619,0.20883815398613734
620,0.2096289204489198
621,0.21041889654042512
622,0.21120808305062957
623,0.21199648076871988
624,0.2117845902332189
625,0.21157291148236113
626,0.21236094455434276
627,0.21314818998707205
628,0.21293514831791957
629,0.21372181983384367
630,0.213508204821516
631,0.21329480331744652
632,0.21408111535810873
633,0.2148666414796898
634,0.2156513824677161
635,0.21643533910692875
636,0.21621901193140958
637,0.21700240122483144
638,0.2177850075204588
639,0.2185668316008981
640,0.21834837399809862
641,0.21912963499360275
642,0.21991011511854666
643,0.21969031490353563
644,0.22047023462876947
645,0.22124937482404305
646,0.22102823601862173
647,0.22180681849136674
648,0.22258462277073568
649,0.22236214938465798
650,0.22213989836078527
651,0.22191786947686645
652,0.22269556276074765
653,0.22347247873999726
654,0.22324911794165644
655,0.22402548064236444
656,0.22480106736835906
657,0.22557587889522726
658,0.22634991599778076
659,0.22712317945005683
660,0.22789567002531913
661,0.2276678882461834
662,0.22744033413499282
663,0.22821250771406829
664,0.22898390950545852
665,0.2297545402805655
666,0.22952490056014513
667,0.23029499061455777
668,0.23006481071389354
669,0.22983486087809754
670,0.2296051408772199
671,0.23037515073141557
672,0.23014489071069452
673,0.2299148608349217
674,0.23068456112394228
675,0.23045399184745657
676,0.23022365302502035
677,0.23099304467616974
678,0.23176166732017156
679,0.23252952172564864
680,0.23229710841058052
681,0.2320649273926789
682,0.23283247868963772
683,0.23359926281888344
684,0.23436528054720038
685,0.2341310323907314
686,0.23489651861522842
687,0.23566123973605277
688,0.23642519651792576
689,0.23618888947492933
690,0.2369523188707565
691,0.2367154849688367
692,0.23747838803233612
693,0.23824052857403294
694,0.23900190735606788
695,0.23976252513981994
696,0.24052238268590706
697,0.24028198050431196
698,0.24104131885463248
699,0.2417998982460821
700,0.2415582191873654
701,0.24131678168692824
702,0.2410755855033331
703,0.24083463039538375
704,0.24159341637200005
705,0.24235144394184313
706,0.24310871386294072
707,0.24386522689256296
708,0.243621483537348
709,0.24337798380367748
710,0.24413422769792667
711,0.2448897157262146
712,0.24564444864402946
713,0.2463984272061044
714,0.24615215191654308
715,0.2459061227791952
716,0.24665983979790665
717,0.24641330322639451
718,0.2461670130682472
719,0.24692046932704956
720,0.24667367225625791
721,0.24742662210907523
722,0.24817881938832653
723,0.24893026484620925
724,0.24968095923416905
725,0.24943140305302547
726,0.24918209630334728
727,0.24993253898570275
728,0.2506822316004097
729,0.2514311748971609
730,0.25217936962489984
731,0.2519273162819464
732,0.2526750151162473
733,0.2524224663755014
734,0.2531696703071601
735,0.25391612740830233
736,0.2546618384253855
737,0.2554068041041207
738,0.25515152493959886
739,0.25589600117654077
740,0.2556402330594228
741,0.25638422083247686
742,0.2561279647396908
743,0.2568714650248085
744,0.2576142221812055
745,0.25835623695163906
746,0.25909751007812415
747,0.2588385420520591
748,0.2595793331144758
749,0.2603193837560405
750,0.2610586947168041
751,0.26179726673607767
752,0.2625351005524334
753,0.26327219690370535
754,0.26400855652699
755,0.2647441801586472
756,0.26447956828442565
757,0.26521472113971356
758,0.2649496389596639
759,0.2646848217293194
760,0.26541976943373785
761,0.2661539825577421
762,0.26688746183554546
763,0.26762020800062736
764,0.2673527215358591
765,0.26708550242387924
766,0.2678180506473436
767,0.2685498666886756
768,0.2682814510298163
769,0.2690128039023502
770,0.26974342578750526
771,0.2704733174159035
772,0.27120247951743687
773,0.27093141257139247
774,0.27166011680670343
775,0.27138859245207403
776,0.27111733948610495
777,0.27184585788741816
778,0.2715741478845322
779,0.27130270945586205
780,0.2710315423299691
781,0.27176014648556135
782,0.272488022401118
783,0.2732151708045152
784,0.2729420921730264
785,0.2736687867335731
786,0.2743947549627249
787,0.27511999758645034
788,0.2758445153299921
789,0.27656830891786816
790,0.2772913790738723
791,0.2780137265210748
792,0.27873535198182336
793,0.2784567559278685
794,0.27917793858061424
795,0.2788989001612433
796,0.27961964089071734
797,0.2793401609897771
798,0.28006046067894275
799,0.28078004042838905
800,0.28149890095769603
801,0.2822170429857243
802,0.2829344672306161
803,0.28365117440979587
804,0.28436716523997096
805,0.2850824404371324
806,0.2857970007165555
807,0.28551134654292576
808,0.28522597788071397
809,0.2859403946944264
810,0.28565459719847996
811,0.2863685856070772
812,0.2860823601342065
813,0.2867959209936426
814,0.28750876864882136
815,0.28822090381259063
816,0.2889323271970858
817,0.2896430395137304
818,0.2903530414732369
819,0.2910623337856074
820,0.29177091716013454
821,0.29247879230540175
822,0.2931859599292844
823,0.2928929204890752
824,0.2926001739418598
825,0.29330722024476646
826,0.2940135598547167
827,0.29371969322817526
828,0.2944256205712755
829,0.29513084233981995
830,0.29583535923903054
831,0.2955396717235492
832,0.29524427974781353
833,0.29594868326630647
834,0.2956528824834316
835,0.2953573773535131
836,0.29606166783092086
837,0.29576575411994543
838,0.2964696364246731
839,0.29717281519886135
840,0.29787529114568906
841,0.29857706496763237
842,0.2992781373664653
843,0.2989790087933854
844,0.29967967944926405
845,0.3003796497846471
846,0.301078920499505
847,0.3017774922931087
848,0.3024753658640301
849,0.302173041660268
850,0.3028705198794981
851,0.3035673009690738
852,0.3042633856257764
853,0.3039592742958156
854,0.30365546692520506
855,0.3033519632101374
856,0.3030487628471088
857,0.3037453657827938
858,0.3044412724636706
859,0.3041369833357709
860,0.3048324985948056
861,0.30452781843629007
862,0.30522294305554415
863,0.3059173728975676
864,0.3066111086567904
865,0.3063046507770735
866,0.30699799945195894
867,0.30669115487479554
868,0.30738411723873876
869,0.3080763869866261
870,0.30876796481072744
871,0.30945885140262075
872,0.3101490474531928
873,0.30983905340276485
874,0.30952936919146773
875,0.3092199945096172
876,0.30891092904783846
877,0.30960167274694106
878,0.3102917260475438
879,0.3099815893898251
880,0.3106712629636484
881,0.31136024720856226
882,0.31104904256367616
883,0.3117376492177854
884,0.31242556760937185
885,0.313112798426354
886,0.3137993423559628
887,0.31448520008474246
888,0.3151703722985508
889,0.3158548596825603
890,0.3165386629212584
891,0.3162222824485735
892,0.3169057184481251
893,0.3165889711033494
894,0.3162725403476239
895,0.3169559261143929
896,0.3166391285870422
897,0.3173221479487743
898,0.31800448463248365
899,0.31868613932050716
900,0.31936711269449963
901,0.3190479051855596
902,0.3187290167246045
903,0.3194099472426209
904,0.3190906969205393
905,0.3197712659391095
906,0.32045115472877556
907,0.32113036396942646
908,0.32080939409039655
909,0.321488245270716
910,0.3221664179391111
911,0.32184441252387963
912,0.32252222920301615
913,0.32319936840421254
914,0.32387583080460813
915,0.3245516170806655
916,0.32422722765829604
917,0.32390316246323525
918,0.3235794211714179
919,0.3242555037089777
920,0.3249309105018723
921,0.32460614197563353
922,0.32528119830549296
923,0.32495607966650697
924,0.32563078623355696
925,0.3253053181813495
926,0.32498017543454155
927,0.32565485791786536
928,0.3253293658060034
929,0.3260036992734637
930,0.3266773587444547
931,0.3263508446427611
932,0.3270241571418688
933,0.3276967966649654
934,0.3273692636348155
935,0.32804155822388614
936,0.327713680604472
937,0.3283856309486954
938,0.32905690967838186
939,0.32972751746481027
940,0.3303974549785886
941,0.33106672288965444
942,0.3307358216174009
943,0.33140475133092673
944,0.33207301244903675
945,0.33274060563999225
946,0.33340753157138653
947,0.3340737909101458
948,0.3347393843225294
949,0.3354043124741311
950,0.3360685760298791
951,0.3357326754041621
952,0.33639661076107946
953,0.3370598825144417
954,0.3377224913275207
955,0.33838443786292544
956,0.33904572278260264
957,0.3397063467478374
958,0.34036631041925386
959,0.34102561445681584
960,0.3416842595198275
961,0.34134274601705905
962,0.34200107410699704
963,0.3426587441978446
964,0.34231625669739696
965,0.3419741115132916
966,0.34163230830338326
967,0.3422903469757437
968,0.34294772793828665
969,0.3436044518483933
970,0.3442605193627877
971,0.3449159311375375
972,0.34557068782805467
973,0.34622479008909607
974,0.34687823857476413
975,0.3475310339385075
976,0.34818317683312167
977,0.3478351676608747
978,0.3474875063238823
979,0.34714019247448313
980,0.3467932257653632
981,0.3474461060994308
982,0.34809833387944134
983,0.34775040950774777
984,0.3474028328865506
985,0.3470556036682732
986,0.34770822175556126
987,0.34836018755090803
988,0.3480120014564044
989,0.34866366362386425
990,0.3493146744548249
991,0.34896553435042227
992,0.3496162434615163
993,0.3502663021886912
994,0.3499162109321308
995,0.3505659698417439
996,0.35021557906728934
997,0.3508650387583765
998,0.35051434906446505
999,0.3501640098849903
1000,0.349814020869613
1001,0.3504638819182191
1002,0.3511130934305447
1003,0.35076215580592646
1004,0.3514110691934268
1005,0.35205933399183414
1006,0.35170745059953845
1007,0.35235541916465635
1008,0.3530027400850315
1009,0.353649414007985
1010,0.35329594133031583
1011,0.3539423221985514
1012,0.35458805700894763
1013,0.35423364615736447
1014,0.3548790897893911
1015,0.35452438805047115
1016,0.35417004083602793
1017,0.35381604779171405
1018,0.3544619088134115
1019,0.3541076240469813
1020,0.3537536933882637
1021,0.35340011648332786
1022,0.3530468929785969
1023,0.35369352277072225
1024,0.3533400060063337
1025,0.35398634283191455
1026,0.3536325333938017
1027,0.3532790775883106
1028,0.3539254753118605
1029,0.3535717267108492
1030,0.354217831931528
1031,0.35386379112000227
1032,0.3545096044222312
1033,0.35515477223390307
1034,0.355799295200186
1035,0.3564431739656031
1036,0.35608690892415823
1037,0.3557309999697113
1038,0.35637494699622835
1039,0.3560187501476564
1040,0.3556629093179236
1041,0.3563069244010641
1042,0.3569502957909681
1043,0.3575930241310071
1044,0.3582351100639096
1045,0.3588765542317618
1046,0.3595173572760079
1047,0.35915801958757615
1048,0.35879904105725374
1049,0.3594399215759371
1050,0.36008016153438194
1051,0.3607197615728283
1052,0.36135872233087646
1053,0.3609975441976122
1054,0.3606367270619824
1055,0.36027627056316985
1056,0.35991617434071793
1057,0.3595564380345303
1058,0.36019656153474566
1059,0.3608360452313626
1060,0.361474889763865
1061,0.36111359552122246
1062,0.3607526623922657
1063,0.36039209001606154
1064,0.36103137828191256
1065,0.3616700275789821
1066,0.3613085382960446
1067,0.36194691057161077
1068,0.362584644793928
1069,0.3632217416007307
1070,0.3628587013792407
1071,0.36349552426641785
1072,0.3631322103990851
1073,0.3637687599139286
1074,0.36440467319737296
1075,0.36404045063545654
1076,0.3646760923639568
1077,0.3643115985185156
1078,0.364946969234639
1079,0.36558170489757286
1080,0.36521630589217796
1081,0.36585077235305535
1082,0.3664846046645465
1083,0.367117803460484
1084,0.3667508691241917
1085,0.36638430153886015
1086,0.36601810033792176
1087,0.3666517654050503
1088,0.36728479712378587
1089,0.36691769587728534
1090,0.36755046179844747
1091,0.3671830950200382
1092,0.36781559567469085
1093,0.36844746414478113
1094,0.3680792008123026
1095,0.3677113055591169
1096,0.36834327826720376
1097,0.36897461931841097
1098,0.3696053293440797
1099,0.3702354089749202
1100,0.3708648588410122
1101,0.37049417932193074
1102,0.37012387029712124
1103,0.3707534316461496
1104,0.3713823637484523
1105,0.3710111669830865
1106,0.37163984147885554
1107,0.37226788761430896
1108,0.371895805767618
1109,0.3725235960667008
1110,0.3721512586393478
1111,0.3717792933633464
1112,0.37240720011660644
1113,0.37203497902703464
1114,0.37166312997253487
1115,0.37129165258125796
1116,0.37092054648172645
1117,0.3715493115527092
1118,0.3721774481728464
1119,0.37180545672039983
1120,0.37143383707350286
1121,0.37106258886053584
1122,0.3716912119601255
1123,0.37231920675077007
1124,0.3719470736105894
1125,0.37257481266745035
1126,0.37320192429896715
1127,0.3738284091322515
1128,0.3744542677937885
1129,0.37507950090943687
1130,0.3757041091044299
1131,0.37532859275350094
1132,0.37495345173125855
1133,0.3755781859124367
1134,0.37620229567164465
1135,0.3768257816329923
1136,0.37644914417009073
1137,0.3770723834063025
1138,0.37769499971474196
1139,0.3773174934681505
1140,0.3779398647890219
1141,0.3785616140496026
1142,0.37918274187164197
1143,0.37880374862639293
1144,0.3794246344348623
1145,0.3790453994179359
1146,0.3786665434465037
1147,0.3792875663915846
1148,0.3799079686240768
1149,0.38052775076438256
1150,0.3801474131824092
1151,0.38076695599781907
1152,0.3813858795800301
1153,0.38100468429809103
1154,0.38162337027080656
1155,0.38124193761686276
1156,0.38086088620495184
1157,0.38048021565402235
1158,0.38009992558340366
1159,0.37972001561280555
1160,0.38033998561219307
1161,0.3799598357015362
1162,0.37958006575081
1163,0.38020017563011954
1164,0.38081966570944975
1165,0.38143853660829086
1166,0.3810572886956389
1167,0.3816759220902459
1168,0.3822939371606205
1169,0.38291133452477777
1170,0.38352811480011534
1171,0.3831447783535385
1172,0.38376132530171086
1173,0.3843772560110545
1174,0.3849925710975002
1175,0.38560727117636323
1176,0.3852218566124688
1177,0.38583632752040237
1178,0.38545068401463484
1179,0.38606492620952276
1180,0.38567905421930837
1181,0.38629306815811965
1182,0.38690646838984566
1183,0.3875192555278868
1184,0.3871319299351553
1185,0.38674499147445046
1186,0.3863584397588338
1187,0.3859722744017535
1188,0.3855864950170441
1189,0.3862006014688012
1190,0.3868140941210063
1191,0.38642747333727717
1192,0.386041238981118
1193,0.38665489091616934
1194,0.3872679295059583
1195,0.38788035536352355
1196,0.3874926688514161
1197,0.38710536983207433
1198,0.38771795816807425
1199,0.3883299342218793
1200,0.3889412986054656
1201,0.38955205193019776
1202,0.39016219480682923
1203,0.39077172784550307
1204,0.3913806516557524
1205,0.39098946659662626
1206,0.3915981727769395
1207,0.39220627055527335
1208,0.3918142602898508
1209,0.39142264183878644
1210,0.3920309150603369
1211,0.39263858031265036
1212,0.3932456382033923
1213,0.3938520893396208
1214,0.39345843407791203
1215,0.39406467252461075
1216,0.39367080478595545
1217,0.39327733071820337
1218,0.3938837501777554
1219,0.3944895635209061
1220,0.3940952711035938
1221,0.3937013727816512
1222,0.39430736841105485
1223,0.3949127583476755
1224,0.3955175431969032
1225,0.396121723563523
1226,0.39672530005171536
1227,0.397328273265057
1228,0.39693114355664616
1229,0.3965344107794781
1230,0.397137574786695
1231,0.3967406356814609
1232,0.3963440933169617
1233,0.3959479472966549
1234,0.39655169747426944
1235,0.39715484420343056
1236,0.3967578878374101
1237,0.3973608284792518
1238,0.39796316648177127
1239,0.39856490244730675
1240,0.39816653672771923
1241,0.39876806942464305
1242,0.39936900088948596
1243,0.3999693317231796
1244,0.39956956227617996
1245,0.4001696926487175
1246,0.39976972294092267
1247,0.39937015300295076
1248,0.3999704826851067
1249,0.4005702123375954
1250,0.4011693425601465
1251,0.4017678739518905
1252,0.4023658071113589
1253,0.40296314263648497
1254,0.40355988112460445
1255,0.4041560231724559
1256,0.40475156937618156
1257,0.4053465203313278
1258,0.40594087663284567
1259,0.40653463887509167
1260,0.40612830740195316
1261,0.40572238205722355
1262,0.40531686243497744
1263,0.40591124837957016
1264,0.4055055399853877
1265,0.40510023709684656
1266,0.40569483955851887
1267,0.40628884771488216
1268,0.4068822621599447
1269,0.4074750834871212
1270,0.408067312289233
1271,0.4086589491585091
1272,0.4092499946865865
1273,0.409840449464511
1274,0.41043031408273734
1275,0.41002008888125535
1276,0.4106097739498398
1277,0.4111988696280508
1278,0.4107878762551092
1279,0.4103772936701466
1280,0.4109666217124553
1281,0.4105558604713634
1282,0.4101455097862346
1283,0.41073506949659316
1284,0.41132403994187394
1285,0.41191242171104747
1286,0.41150071514262065
1287,0.4120889203248869
1288,0.41167703734605143
1289,0.4112655660443562
1290,0.4108545060083299
1291,0.4114433570767873
1292,0.41103211933857964
1293,0.4116207928824691
1294,0.4112093777971293
1295,0.4107983739212701
1296,0.4113872810937626
1297,0.410976099403514
1298,0.4105653286894675
1299,0.41115446879072737
1300,0.41174302004630886
1301,0.41233098304476334
1302,0.41291835837405394
1303,0.4125056463716811
1304,0.41309284712493277
1305,0.41367946097088487
1306,0.41426548849615136
1307,0.41385143003688485
1308,0.4144372856790269
1309,0.41402305550843316
1310,0.4146087396108735
1311,0.41519383832190715
1312,0.4157783522266329
1313,0.41536278165968976
1314,0.41594712670550715
1315,0.41653088769830526
1316,0.41611456497197014
1317,0.41669815861017906
1318,0.4162816686965257
1319,0.4168650953145202
1320,0.4174479387974642
1321,0.4170306994783263
1322,0.4176133774398672
1323,0.41819547301463994
1324,0.4177774865348652
1325,0.4173599178326814
1326,0.4169427664905198
1327,0.41652603209122896
1328,0.41710921446794935
1329,0.41669231370386345
1330,0.41627582963219545
1331,0.4158597618364611
1332,0.4154441099005926
1333,0.41502887340893785
1334,0.4156135521961353
1335,0.4151981463468638
1336,0.4157826559457175
1337,0.41536708107720605
1338,0.4149519215758795
1339,0.4155366772764533
1340,0.41512134826368324
1341,0.41570593462224026
1342,0.4162899366865858
1343,0.41687335504072215
1344,0.41745619026806774
1345,0.418038442951458
1346,0.4176206134232706
1347,0.4172032015158011
1348,0.41678620681163736
1349,0.41636962889378465
1350,0.4159534673456649
1351,0.4165372220009916
1352,0.4171203931933944
1353,0.4177029815060447
1354,0.4172854872716558
1355,0.4178679105727336
1356,0.41844975174157645
1357,0.41903101136002563
1358,0.41961169000934095
1359,0.4191922880203261
1360,0.41977280547357915
1361,0.42035274269949263
1362,0.4199326000281288
1363,0.42051237753934506
1364,0.421091575562794
1365,0.42167019467767375
1366,0.4222482354626036
1367,0.4218261982457494
1368,0.42140458285519894
1369,0.42098338886933667
1370,0.4215621161168436
1371,0.42114076467644695
1372,0.42171933462679534
1373,0.42229732629633376
1374,0.42287474026305405
1375,0.42245207685449526
1376,0.423029336147994
1377,0.42360601847068463
1378,0.42318262414937463
1379,0.4237591532606696
1380,0.42433510613097375
1381,0.42491048333624015
1382,0.4254852854518461
1383,0.4260595130525939
1384,0.4256336664628362
1385,0.4252082455068513
1386,0.4247832497592183
1387,0.42535817904481626
1388,0.42593253368844963
1389,0.42650631426447316
1390,0.4270795213466676
1391,0.42765215550824015
1392,0.42722471707195003
1393,0.4277972061103589
1394,0.4283691229458308
1395,0.42894046815028275
1396,0.42951124229506005
1397,0.429081945701062
1398,0.42965257843899196
1399,0.4302226408293578
1400,0.42979263319234695
1401,0.4293630553480767
1402,0.4289339068669692
1403,0.42950468756975085
1404,0.4300748977770774
1405,0.4306445380591593
1406,0.43121360898563693
1407,0.4317821111255813
1408,0.43235004504749475
1409,0.43291741131931133
1410,0.43348421050839747
1411,0.43305094293167745
1412,0.4326181084060086
1413,0.43218570649855637
1414,0.43175373677691864
1415,0.4323216990590007
1416,0.43188959341276484
1417,0.4324574199061054
1418,0.433024678856724
1419,0.4335913708318797
1420,0.4341574963982646
1421,0.4337235558721294
1422,0.43428954931953356
1423,0.4338554768064706
1424,0.4344213383988679
1425,0.4349866344124622
1426,0.43455186516267463
1427,0.43411753046486085
1428,0.4346831301345611
1429,0.4352481644872502
1430,0.43581263408796256
1431,0.436376539501168
1432,0.43693988129077205
1433,0.4375026600201166
1434,0.4370653760021055
1435,0.43662852904957966
1436,0.4371916189755671
1437,0.4367546458431577
1438,0.43631810946550337
1439,0.4358820094060676
1440,0.43644584547862525
1441,0.4360096177470124
1442,0.43557382602512634
1443,0.43613797012705025
1444,0.43570205011692825
1445,0.4362660660588404
1446,0.43583001801680255
1447,0.43639390605476674
1448,0.4369572304864961
1449,0.43652049162544015
1450,0.43708368953486
1451,0.43764632452782865
1452,0.43820839716698123
1453,0.43876990801439053
1454,0.43933085763156754
1455,0.439891246579462
1456,0.43945157516858796
1457,0.440011843459274
1458,0.44057155176166357
1459,0.441130700635465
1460,0.4406897903899523
1461,0.4412488210842152
1462,0.4418072930271595
1463,0.44236520677725727
1464,0.44292256289242243
1465,0.4434793619300112
1466,0.4430361041969477
1467,0.44359278974997424
1468,0.44414891889565145
1469,0.44470449219010855
1470,0.44426000993904396
1471,0.44481547219797546
1472,0.4443708790223653
1473,0.4439267302177452
1474,0.44348302533996636
1475,0.44303976394532374
1476,0.4425969455905558
1477,0.44215456983284407
1478,0.44171263622981277
1479,0.4422706445894032
1480,0.4418285949696237
1481,0.4423864874284246
1482,0.4429438222735736
1483,0.4435006000624056
1484,0.44405682135169855
1485,0.44461248669767384
1486,0.445167596655997
1487,0.4457221517817781
1488,0.44627615262957243
1489,0.44682959975338093
1490,0.4473824937066509
1491,0.44793483504227644
1492,0.448486624312599
1493,0.449037862069408
1494,0.44858904861406623
1495,0.4491401839977603
1496,0.44969076852150064
1497,0.45024080273587197
1498,0.4507902871909086
1499,0.4513392224360951
1500,0.45188760902036684
1501,0.4524354474921106
1502,0.452982738399165
1503,0.45352948228882095
1504,0.45407567970782264
1505,0.4536218309524925
1506,0.45416793606898176
1507,0.4547134953532706
1508,0.45425900910104344
1509,0.454804477357814
1510,0.4543499001690506
1511,0.45489527758017595
1512,0.4554401098864426
1513,0.454984897382808
1514,0.4545301398641845
1515,0.45507533712568954
1516,0.4556199894623955
1517,0.4561640974189548
1518,0.45670766153947556
1519,0.45725068236752203
1520,0.45779316044611523
1521,0.45733559606785823
1522,0.4578779892751867
1523,0.4584198403603689
1524,0.45796164961538105
1525,0.4575039168321573
1526,0.4580461418028398
1527,0.4575883245696536
1528,0.45813046517478134
1529,0.4576725636603638
1530,0.45821462006849933
1531,0.45875613469111953
1532,0.4592971080697391
1533,0.4588380404954565
1534,0.4583794317593291
1535,0.4589207816526231
1536,0.4584620902166885
1537,0.45800385724295867
1538,0.4575460822732006
1539,0.4580882650995142
1540,0.4576304057640824
1541,0.4581725043090459
1542,0.45771456077650313
1543,0.45725707495863555
1544,0.4577995466478323
1545,0.4573419758865651
1546,0.45688486246738813
1547,0.4574277061830629
1548,0.45697050707643316
1549,0.4575132651902998
1550,0.45805548081729597
1551,0.45759765424976245
1552,0.45714028527999756
1553,0.45668337345063226
1554,0.45722641855462964
1555,0.45676942063503484
1556,0.4573123797348499
1557,0.457854796146909
1558,0.4583966704136287
1559,0.4589380030768834
1560,0.45947879467800595
1561,0.46001904575778807
1562,0.4595592566066059
1563,0.46009942726467024
1564,0.46063905802202687
1565,0.4611781494183067
1566,0.4607172017427262
1567,0.46125621503433767
1568,0.4607951893321544
1569,0.4613341246751507
1570,0.4618725213521371
1571,0.4614108796516352
1572,0.46194919961200337
1573,0.46248698152143664
1574,0.462024725667842
1575,0.4625624320889636
1576,0.4630996010723829
1577,0.4636362331552691
1578,0.46317282862437925
1579,0.4637093875163089
1580,0.464245410117492
1581,0.46478089696395125
1582,0.4653158485911737
1583,0.4658502655341111
1584,0.4653846480773054
1585,0.4649194960052641
1586,0.46545430910271013
1587,0.4659885876543316
1588,0.46552283194453214
1589,0.4660570420075561
1590,0.4665907181274886
1591,0.46712386083800583
1592,0.4676564706722507
1593,0.4681885481628331
1594,0.4687200938418308
1595,0.4682516079909144
1596,0.4687830906415982
1597,0.46931404207523975
1598,0.46984446282279074
1599,0.470374353414672
1600,0.4709037143807743
1601,0.4704330460005836
1602,0.4709623483034316
1603,0.47049162131862055
1604,0.4710208650754235
1605,0.4715495798529593
1606,0.47207776617994285
1607,0.4726054245845606
1608,0.47213305534459604
1609,0.4726606584876799
1610,0.47218823404141536
1611,0.47271578203337794
1612,0.47324280274099073
1613,0.4737692966912746
1614,0.4742952644107236
1615,0.4748207064253056
1616,0.4753456232604627
1617,0.4758700154411119
1618,0.4763938834916455
1619,0.4769172279359317
1620,0.47644054904744004
1621,0.47696384684949156
1622,0.4764871213653841
1623,0.47701037261839224
1624,0.47653360063176714
1625,0.47605730517886186
1626,0.47658098603325577
1627,0.4771041434685049
1628,0.47762677800776676
1629,0.478148890173676
1630,0.47767098023846993
1631,0.4781930482242386
1632,0.47771509415304997
1633,0.4772376177970749
1634,0.477760118928712
1635,0.4782820978203375
1636,0.47880355499393035
1637,0.4793244909709479
1638,0.47884540602245124
1639,0.4783667999194803
1640,0.4788881724333039
1641,0.4784095235852946
1642,0.4779313531469285
1643,0.47745366064003497
1644,0.4769764455869215
1645,0.4774992077602479
1646,0.47802144743265146
1647,0.47854316512637196
1648,0.4790643613631272
1649,0.47958503666411356
1650,0.48010519155000647
1651,0.480624826540961
1652,0.4811439421566122
1653,0.48166253891607586
1654,0.48118111708807376
1655,0.4807001764413091
1656,0.48121921674471607
1657,0.4817377382672101
1658,0.4822557415273128
1659,0.48277322704302766
1660,0.48229069508196515
1661,0.4818086454117183
1662,0.48132707755023735
1663,0.4818454912658293
1664,0.482363386826783
1665,0.481881264501119
1666,0.4823991243067151
1667,0.4829164665113061
1668,0.48243379138235926
1669,0.4819515986873244
1670,0.4824693881938838
1671,0.482986660169702
1672,0.48250391488217603
1673,0.4820216520986856
1674,0.48153987133696774
1675,0.4820580723651167
1676,0.48257575545120857
1677,0.4830929211129265
1678,0.4836095698674363
1679,0.48312620198151185
1680,0.48364281747178517
1681,0.48315941635487186
1682,0.48267649839749566
1683,0.4831935633666136
1684,0.4837101115291657
1685,0.4842261434017003
1686,0.4847416595002493
1687,0.485256660340329
1688,0.48577114643694036
1689,0.4862851183045696
1690,0.48579907620731366
1691,0.48531351990925536
1692,0.4858279491747134
1693,0.485342364018117
1694,0.485856764453881
1695,0.4863706507462809
1696,0.48588452315932806
1697,0.4863983817068949
1698,0.48591222640284004
1699,0.4864260572610081
1700,0.48693937454510505
1701,0.48745217876844826
1702,0.4879644704438421
1703,0.48747674983370337
1704,0.4879890169503114
1705,0.48850077205580833
1706,0.48901201566194946
1707,0.48852324803010344
1708,0.4890344691715026
1709,0.4885456790973682
1710,0.48905687781891005
1711,0.489567565597202
1712,0.49007774294293194
1713,0.4895879101164023
1714,0.4900980671277802
1715,0.49060771423709776
1716,0.4901173517041271
1717,0.4906269795385058
1718,0.4911360979997367
1719,0.4906452073470633
1720,0.4901548073397199
1721,0.49066439773718146
1722,0.4901739785490383
1723,0.48968404953499634
1724,0.49019411045500133
1725,0.4907036615689893
1726,0.4912127033865116
1727,0.49172123641661003
1728,0.4922292611678178
1729,0.49173727789828475
1730,0.49224528661602757
1731,0.4927527875789301
1732,0.4932597812944934
1733,0.49376626826971126
1734,0.49427224901107086
1735,0.49477772402455306
1736,0.4942831935657579
1737,0.49478865764015495
1738,0.49529361650308334
1739,0.494798570409627
1740,0.4953035193647398
1741,0.49480846337337075
1742,0.4943139021905888
1743,0.49481933557170765
1744,0.4943247635221607
1745,0.49483018604737594
1746,0.49433560315277586
1747,0.49484101484377757
1748,0.49534592137566785
1749,0.49485082300347827
1750,0.49535571973211046
1751,0.4958601118163362
1752,0.4963639997605478
1753,0.4958678838187581
1754,0.49637176399485133
1755,0.49687514054258264
1756,0.49737801396532866
1757,0.497880384765963
1758,0.4983822534468566
1759,0.49788412026000317
1760,0.4983859852072695
1761,0.49788784829052063
1762,0.49838970951161954
1763,0.4978915688724275
1764,0.4983934263748039
1765,0.49889478227048123
1766,0.4993956370608156
1767,0.4988964909967868
1768,0.49939734407924874
1769,0.4988981963090546
1770,0.49839954743718146
1771,0.4989008972148554
1772,0.49940174589330133
1773,0.499902093973368
1774,0.49940244170552855
1775,0.4999027890901307
1776,0.5004026363773969
1777,0.49990248381729957
1778,0.49940283115981104
1779,0.49990317815515356
1780,0.49940352480367417
1781,0.4999038711057195
1782,0.5004037173115109
1783,0.5009030639208947
1784,0.5004024111833426
1785,0.5009017590982019
1786,0.5014006079146954
1787,0.5008994578817972
1788,0.5013983089983571
1789,0.5018966615131014
1790,0.5023945159243827
1791,0.5018923724801804
1792,0.5023902311783511
1793,0.5028875922666286
1794,0.502384955992499
1795,0.5028823223533261
1796,0.5023796913464762
1797,0.5018775627194433
1798,0.5013759359700986
1799,0.500874810596815
1800,0.5013736863483425
1801,0.5018720634734316
1802,0.5023699424704596
1803,0.5028673238373057
1804,0.5033642080713514
1805,0.5038605956694809
1806,0.5033569868782071
1807,0.502853881444046
1808,0.503350779113767
1809,0.502847679884268
1810,0.5023450835025747
1811,0.5028424897159653
1812,0.5023398985218465
1813,0.5028373099176268
1814,0.5033342241505927
1815,0.5038306417176586
1816,0.5043265631152422
1817,0.5048219888392649
1818,0.5043174191352776
1819,0.5038133537488355
1820,0.5033097921758731
1821,0.5038062341627039
1822,0.5033026797057696
1823,0.5027996285516408
1824,0.5022970801972664
1825,0.5017950341400977
1826,0.5022929901279637
1827,0.5027904484086954
1828,0.5032874094797511
1829,0.5037838738380922
1830,0.504279841980183
1831,0.5037758141521169
1832,0.5042717903498659
1833,0.5047672708192813
1834,0.5052622560558437
1835,0.5047572463046635
1836,0.5052522415607308
1837,0.505746742068916
1838,0.5062407483237197
1839,0.5067342608191482
1840,0.5072272800487142
1841,0.5067203062555621
1842,0.507213339432718
1843,0.50770587982309
1844,0.5071984276693438
1845,0.507690982964027
1846,0.5071835456996951
1847,0.5076761158689108
1848,0.5081681937141193
1849,0.5076602794775235
1850,0.5081523731512091
1851,0.5086439749771449
1852,0.5091350854469329
1853,0.5096257050516836
1854,0.5101158342820167
1855,0.5096059733781866
1856,0.5100961223303323
1857,0.5095862811286028
1858,0.5100764497631569
1859,0.5105661284740383
1860,0.5110553177509257
1861,0.5115440180830088
1862,0.5120322299589878
1863,0.5125199538670747
1864,0.5130071902949936
1865,0.5134939397299811
1866,0.5129807024089117
1867,0.512467978068673
1868,0.5129552664464154
1869,0.5134420677793026
1870,0.5129288823042608
1871,0.5124162097582295
1872,0.5129035498784112
1873,0.513390402902021
1874,0.513876769315912
1875,0.5133631493565758
1876,0.5138495430103923
1877,0.5143354505136303
1878,0.5138213721023223
1879,0.5143073077623899
1880,0.5147927577296438
1881,0.5152777224895343
1882,0.5147627022771509
1883,0.5152476970774736
1884,0.5147327068754972
1885,0.5152177316562313
1886,0.5157022716545759
1887,0.5161863273550711
1888,0.5166698992417726
1889,0.5171529877982526
1890,0.5176355935075997
1891,0.5181177168524197
1892,0.5185993583148361
1893,0.5180810181266153
1894,0.5185626962694173
1895,0.5190438929747953
1896,0.5185251084740709
1897,0.5180068424985845
1898,0.5184885947799452
1899,0.5189698655497804
1900,0.5184511550394858
1901,0.5189324632303509
1902,0.519413290353559
1903,0.5198936368899373
1904,0.5203735033198323
1905,0.5208528901231109
1906,0.5213317977791597
1907,0.5218102267668867
1908,0.5212886773148458
1909,0.5207676491516127
1910,0.5202471417561588
1911,0.5197271546079768
1912,0.5192076871870793
1913,0.5196882392238739
1914,0.5201683109487876
1915,0.5196484025920172
1916,0.5201285141336544
1917,0.5206081458036856
1918,0.5210872980817429
1919,0.5215659714469786
1920,0.522044166378066
1921,0.5225218833532004
1922,0.5219996226002237
1923,0.5224773840968752
1924,0.5229546680707913
1925,0.5234314749992562
1926,0.5239078053590771
1927,0.5233841593767092
1928,0.5238605370285067
1929,0.5233369382908469
1930,0.5238133631401314
1931,0.52428931180266
1932,0.5237652845045064
1933,0.5232417809717683
1934,0.5237183009308171
1935,0.5241943446080476
1936,0.5236704122296287
1937,0.523147003521753
1938,0.5226241179610116
1939,0.5231012552743939
1940,0.5235779156889122
1941,0.5240540996812272
1942,0.5235303074776477
1943,0.5240065390543817
1944,0.5244822946375357
1945,0.5249575747028655
1946,0.5254323797256513
1947,0.5259067101806981
1948,0.5263805665423366
1949,0.5268539492844232
1950,0.5273268588803408
1951,0.5267997955531241
1952,0.5272727592757096
1953,0.5277452502709363
1954,0.5272177687614201
1955,0.5276903147196795
1956,0.5281623883681357
1957,0.5286339901788621
1958,0.5281056203735859
1959,0.5275777786740621
1960,0.5270504645524489
1961,0.5265236774814319
1962,0.5269969171840991
1963,0.5264701836336902
1964,0.5269434768034716
1965,0.5274162969166116
1966,0.5278886444459303
1967,0.5283605198637754
1968,0.5288319236420225
1969,0.5293028562520754
1970,0.529773318164867
1971,0.529243809600984
1972,0.5297143305309181
1973,0.52918488092519
1974,0.5296554607543502
1975,0.5301255702388536
1976,0.5305952098488098
1977,0.5310643800538585
1978,0.53153308132317
1979,0.5320013141254457
1980,0.5314695786790434
1981,0.5309383747023527
1982,0.5304077016641695
1983,0.5298775590338205
1984,0.530347446531038
1985,0.5298173641257097
1986,0.5302873117877529
1987,0.5307567897369905
1988,0.5312257984429005
1989,0.5306948381246168
1990,0.5311639087511789
1991,0.5316325105415326
1992,0.5321006439642797
1993,0.5325683094875537
1994,0.5320360073291454
1995,0.5315042372068773
1996,0.5319724988388544
1997,0.5324402924432134
1998,0.5329076184877479
1999,0.5333744774397842
2000,0.5328413695163061
2001,0.5333082946842058
2002,0.5337747531602836
2003,0.5342407454109979
2004,0.5347062719023412
2005,0.5351713330998401
2006,0.5356359294685559
2007,0.5361000614730851
2008,0.5365637295775597
2009,0.536027433995773
2010,0.5364911746914294
2011,0.5369544518781446
2012,0.5374172660191959
2013,0.5368801173275226
2014,0.5373430057659758
2015,0.5368059312974441
2016,0.537268893884853
2017,0.536731893491165
2018,0.5371949300793797
2019,0.5366580036125337
2020,0.5361216138038255
2021,0.5365852603667403
2022,0.5360489432649245
2023,0.5355131622121859
2024,0.5359774169226185
2025,0.536441207610352
2026,0.5369045347391772
2027,0.5373673987724215
2028,0.5368302999230737
2029,0.5362937379041601
2030,0.5367572124289935
2031,0.5362207234610485
2032,0.5366842709638361
2033,0.5371473551507788
2034,0.537609976484961
2035,0.538072135429004
2036,0.5385338324450669
2037,0.5379955677449719
2038,0.5384573412904542
2039,0.5389186532931624
2040,0.5393795042144086
2041,0.5398398945150439
2042,0.5402998246554587
2043,0.5407592950955832
2044,0.541218306294888
2045,0.5416768587123844
2046,0.5411354525567498
2047,0.5415940877865781
2048,0.5410527643605046
2049,0.5405119819873307
2050,0.540971240376149
2051,0.5404305394862178
2052,0.5408898792768363
2053,0.5413487599572193
2054,0.5408076817363725
2055,0.5412666445732177
2056,0.5407256484267178
2057,0.5411846932558765
2058,0.5406437790197387
2059,0.5401034054275151
2060,0.540563072188707
2061,0.5400227792629811
2062,0.5404825266100446
2063,0.5399423141896448
2064,0.5404021419615692
2065,0.5408615101355206
2066,0.5413204191708675
2067,0.5407793692766437
2068,0.5412383604117995
2069,0.5416968927852011
2070,0.5421549668553808
2071,0.5426125830804129
2072,0.5430697419179138
2073,0.5425269435751673
2074,0.5419846877594999
2075,0.5424424741785309
2076,0.5428998030399216
2077,0.5423571745511261
2078,0.5428145886695157
2079,0.5422720453525047
2080,0.5427295445575497
2081,0.5421870862421498
2082,0.5416451701139717
2083,0.5411037956310992
2084,0.5415624625020327
2085,0.541021170685439
2086,0.5414799201400262
2087,0.541938211074419
2088,0.5423960439469083
2089,0.5418539189654521
2090,0.5423118360879254
2091,0.5427692955221204
2092,0.5422267974756215
2093,0.5416848416560557
2094,0.542142927771342
2095,0.5426005560294416
2096,0.5430577268879828
2097,0.5435144408041368
2098,0.5439706982346174
2099,0.5444264996356822
2100,0.5448818454631328
2101,0.545336736172315
2102,0.5457911722181198
2103,0.5462451540549832
2104,0.5456991818870122
2105,0.5451537554183595
2106,0.5456083743534736
2107,0.5460625388968485
2108,0.5465162495026488
2109,0.54597000637471
2110,0.5464238094667893
2111,0.5468771589825646
2112,0.5473300553753856
2113,0.5477824990981488
2114,0.547234990353423
2115,0.5466880288438244
2116,0.5461416140223913
2117,0.5465952455925838
2118,0.5470484237579085
2119,0.5475011489715438
2120,0.5469539214363398
2121,0.5474067411050692
2122,0.5478591081804264
2123,0.5483110231147788
2124,0.5487624863600413
2125,0.5492134983676774
2126,0.5496640595886992
2127,0.5501141704736681
2128,0.5495643312228198
2129,0.5490150415364402
2130,0.5494658011151144
2131,0.5489166099096021
2132,0.549367467870712
2133,0.549817875199177
2134,0.5502678323454048
2135,0.5507173397593524
2136,0.5511663978905275
2137,0.5516150071879882
2138,0.552063168100344
2139,0.5525108810757559
2140,0.552958146561937
2141,0.5534049650061529
2142,0.5538513368552221
2143,0.5542972625555168
2144,0.5547427425529625
2145,0.5551877772930395
2146,0.5546328669709075
2147,0.5540785112817812
2148,0.5535247096713046
2149,0.5539709618355512
2150,0.5544167679706481
2151,0.5538626282725265
2152,0.5533090424371717
2153,0.5527560099109976
2154,0.5532030303908467
2155,0.5526501038237395
2156,0.5530972301567492
2157,0.5535439095868774
2158,0.5529906423109285
2159,0.5534374282756352
2160,0.5538837676776586
2161,0.554329660963338
2162,0.554775108578567
2163,0.5552201109687933
2164,0.5556646685790194
2165,0.556108781853803
2166,0.5565524512372574
2167,0.5569956771730522
2168,0.5574384601044134
2169,0.5578808004741241
2170,0.5583226987245248
2171,0.5577646550476387
2172,0.5572071691355471
2173,0.557649740680639
2174,0.5570923696254859
2175,0.5575350559127168
2176,0.557977299734893
2177,0.5584191015342583
2178,0.5578609615027399
2179,0.5583028795821974
2180,0.5587443559644241
2181,0.5591853910908964
2182,0.5596259854026496
2183,0.5600661393402782
2184,0.5605058533439361
2185,0.5609451278533375
2186,0.561383963307757
2187,0.56182236014603
2188,0.5622603188065537
2189,0.5616983394774118
2190,0.5621364220966247
2191,0.5615745666022753
2192,0.562012772932508
2193,0.562450541275404
2194,0.5628878720687319
2195,0.5633247657498226
2196,0.56376122275557
2197,0.564197243522431
2198,0.5646328284864265
2199,0.5650679780831417
2200,0.5645031924978512
2201,0.5649384716657694
2202,0.5653733157720505
2203,0.5658077252515388
2204,0.5662417005386436
2205,0.5666752420673407
2206,0.5661088500212963
2207,0.5655430240842435
2208,0.5659772639402313
2209,0.5664110697733745
2210,0.565844941767604
2211,0.5662788798567918
2212,0.565712883974876
2213,0.5661469540558606
2214,0.5655810900338157
2215,0.5660152918428774
2216,0.5664490596671223
2217,0.5668823939403186
2218,0.5673152950958005
2219,0.5667482633165943
2220,0.5661817982857932
2221,0.5666153996868069
2222,0.5660490674532368
2223,0.5664828015187507
2224,0.5669161020669579
2225,0.5673489695311588
2226,0.5677814043442211
2227,0.5682134069385797
2228,0.5686449777462372
2229,0.5690761171987647
2230,0.5695068257273017
2231,0.5689376035126817
2232,0.5693684504856825
2233,0.5697988668270262
2234,0.5702288529671291
2235,0.5706584093359776
2236,0.570088036113253
2237,0.570517733228582
2238,0.5699475006116619
2239,0.5703773381922599
2240,0.5698072459002137
2241,0.5702372236654308
2242,0.5706667716677642
2243,0.571095890336762
2244,0.5705250798516678
2245,0.5699548398917961
2246,0.5703846701367817
2247,0.5708140707663302
2248,0.5712430422098421
2249,0.571671584896289
2250,0.5720996992542138
2251,0.5725273857117308
2252,0.5729546446965267
2253,0.5733814766358605
2254,0.5728083817066892
2255,0.5732353598359179
2256,0.5736619112003998
2257,0.5730885359768112
2258,0.5725157338419018
2259,0.5719435042228694
2260,0.5723713467973593
2261,0.5727987617430891
2262,0.5722262492375988
2263,0.5726538092083758
2264,0.5730809418328552
2265,0.5735076475381696
2266,0.5739339267510251
2267,0.5743597798977007
2268,0.5747852074040498
2269,0.5752102096955001
2270,0.5756347871970537
2271,0.5760589403332885
2272,0.5764826695283577
2273,0.5769059752059905
2274,0.5773288577894927
2275,0.5777513177017471
2276,0.5781733553652136
2277,0.57859497120193
2278,0.5790161656335123
2279,0.579436939081155
2280,0.5798572919656316
2281,0.5802772247072951
2282,0.5806967377260784
2283,0.5811158314414947
2284,0.5805350060227625
2285,0.5809542613890566
2286,0.5813730977095073
2287,0.580792015153076
2288,0.5812110136386801
2289,0.5816295933351932
2290,0.582047754661195
2291,0.5814659977849719
2292,0.581884322624767
2293,0.5823022293487802
2294,0.5817202181250433
2295,0.582138288871545
2296,0.582555941756231
2297,0.5829731771967546
2298,0.583389995610351
2299,0.5828068971639638
2300,0.5832238817744946
2301,0.5836404496088029
2302,0.5840566010834568
2303,0.5844723366146077
2304,0.5848876566179915
2305,0.584303061259053
2306,0.5847185504531969
2307,0.5841341241159124
2308,0.5835502819128979
2309,0.5839665235101864
2310,0.5833828488240194
2311,0.583799257770722
2312,0.5832157502667032
2313,0.5836323262284556
2314,0.5840484858224302
2315,0.5844642294647866
2316,0.5848795575712685
2317,0.5852944705572043
2318,0.5857089688375069
2319,0.5861230528266748
2320,0.586536722938792
2321,0.5869499795875288
2322,0.5863633229362669
2323,0.5867767528983496
2324,0.5871897696370819
2325,0.5876023735654806
2326,0.5880145650961498
2327,0.587426844391406
2328,0.5868397111136535
2329,0.5872526649256339
2330,0.586665705740301
2331,0.5870788334706954
2332,0.5864920480299451
2333,0.5859058490813894
2334,0.5853202360388293
2335,0.5857347085665267
2336,0.586148766828829
2337,0.5865624112397947
2338,0.5859761419631933
2339,0.5863899589127552
2340,0.5868033622521728
2341,0.5872163523948493
2342,0.5876289297537749
2343,0.5880410947415272
2344,0.5874533475203962
2345,0.5868661877527597
2346,0.5872791151013326
2347,0.5876916297289174
2348,0.5871042317981539
2349,0.5865174209717688
2350,0.5869306969128265
2351,0.5873435597844778
2352,0.5877560099995858
2353,0.5871685477207256
2354,0.5865816726105599
2355,0.5869948843320886
2356,0.5874076830483983
2357,0.5868205689224129
2358,0.5872335418670181
2359,0.5876461020450621
2360,0.5880582498691049
2361,0.5874704855014197
2362,0.5868833086043668
2363,0.5872962188406443
2364,0.5877087163730375
2365,0.5881208016140439
2366,0.588532474975749
2367,0.5889437368698263
2368,0.5883550874576625
2369,0.5887665266506084
2370,0.589177554609978
2371,0.5895881717467996
2372,0.5899983784716903
2373,0.5904081751948571
2374,0.5898180620762216
2375,0.5902280390256706
2376,0.5906376062030562
2377,0.5910467640179456
2378,0.5914555128794969
2379,0.5908643529465839
2380,0.5902737838781715
2381,0.5906833053335656
2382,0.5910924174721628
2383,0.5905016204532001
2384,0.5899114139360055
2385,0.5903212975802474
2386,0.5907307715456844
2387,0.5901403359919156
2388,0.5895504905786304
2389,0.5899607349658581
2390,0.5903705693137183
2391,0.5897804937821705
2392,0.5901905082811388
2393,0.5896006127206379
2394,0.5900108070107722
2395,0.5904205913116111
2396,0.5898304657830638
2397,0.5902404303350047
2398,0.5906499851272736
2399,0.5910591305694253
2400,0.5904683668207302
2401,0.5908776937904247
2402,0.5912866116377106
2403,0.5906956205216309
2404,0.5911047203511945
2405,0.5915134112853763
2406,0.5919216937328672
2407,0.5913300678520748
2408,0.5917385335513731
2409,0.5911470907392278
2410,0.591555739324196
2411,0.5919639794648015
2412,0.5913723113194094
2413,0.5917807347963515
2414,0.5921887500539263
2415,0.5915968572502742
2416,0.5910055560436273
2417,0.5914143460925592
2418,0.5918227275557351
2419,0.5922307008415364
2420,0.5926382663579367
2421,0.5930454245125015
2422,0.592452675462514
2423,0.5918605188653501
2424,0.592268454378728
2425,0.5926759821604584
2426,0.5930831026180691
2427,0.5934898161586807
2428,0.5938961231890069
2429,0.5943020241153547
2430,0.5937080190937502
2431,0.5941141080301882
2432,0.5945197910806328
2433,0.5939255684008921
2434,0.5943314398967432
2435,0.5937374054740578
2436,0.5941434650388014
2437,0.5945491187469086
2438,0.5949543670040331
2439,0.5953592102154234
2440,0.5957636487859227
2441,0.5961676831199697
2442,0.5965713136215989
2443,0.5969745406944409
2444,0.5973773647417228
2445,0.5977797861662688
2446,0.5971823051206254
2447,0.5975849215073115
2448,0.5969876352289434
2449,0.5973904461882348
2450,0.5977928545378717
2451,0.5981948606802626
2452,0.5985964650174138
2453,0.5989976679509297
2454,0.5993984698820132
2455,0.5987993709615914
2456,0.5992003710905653
2457,0.5986014701699351
2458,0.5990026681007998
2459,0.5994034650342324
2460,0.5988043611211546
2461,0.5992053562624629
2462,0.5996059506090271
2463,0.6000061445614419
2464,0.6004059385199012
2465,0.5998058326343241
2466,0.6002058268046047
2467,0.599605920930737
2468,0.6000061149128152
2469,0.5994064086510332
2470,0.5998068020456848
2471,0.6002067952470385
2472,0.6006063886550874
2473,0.6010055826694252
2474,0.6014043776892458
2475,0.6018027741133445
2476,0.6022007723401177
2477,0.6025983727675639
2478,0.6029955757932834
2479,0.6033923818144795
2480,0.6037887912279583
2481,0.6031853041802542
2482,0.6035819205678801
2483,0.6029786402874524
2484,0.6033754632356908
2485,0.6037718895592933
2486,0.6031684194048113
2487,0.6035650526687745
2488,0.6039612894976912
2489,0.6043571302877985
2490,0.6047525754349371
2491,0.6051476253345524
2492,0.6055422803816942
2493,0.6049370407211428
2494,0.6053319062476584
2495,0.6047268768561066
2496,0.6051219524414578
2497,0.6055166331486628
2498,0.6059109193724023
2499,0.6053053112570875
2500,0.6056998086971104
2501,0.6050944115869683
2502,0.6054891198212642
2503,0.6048839332947062
2504,0.6052788519021078
2505,0.6056733757882626
2506,0.6050680050978196
2507,0.605462739725408
2508,0.6058570798156374
2509,0.6062510257628482
2510,0.6066445779609863
2511,0.607037736803604
2512,0.6064310024339852
2513,0.6068243747453955
2514,0.6072173538810823
2515,0.6076099402340248
2516,0.6080021341968094
2517,0.6083939361616302
2518,0.6087853465202893
2519,0.609176365664197
2520,0.6095669939843726
2521,0.6099572318714447
2522,0.6103470797156512
2523,0.6097370376569649
2524,0.6101271055853437
2525,0.6105167836407306
2526,0.6109060722128038
2527,0.610295471440977
2528,0.6106849812146491
2529,0.6100746014233301
2530,0.6104643319566402
2531,0.6108536729541848
2532,0.61024312455543
2533,0.6106326866498273
2534,0.6100223591269389
2535,0.6104121418764372
2536,0.61080153503798
2537,0.6101910387510854
2538,0.6105806529052572
2539,0.6109698776399846
2540,0.6113587133444923
2541,0.6117471604076162
2542,0.6111357189679285
2543,0.6115243889139875
2544,0.6119126703843384
2545,0.6123005637672626
2546,0.6116885692007786
2547,0.6120766865728918
2548,0.6124644160215946
2549,0.6118522576847415
2550,0.612240211450174
2551,0.6126277774557211
2552,0.6130149560889487
2553,0.6134017477370357
2554,0.6137881527867738
2555,0.6141741716245681
2556,0.6145598046364376
2557,0.6149450522080153
2558,0.615329914724549
2559,0.6157143925709013
2560,0.61609848613155
2561,0.6164821957905889
2562,0.6168655219317277
2563,0.6162489646884176
2564,0.6156330236942263
2565,0.6160171985830877
2566,0.6154014892391766
2567,0.6147863952969086
2568,0.6151714163910647
2569,0.6155560526565409
2570,0.6159403044779737
2571,0.6153246719897398
2572,0.6147096548263318
2573,0.6150947526226073
2574,0.6154794655135392
2575,0.6148642936339654
2576,0.6152492368687141
2577,0.6156337953526034
2578,0.616017969470192
2579,0.6164017596056541
2580,0.6167851661427799
2581,0.617168189464976
2582,0.6175508299552659
2583,0.616933587746415
2584,0.6173164627211812
2585,0.6176989550123145
2586,0.6170815647524321
2587,0.6174642918241439
2588,0.6168471361101767
2589,0.617230097493375
2590,0.617612676106575
2591,0.6179948723323555
2592,0.6183766865529129
2593,0.6187581191500614
2594,0.6191391705052337
2595,0.6195198409994813
2596,0.6199001310134749
2597,0.6192805406776293
2598,0.6196610698723543
2599,0.6200412187280541
2600,0.6194214873750026
2601,0.6198018756934683
2602,0.6201818838137148
2603,0.6205615121157501
2604,0.6199412607293275
2605,0.6203211295341958
2606,0.6207006186600986
2607,0.6210797284865253
2608,0.6214584593925857
2609,0.6218368117570109
2610,0.6212152857082782
2611,0.6205943808749866
2612,0.6209735968861061
2613,0.6213524338707277
2614,0.6217308922076885
2615,0.6221089722754469
2616,0.6224866744520832
2617,0.6218644988654244
2618,0.622242445393295
2619,0.6226200141635165
2620,0.6229972055536579
2621,0.6233740199409106
2622,0.623750457702089
2623,0.6241265192136312
2624,0.6245022048515986
2625,0.6238780147418019
2626,0.624253948760051
2627,0.6246295070321549
2628,0.6240051896837969
2629,0.6243809965906597
2630,0.6247564278784251
2631,0.6251314839225246
2632,0.6255061650980144
2633,0.6258804717795756
2634,0.62525490409164
2635,0.6256294619086399
2636,0.6260036453550081
2637,0.6253779545550531
2638,0.625752389383084
2639,0.6261264499634107
2640,0.626500136670094
2641,0.6268734498768205
2642,0.6272463899569036
2643,0.6276189572832835
2644,0.6279911522285276
2645,0.6273634749149559
2646,0.627735925214891
2647,0.6281080032506582
2648,0.6284797093943357
2649,0.6288510440176297
2650,0.6282225072419999
2651,0.6285940989389095
2652,0.6289653192298251
2653,0.6283366682360921
2654,0.6277086455791845
2655,0.6280807508809544
2656,0.6284524842633822
2657,0.6278243458483264
2658,0.6271968352577734
2659,0.6275694521140874
2660,0.6279416965397605
2661,0.6283135689070372
2662,0.6276855693379146
2663,0.6280576977043935
2664,0.6284294541284771
2665,0.6288008389819219
2666,0.6291718526361129
2667,0.6295424954620638
2668,0.6299127678304175
2669,0.6302826701114466
2670,0.6306522026750533
2671,0.6310213658907704
2672,0.6303906598778861
2673,0.6297605842558193
2674,0.6301306386443691
2675,0.6305003231634652
2676,0.6308696381827921
2677,0.6312385840716649
2678,0.6316071611990295
2679,0.6309758696835882
2680,0.6313447093940494
2681,0.6317131804491278
2682,0.6320812832172946
2683,0.6314495178167776
2684,0.6318178841158113
2685,0.631186381982762
2686,0.6305555110362525
2687,0.6309247708952868
2688,0.6302941614291245
2689,0.6306636825071564
2690,0.6300333339989034
2691,0.6304031157740169
2692,0.6307725279521538
2693,0.6301420706528513
2694,0.6305117437456521
2695,0.6308810473501042
2696,0.6312499818355114
2697,0.6316185475708083
2698,0.6319867449245605
2699,0.6323545742649658
2700,0.6327220359598533
2701,0.633089130376685
2702,0.6334558578825554
2703,0.6338222188441921
2704,0.634188213627956
2705,0.634553842599842
2706,0.6349191061254794
2707,0.6352840045701316
2708,0.6356485382986972
2709,0.6360127076757099
2710,0.6363765130653394
2711,0.635740454581516
2712,0.635105031838306
2713,0.6354697444501618
2714,0.6358340925316709
2715,0.6351985761973065
2716,0.635563195311552
2717,0.6359274499889018
2718,0.6352918403437355
2719,0.6356563662404434
2720,0.6360205277934264
2721,0.6363843253668463
2722,0.6367477593245007
2723,0.6361113297799484
2724,0.6364750365967601
2725,0.6368383798885174
2726,0.6372013600185639
2727,0.6375639773498797
2728,0.6379262322450822
2729,0.6372886248165514
2730,0.6376511549266798
2731,0.6380133226878725
2732,0.6383751284622974
2733,0.6377370723618853
2734,0.63809915424858
2735,0.6384608742343385
2736,0.6388222326808809
2737,0.6391832299495657
2738,0.6395438664013902
2739,0.639904142396991
2740,0.6392645580467692
2741,0.6396251132111402
2742,0.6389858077506594
2743,0.639346641526021
2744,0.6397071146479341
2745,0.6400672274768716
2746,0.6404269803729467
2747,0.6407863736959122
2748,0.6411454078051616
2749,0.6405045828098541
2750,0.6408638985691646
2751,0.6412228551922838
2752,0.6405819527882936
2753,0.6409411912162912
2754,0.6403005703355154
2755,0.640660090005345
2756,0.6400197500852997
2757,0.6403795504350395
2758,0.6407389911642398
2759,0.6410980726323415
2760,0.6414567951984261
2761,0.6418151592212163
2762,0.6421731650590762
2763,0.6425308130700116
2764,0.6418886033617957
2765,0.6422465357922187
2766,0.642604110469088
2767,0.6429613277499785
2768,0.6423186877422324
2769,0.6426761903032098
2770,0.6420338352904129
2771,0.642391622561487
2772,0.6417495519742191
2773,0.6421076233865387
2774,0.6424653369063922
2775,0.6428226928914932
2776,0.6431796916991979
2777,0.643536333686505
2778,0.6428931189601816
2779,0.6432500473770131
2780,0.6436066190438027
2781,0.6439628343171222
2782,0.643319193303312
2783,0.643675695858731
2784,0.6440318420897567
2785,0.6443876323525356
2786,0.6447430670028579
2787,0.6450981463961584
2788,0.6444533706376415
2789,0.6448087395825314
2790,0.6451637533360721
2791,0.6455184122532774
2792,0.6448732164389314
2793,0.6452281657478379
2794,0.6445832600349466
2795,0.6439389989054763
2796,0.644294881965041
2797,0.6446504093193988
2798,0.645005581324077
2799,0.6453603983342479
2800,0.6457148607047284
2801,0.646068968789981
2802,0.6454232226942389
2803,0.645777622271756
2804,0.6451321673769316
2805,0.6454868578643109
2806,0.6458411938384595
2807,0.6461951756537134
2808,0.6455493034141795
2809,0.6459035769739854
2810,0.6462574964372797
2811,0.646611062157982
2812,0.6469642744896582
2813,0.6473171337855206
2814,0.6476696403984286
2815,0.6480217946808889
2816,0.6483735969850559
2817,0.648725047662732
2818,0.649076147065368
2819,0.6494268955440633
2820,0.6497772934495665
2821,0.6501273411322755
2822,0.6504770389422383
2823,0.6508263872291526
2824,0.6511753863423669
2825,0.6515240366308803
2826,0.6518723384433432
2827,0.6522202921280575
2828,0.652567898032977
2829,0.6529151565057076
2830,0.653262067893508
2831,0.6536086325432896
2832,0.6539548508016172
2833,0.654300723014709
2834,0.6546462495284374
2835,0.654991430688329
2836,0.655336266839565
2837,0.6556807583269818
2838,0.6560249054950708
2839,0.6563687086879793
2840,0.6567121682495105
2841,0.6560557842732492
2842,0.6563995566028111
2843,0.6567429853318438
2844,0.657086070803776
2845,0.6564293131118182
2846,0.6567727120992126
2847,0.6571157678592334
2848,0.6574584807349363
2849,0.6568013508191592
2850,0.6571443779547723
2851,0.6574870622346776
2852,0.6578294040015594
2853,0.6581714035977597
2854,0.6575135611154032
2855,0.6578558763966471
2856,0.658197849533682
2857,0.6585394808684809
2858,0.6578812704928003
2859,0.6582232182484297
2860,0.6585648242271919
2861,0.6589060887706929
2862,0.6582475119703224
2863,0.6585890936675035
2864,0.6589303339536929
2865,0.658271732920256
2866,0.6586132904085915
2867,0.6589545065101321
2868,0.659295381566094
2869,0.6596359159173523
2870,0.6599761099044413
2871,0.6603159638675553
2872,0.6606554781465482
2873,0.6599951528310595
2874,0.6593354875108886
2875,0.659675981776245
2876,0.6600161357174981
2877,0.6593564494249269
2878,0.6586974224889699
2879,0.6590385545004752
2880,0.6593793455504497
2881,0.6597197959796847
2882,0.6600599061286305
2883,0.6603996763373975
2884,0.6607391069457559
2885,0.6610781982931364
2886,0.6614169507186305
2887,0.6617553645609907
2888,0.6620934401586309
2889,0.6624311778496268
2890,0.6627685779717161
2891,0.662106140612424
2892,0.6614443653594381
2893,0.6617827518008579
2894,0.662120800024945
2895,0.6624585103697477
2896,0.6617963829231013
2897,0.6621344175228783
2898,0.6624721142569884
2899,0.6628094734631284
2900,0.6631464954786574
2901,0.6634831806405979
2902,0.6638195292856347
2903,0.6641555417501168
2904,0.6644912183700568
2905,0.6638270592312561
2906,0.6641630641695556
2907,0.6644987332708354
2908,0.6648340668707646
2909,0.6651690653046769
2910,0.6655037289075708
2911,0.66583805801411
2912,0.6661720529586236
2913,0.6665057140751067
2914,0.6658395414473455
2915,0.6661735349091672
2916,0.6665071945444404
2917,0.6658410204369497
2918,0.666175012420521
2919,0.6665086705790212
2920,0.6668419952461087
2921,0.667174986755108
2922,0.667507645439011
2923,0.6668404713806012
2924,0.6671734644127045
2925,0.667506124618189
2926,0.6678384523297151
2927,0.6681704478796104
2928,0.6685021115998707
2929,0.6688334438221597
2930,0.6691644448778097
2931,0.6694951150978219
2932,0.6688259545629915
2933,0.6681574628542829
2934,0.6674896393032042
2935,0.6678219834918067
2936,0.6681539955023096
2937,0.668485675666725
2938,0.6688170243167333
2939,0.669148041783683
2940,0.6694787283985919
2941,0.6698090844921465
2942,0.6701391103947031
2943,0.6704688064362876
2944,0.6707981729465962
2945,0.6711272102549953
2946,0.6714559186905226
2947,0.6717842985818864
2948,0.6711128500075917
2949,0.6714415727961898
2950,0.6717699670262786
2951,0.6710985327763772
2952,0.6714272698750515
2953,0.6717556784009135
2954,0.6710842584324969
2955,0.6704135095485063
2956,0.6707429313280681
2957,0.6700725236006038
2958,0.6704022861957056
2959,0.6707317191930112
2960,0.6710608229219537
2961,0.6703900974617618
2962,0.6707195426417101
2963,0.6710486585411186
2964,0.6713774454891035
2965,0.6707064035645767
2966,0.6710355325964962
2967,0.671364332663866
2968,0.6716928040954863
2969,0.6720209472198286
2970,0.6723487623650362
2971,0.6716767496090491
2972,0.6710054085299796
2973,0.6713342387063614
2974,0.6716627402168998
2975,0.6719909133900962
2976,0.672318758554124
2977,0.6726462760368286
2978,0.6729734661657273
2979,0.6733003292680104
2980,0.6736268656705412
2981,0.673953075699856
2982,0.674278959682165
2983,0.6746045179433522
2984,0.6739302505591009
2985,0.6732566571052687
2986,0.672583736908262
2987,0.6729109895450354
2988,0.6732379150927165
2989,0.673564513878231
2990,0.6738907862281778
2991,0.6742167324688293
2992,0.6745423529261318
2993,0.6738681476758309
2994,0.6741941165437212
2995,0.6745197596056465
2996,0.6748450771872501
2997,0.6741705693639745
2998,0.6734967357114368
2999,0.6738230758056782
3000,0.674149089722914
3001,0.674474777789158
3002,0.6738006400802233
3003,0.6731271761720972
3004,0.6734538856411905
3005,0.6737802685640878
3006,0.6731068250172971
3007,0.6734335548273748
3008,0.6737599580709256
3009,0.6740860350743529
3010,0.6734122859138588
3011,0.673738710415694
3012,0.674064808656158
3013,0.6743905809613493
3014,0.6747160276570401
3015,0.6750411490686772
3016,0.6753659455213822
3017,0.6756904173399515
3018,0.6760145648488571
3019,0.6753388881223715
3020,0.675663386984818
3021,0.6749880612606952
3022,0.6753129107746775
3023,0.6756374356014894
3024,0.6749621358157807
3025,0.6752870112422517
3026,0.6756115619556528
3027,0.6749362880306596
3028,0.6752611892919983
3029,0.6755857658144451
3030,0.6759100179225765
3031,0.6752344456907698
3032,0.6755590489434528
3033,0.6758833277551035
3034,0.6752077822001259
3035,0.6755324121029743
3036,0.6758567175381538
3037,0.6761806988299698
3038,0.6765043563024036
3039,0.6758281900292378
3040,0.676152199834306
3041,0.6764758857914931
3042,0.6767992482244851
3043,0.6771222874566446
3044,0.6774450038110108
3045,0.6777673976103001
3046,0.6780894691769065
3047,0.6784112188329016
3048,0.6787326469000351
3049,0.6780542534498601
3050,0.6783760383039832
3051,0.6786975015340642
3052,0.6790186434615664
3053,0.6793394644076318
3054,0.6796599646930814
3055,0.6799801446384157
3056,0.6803000045638146
3057,0.6806195447891381
3058,0.6809387656339265
3059,0.6812576674174009
3060,0.6815762504584629
3061,0.6818945150756959
3062,0.6822124615873644
3063,0.682530090311415
3064,0.6828474015654765
3065,0.6831643956668604
3066,0.6834810729325607
3067,0.6837974336792547
3068,0.6841134782233035
3069,0.6844292068807515
3070,0.6847446199673275
3071,0.6850597177984447
3072,0.6853745006892008
3073,0.684689468704504
3074,0.6850046216593221
3075,0.6853194596186831
3076,0.685633982897425
3077,0.6859481918100713
3078,0.6862620866708308
3079,0.6865756677935986
3080,0.6868889354919558
3081,0.6862023898292953
3082,0.6865160306190711
3083,0.6868293579247992
3084,0.6861428718099318
3085,0.6864565720879828
3086,0.6857704585726525
3087,0.6860845310778273
3088,0.6863982896674546
3089,0.6857122344054182
3090,0.6850268648557876
3091,0.6853416805830681
3092,0.6856561816519506
3093,0.6849708681270611
3094,0.685285739823086
3095,0.6856002968047721
3096,0.6849150391368013
3097,0.6852299666339159
3098,0.6855445793609185
3099,0.6858588776324218
3100,0.6861728617627242
3101,0.6864865320658099
3102,0.6858003886054742
3103,0.6861144311955737
3104,0.6864281599000259
3105,0.6867415750325596
3106,0.6870546769065901
3107,0.6873674658352191
3108,0.6876799421312358
3109,0.6879921061071167
3110,0.6873044578251506
3111,0.6876169970976892
3112,0.6869297237372717
3113,0.6872426375566247
3114,0.6875552386185372
3115,0.686868026985735
3116,0.6871810024710067
3117,0.6874936651372026
3118,0.6868065150471104
3119,0.686120051763705
3120,0.686433774850398
3121,0.6867471843707874
3122,0.6860607803884078
3123,0.6863745627168552
3124,0.6866880314197868
3125,0.6870011868106716
3126,0.6873140292026649
3127,0.6876265589086092
3128,0.6869392759911593
3129,0.6872521802630323
3130,0.6875647717870073
3131,0.687877050875676
3132,0.6881890178413175
3133,0.6885006729958989
3134,0.6888120166510754
3135,0.6891230491181908
3136,0.6894337707082775
3137,0.6897441817320573
3138,0.6900542824999413
3139,0.6893645730721553
3140,0.6896750532589897
3141,0.6899852231207998
3142,0.6902950829677555
3143,0.6906046331097168
3144,0.6909138738562338
3145,0.6912228055165475
3146,0.6905319281497143
3147,0.690841241564857
3148,0.690150745571289
3149,0.690460439978514
3150,0.6907698248461017
3151,0.6910789004834369
3152,0.6913876671995953
3153,0.6916961253033439
3154,0.6920042751031407
3155,0.6923121169071356
3156,0.6926196510231704
3157,0.6929268777587794
3158,0.6932337974211894
3159,0.6935404103173202
3160,0.6938467167537846
3161,0.6941527170368893
3162,0.6944584114726345
3163,0.6937643001168398
3164,0.6930708825255186
3165,0.6933776582551283
3166,0.6936841273623195
3167,0.6939902901535616
3168,0.6942961469350173
3169,0.6946016980125435
3170,0.6949069436916914
3171,0.6952118842777066
3172,0.69551652007553
3173,0.6958208513897973
3174,0.69612487852484
3175,0.6964286017846851
3176,0.6957325212231812
3177,0.6960366366442474
3178,0.6963404481018743
3179,0.6956444556499984
3180,0.6959486590926272
3181,0.6962525584838389
3182,0.6965561541275332
3183,0.6968594463273058
3184,0.697162435386449
3185,0.6964656213580767
3186,0.6967690040453749
3187,0.6970720835016014
3188,0.6963753597799607
3189,0.6966788326837289
3190,0.6969820022662538
3191,0.6972848688307054
3192,0.696587932430075
3193,0.6958916926175512
3194,0.6961956489467691
3195,0.6964993014715599
3196,0.6968026504955763
3197,0.6971056963221675
3198,0.6974084392543792
3199,0.6977108795949546
3200,0.6980130176463339
3201,0.6983148537106555
3202,0.6986163880897552
3203,0.6989176210851678
3204,0.6992185529981261
3205,0.6995191841295623
3206,0.6998195147801074
3207,0.7001195452500923
3208,0.6994197755896725
3209,0.6997202055990781
3210,0.7000203353286143
3211,0.7003201650784108
3212,0.7006196951482974
3213,0.6999194255879293
3214,0.6992198559471617
3215,0.6995204857763
3216,0.6998208151258489
3217,0.700120844296138
3218,0.7004205735871963
3219,0.7007200032987534
3220,0.7010191337302389
3221,0.7013179651807834
3222,0.7006169976993433
3223,0.6999167308350761
3224,0.7002166641375898
3225,0.7005162976566927
3226,0.7008156316920183
3227,0.7011146665429009
3228,0.7014134025083752
3229,0.7017118398871774
3230,0.702009978977745
3231,0.702307820078217
3232,0.7016058632365596
3233,0.701904108250816
3234,0.7022020551691059
3235,0.7024997042893767
3236,0.7027970559092773
3237,0.7030941103261596
3238,0.703390867837078
3239,0.7036873287387901
3240,0.7039834933277569
3241,0.704279361900143
3242,0.7035754345019419
3243,0.7038717109292263
3244,0.7031681909782725
3245,0.7034648744455606
3246,0.702761761127774
3247,0.7030588508217992
3248,0.703355643574601
3249,0.7036521396829722
3250,0.7039483394434091
3251,0.7042442431521113
3252,0.7045398511049827
3253,0.7048351635976314
3254,0.7041306806754949
3255,0.7034269018842151
3256,0.703723326769888
3257,0.7040194553788137
3258,0.7033157877572457
3259,0.7036123237015163
3260,0.7039085632580365
3261,0.703205006473171
3262,0.7025021528934876
3263,0.7018000018161328
3264,0.7010985525389553
3265,0.7013973046103806
3266,0.701695758079036
3267,0.7019939132433748
3268,0.7012922701516773
3269,0.7015908286023003
3270,0.7018890886436773
3271,0.7021870505740684
3272,0.7024847146914356
3273,0.7027820812934431
3274,0.7020796504275826
3275,0.702377421891423
3276,0.702674895732611
3277,0.7029720722486203
3278,0.7032689517366277
3279,0.7035655344935127
3280,0.703861820815858
3281,0.7041578109999501
3282,0.7044535053417792
3283,0.7037494038871648
3284,0.7030460061821301
3285,0.7023433115232774
3286,0.7026408194577869
3287,0.7029380300330414
3288,0.7032349435462518
3289,0.7035315602943315
3290,0.7038278805738973
3291,0.7041239046812697
3292,0.7044196329124729
3293,0.704715065563235
3294,0.705010202928989
3295,0.704305545054997
3296,0.7046010917366012
3297,0.7048963430192233
3298,0.7051912991981146
3299,0.7054859605682314
3300,0.7057803274242352
3301,0.7050748998106178
3302,0.7053696775219515
3303,0.7056641606028891
3304,0.7059583493479137
3305,0.7062522440512141
3306,0.7065458450066852
3307,0.7068391525079278
3308,0.7061326665983747
3309,0.7064263870715397
3310,0.7057203137211434
3311,0.7060144463411123
3312,0.7063082849754541
3313,0.7066018299180074
3314,0.7068950814623172
3315,0.7071880399016351
3316,0.7074807055289198
3317,0.7077730786368369
3318,0.7070656592678846
3319,0.7063589469647682
3320,0.7066524412706505
3321,0.7069456422289008
3322,0.70723855013272
3323,0.7075311652750161
3324,0.7068239876985294
3325,0.7071170171960821
3326,0.7064102535607037
3327,0.7067036965856306
3328,0.7069968463141807
3329,0.7072897030395039
3330,0.7075822670544569
3331,0.7078745386516039
3332,0.7081665181232165
3333,0.7084582057612743
3334,0.7087496018574649
3335,0.7090407067031846
3336,0.7083320203396632
3337,0.7076240423083393
3338,0.7079162721511095
3339,0.7072087096602039
3340,0.7075013546280597
3341,0.7077937070971971
3342,0.7070862671100935
3343,0.7063795342094338
3344,0.7066730079383599
3345,0.7069661883402205
3346,0.7062595754583213
3347,0.7065531690860491
3348,0.7068464692668727
3349,0.7071394762940921
3350,0.7074321904607147
3351,0.7077246120594546
3352,0.7080167413827335
3353,0.7073090784728058
3354,0.7076016231220084
3355,0.7078938753727609
3356,0.7081858355173158
3357,0.7084775038476334
3358,0.7087688806553819
3359,0.7080604659820632
3360,0.7083522596192625
3361,0.7086437616086485
3362,0.7089349722417233
3363,0.7092258918096976
3364,0.708517020353616
3365,0.7088083576646068
3366,0.7080999035340075
3367,0.7083916577533639
3368,0.708683120364305
3369,0.7089742916582937
3370,0.7092651719265013
3371,0.7095557614598081
3372,0.7098460605488038
3373,0.7101360694837875
3374,0.7094262883048932
3375,0.7097167168023396
3376,0.7090073547665552
3377,0.7082987017383028
3378,0.7085902572588042
3379,0.70888152136949
3380,0.7091724943616244
3381,0.7084636762763055
3382,0.7087550669047149
3383,0.7090461662881185
3384,0.7083374744677405
3385,0.7076294909850142
3386,0.7079217153818307
3387,0.7082136477002896
3388,0.7075057879824482
3389,0.7077981360204468
3390,0.7070906916066333
3391,0.7073834545335632
3392,0.7076759248438745
3393,0.7079681028300375
3394,0.7082599887842304
3395,0.7085515829983391
3396,0.7088428857639579
3397,0.7081343971225147
3398,0.7084261168655207
3399,0.7087175450345706
3400,0.7090086819210928
3401,0.708300027566349
3402,0.708591581761685
3403,0.7088828445485299
3404,0.7081743159682715
3405,0.7074664955625062
3406,0.7077588828732883
3407,0.7080509779428802
3408,0.708342781063377
3409,0.708634292526582
3410,0.7089255126240067
3411,0.7092164416468713
3412,0.7095070798861047
3413,0.7087979273824705
3414,0.7080894836769408
3415,0.7073817480610718
3416,0.7066747198271277
3417,0.7069678985179552
3418,0.7062612839267328
3419,0.7065548758468461
3420,0.7068481743217617
3421,0.7071411796447784
3422,0.7074338921089015
3423,0.7067268117569686
3424,0.7070199383818991
3425,0.7063132717768198
3426,0.7066068117350639
3427,0.7069000583000463
3428,0.7071930117650138
3429,0.7074856724229198
3430,0.7067785403165501
3431,0.7070716152387724
3432,0.7063648969826617
3433,0.7066583853414996
3434,0.7059520801087745
3435,0.706245981078181
3436,0.7055400880436201
3437,0.7048349005493236
3438,0.7051299181399789
3439,0.7054246408604787
3440,0.7057190690055457
3441,0.7050137026197331
3442,0.7053085414976743
3443,0.7046035854342083
3444,0.704898834224379
3445,0.7051937879133102
3446,0.7054884467959556
3447,0.7057828111669741
3448,0.7050773810708552
3449,0.7043726560522936
3450,0.7036686354065642
3451,0.7039648186795212
3452,0.7042607059172228
3453,0.7045562974155564
3454,0.7048515934701135
3455,0.7041470941263153
3456,0.7044427991796622
3457,0.7037387084258595
3458,0.7040348216608162
3459,0.7043306389305205
3460,0.7046261605307899
3461,0.7039218865072708
3462,0.7042178166556894
3463,0.7045134510218506
3464,0.7038092896515139
3465,0.7031058320906428
3466,0.7034025778856546
3467,0.7026995268332952
3468,0.7029966787305133
3469,0.7032935336243359
3470,0.7025905915617429
3471,0.7018883520899171
3472,0.7021863147564938
3473,0.702483979609311
3474,0.7027813469460333
3475,0.7030784170640283
3476,0.7033751902603661
3477,0.70367166683182
3478,0.7039678470748667
3479,0.7042637312856864
3480,0.7045593197601635
3481,0.7048546127938865
3482,0.7041501104322734
3483,0.7044458124708218
3484,0.7037417187052338
3485,0.7040378289314155
3486,0.7043336431953522
3487,0.7046291617928581
3488,0.7049243850194519
3489,0.7042198129204819
3490,0.7045154452913759
3491,0.7048107821776414
3492,0.7051058238746153
3493,0.7054005706773393
3494,0.7056950228805603
3495,0.7059891807787306
3496,0.7062830446660082
3497,0.7065766148362571
3498,0.7068698915830475
3499,0.7071628751996561
3500,0.7074555659790668
3501,0.7077479642139702
3502,0.7080400701967648
3503,0.7083318842195567
3504,0.7086234065741599
3505,0.7089146375520967
3506,0.7092055774445983
3507,0.7094962265426047
3508,0.7087870848868899
3509,0.7090781522683123
3510,0.7093689287278142
3511,0.7086599143062972
3512,0.7089511087947467
3513,0.7092420122342321
3514,0.7085331246657821
3515,0.708824445880509
3516,0.7081159756697338
3517,0.7084077138249865
3518,0.7086991603878801
3519,0.7089903156498611
3520,0.7092811799020852
3521,0.7085722531855414
3522,0.708863535291303
3523,0.7081550260106521
3524,0.7084467251350792
3525,0.7087381327061586
3526,0.7090292490152978
3527,0.7093200743536134
3528,0.7086111087620556
3529,0.7079028517817837
3530,0.7071953027045406
3531,0.7064884608227769
3532,0.7067818256795257
3533,0.707074897318027
3534,0.7073676760313523
3535,0.7076601621122804
3536,0.7079523558532976
3537,0.7082442575465977
3538,0.7085358674840824
3539,0.7078276857074866
3540,0.7081197120086284
3541,0.7084114464294095
3542,0.708702889261564
3543,0.7089940407965349
3544,0.709284901325474
3545,0.7095754711392416
3546,0.7098657505284077
3547,0.7101557397832519
3548,0.7104454391937634
3549,0.7107348490496417
3550,0.7110239696402967
3551,0.710313301004974
3552,0.710602842933005
3553,0.7108920954638066
3554,0.7111810588866314
3555,0.7114697334904428
3556,0.7117581195639157
3557,0.7110467171455609
3558,0.7113355260239761
3559,0.7106245459879701
3560,0.7109137768265629
3561,0.7112027185788602
3562,0.7114913715338038
3563,0.7117797359800468
3564,0.7120678122059538
3565,0.712355600499601
3566,0.7126431011487768
3567,0.7119308141911069
3568,0.7122187394143042
3569,0.711506876606294
3570,0.7117952255552132
3571,0.7110837860494109
3572,0.7113725578774475
3573,0.7116610410779698
3574,0.711949235939461
3575,0.7112376425002411
3576,0.7115262605487166
3577,0.7118145901233806
3578,0.7111031312626875
3579,0.7113918837551786
3580,0.7116803476394813
3581,0.7109690229541845
3582,0.7102584092380884
3583,0.7105480060304541
3584,0.7108373133707535
3585,0.711126331548294
3586,0.7114150608520937
3587,0.7107040013210072
3588,0.7109931527439747
3589,0.7112820151600227
3590,0.7105710886081386
3591,0.7108603728773958
3592,0.7101498677570786
3593,0.7104395730366817
3594,0.7097294885059104
3595,0.7100196139546802
3596,0.7103094494229913
3597,0.7105989952006795
3598,0.7108882515772905
3599,0.7101777185922058
3600,0.7104673960348923
3601,0.7107567839449024
3602,0.7110458826116242
3603,0.7103351920742812
3604,0.7106247121221829
3605,0.7109139427947244
3606,0.7102033841312614
3607,0.7094935356713601
3608,0.7097838969550468
3609,0.709074467772683
3610,0.7093652479148392
3611,0.7086562371722956
3612,0.7089474353360414
3613,0.7092383424471498
3614,0.7095289587965279
3615,0.7088197844249172
3616,0.7091108191231432
3617,0.7094015629321155
3618,0.7096920161425782
3619,0.7099821790449844
3620,0.7102720519294972
3621,0.7105616350859895
3622,0.7108509288040444
3623,0.7111399333729559
3624,0.7114286490817285
3625,0.7117170762190781
3626,0.7120052150734318
3627,0.7112935656830536
3628,0.7115821278362939
3629,0.7108709013217149
3630,0.71115988592809
3631,0.7114485816942788
3632,0.7117369889089772
3633,0.7120251078605924
3634,0.7123129388372434
3635,0.7126004821267614
3636,0.7128877380166897
3637,0.7131747067942842
3638,0.7134613887465138
3639,0.7137477841600605
3640,0.7140338933213197
3641,0.7133202162665259
3642,0.7126072525321265
3643,0.712894501655033
3644,0.7131814636723692
3645,0.7134681388710975
3646,0.713754527537893
3647,0.7140406299591445
3648,0.7143264464209544
3649,0.7146119772091394
3650,0.7148972226092302
3651,0.7141826826565972
3652,0.7144683571367005
3653,0.7147537460850897
3654,0.7150388497871536
3655,0.715323668527996
3656,0.7156082025924357
3657,0.715892452265007
3658,0.7151769175800844
3659,0.7144620980722582
3660,0.7147474932765838
3661,0.7150326032283314
3662,0.7153174282126109
3663,0.7156019685142475
3664,0.7158862244177815
3665,0.7151706959575939
3666,0.714455882668281
3667,0.7137417838350293
3668,0.714027898993615
3669,0.7143137281800281
3670,0.7145992716800981
3671,0.7148845297793683
3672,0.7151695027630971
3673,0.7154541909162574
3674,0.7157385945235375
3675,0.716022713869341
3676,0.7163065492377875
3677,0.7165901009127122
3678,0.715873868927792
3679,0.7161578530667947
3680,0.7154420531137045
3681,0.7157264688527213
3682,0.7160106003181359
3683,0.7162944477940798
3684,0.7165780115644006
3685,0.716861291912662
3686,0.7171442891221446
3687,0.7174270034758455
3688,0.7177094352564793
3689,0.7179915847464778
3690,0.7182734522279905
3691,0.7185550379828851
3692,0.7188363422927473
3693,0.7191173654388815
3694,0.7193981077023109
3695,0.7196785693637779
3696,0.7199587507037442
3697,0.7202386520023911
3698,0.7205182735396202
3699,0.7207976155950528
3700,0.7200771781981562
3701,0.7203569611284929
3702,0.7206364644157208
3703,0.7209156883393433
3704,0.7211946331785843
3705,0.7214732992123889
3706,0.720752186469548
3707,0.7210312947289487
3708,0.7213101240195744
3709,0.7215886746202544
3710,0.7218669468095396
3711,0.7221449408657019
3712,0.7224226570667357
3713,0.721700595440482
3714,0.7219787557648794
3715,0.7212571378180879
3716,0.7215357413784895
3717,0.720814566224688
3718,0.7210936121355079
3719,0.7213723791398703
3720,0.7216508675165421
3721,0.7209295772941368
3722,0.721208508251364
3723,0.7214871604170298
3724,0.7217655340697864
3725,0.7210441292381324
3726,0.721322945700663
3727,0.7216014834860697
3728,0.7208802426230151
3729,0.7211592228902585
3730,0.721437924316655
3731,0.7217163471809062
3732,0.7219944917614349
3733,0.722272358336386
3734,0.722549947183626
3735,0.7228272585807438
3736,0.723104292805051
3737,0.7223815498837066
3738,0.7226590295939678
3739,0.7219367317133142
3740,0.7222146560194478
3741,0.7214928022902929
3742,0.7217711703039957
3743,0.7220492600887993
3744,0.7213275716729185
3745,0.7216061048346647
3746,0.7218843596024461
3747,0.7211628360046426
3748,0.7204420335698554
3749,0.7197219515772818
3750,0.7190025893068398
3751,0.7192834462890418
3752,0.71956402255462
3753,0.7198443183841506
3754,0.7201243340579296
3755,0.7204040698559727
3756,0.7196840258081406
3757,0.7199642016943893
3758,0.7202440975447698
3759,0.7195242133893028
3760,0.7198045490081041
3761,0.7200846044313843
3762,0.7193648796893239
3763,0.7196453745621981
3764,0.7199255890803768
3765,0.7192060232741996
3766,0.7194866769241004
3767,0.719767050060608
3768,0.7200471429640957
3769,0.7203269559146563
3770,0.7206064891921029
3771,0.7198862428260938
3772,0.7201662165963826
3773,0.7194464102829429
3774,0.7197268236659684
3775,0.7190074565258725
3776,0.7182888083934129
3777,0.7185703787998163
3778,0.7188516677765282
3779,0.7181331753549625
3780,0.7174154010667516
3781,0.7176978444439962
3782,0.7179800055190146
3783,0.7172623843240931
3784,0.7175449806416102
3785,0.7178272945040374
3786,0.7181093261936885
3787,0.7183910759925953
3788,0.7176730439326328
3789,0.7169557295458935
3790,0.717238632364938
3791,0.7175212524225443
3792,0.7178035900013323
3793,0.7180856453836398
3794,0.7183674188515222
3795,0.7186489106867531
3796,0.7189301211708243
3797,0.7192110505849465
3798,0.719491699210049
3799,0.7187725670769055
3800,0.7180541537165088
3801,0.7183359586603204
3802,0.7186174819400203
3803,0.7188987238371317
3804,0.7191796846328967
3805,0.7194603646082761
3806,0.718741263794075
3807,0.7190223819711924
3808,0.7193032191706215
3809,0.7195837756731995
3810,0.7198640517594832
3811,0.7201440477097486
3812,0.7204237638039918
3813,0.7207032003219288
3814,0.7209823575429963
3815,0.7212612357463517
3816,0.720540334960998
3817,0.7208196549660345
3818,0.7210986957906561
3819,0.7213774577139038
3820,0.7216559410145396
3821,0.7219341459710468
3822,0.7222120728616305
3823,0.7224897219642176
3824,0.7227670935564572
3825,0.7230441879157211
3826,0.7223215050692287
3827,0.7215995445444219
3828,0.72087830561934
3829,0.721157287822619
3830,0.7214359911831162
3831,0.7217144159795349
3832,0.7219925624903
3833,0.722270430993558
3834,0.7215485215173026
3835,0.7218268338396242
3836,0.72210486798871
3837,0.7223826242425944
3838,0.7216606026291585
3839,0.7219388029263808
3840,0.7222167251623365
3841,0.7224943696149478
3842,0.7227717365618594
3843,0.7230488262804383
3844,0.7233256390477742
3845,0.72360217514068
3846,0.7238784348356918
3847,0.7231549181591944
3848,0.723431624887671
3849,0.7237080550477033
3850,0.7239842089157216
3851,0.7232605865180047
3852,0.7235371876309302
3853,0.7228140120310992
3854,0.7230910594953359
3855,0.7233678300505629
3856,0.7236443239735508
3857,0.7239205415407937
3858,0.724196483028509
3859,0.7234726484627634
3860,0.7237490376197221
3861,0.7240251505256494
3862,0.7243009874566583
3863,0.7245765486885857
3864,0.7248518344969929
3865,0.7251268451571657
3866,0.7254015809441151
3867,0.7256760421325767
3868,0.725950228997012
3869,0.7262241418116077
3870,0.7264977808502767
3871,0.7267711463866583
3872,0.7270442386941179
3873,0.7263175577958729
3874,0.7265911034652424
3875,0.7268643757256469
3876,0.7271373748503589
3877,0.7274101011123775
3878,0.7266830545345541
3879,0.7269562348898418
3880,0.7272291422012963
3881,0.7275017767418247
3882,0.7277741387840617
3883,0.7280462286003695
3884,0.7283180464628379
3885,0.7285895926432848
3886,0.7278613671633815
3887,0.7281333697949023
3888,0.728405100559725
3889,0.7286765597295803
3890,0.7289477475759276
3891,0.7292186643699546
3892,0.7284898101327033
3893,0.7287611846353192
3894,0.7290322878990521
3895,0.729303120195005
3896,0.7285741815441354
3897,0.7288454717175046
3898,0.7281169904864027
3899,0.7283887376223482
3900,0.7276607128970886
3901,0.7279329160825987
3902,0.7272053469510819
3903,0.7264785050250938
3904,0.7267518898276675
3905,0.7270250013820626
3906,0.7272978399613909
3907,0.7275704058384909
3908,0.7268431990360535
3909,0.7271162193268721
3910,0.7273889667338417
3911,0.7276614415297099
3912,0.7279336439869516
3913,0.7282055743777692
3914,0.7284772329740933
3915,0.7287486200475825
3916,0.7280202356197488
3917,0.7282920794622079
3918,0.7275641513468034
3919,0.7278364510456072
3920,0.7281084785807941
3921,0.7283802342243915
3922,0.7286517182481552
3923,0.7289229309235694
3924,0.7291938725218468
3925,0.7294645433139288
3926,0.7297349435704866
3927,0.7300050735619205
3928,0.7302749335583603
3929,0.7305445238296663
3930,0.7308138446454288
3931,0.7300833960250935
3932,0.7303531777382118
3933,0.7306226898044406
3934,0.7298924322434166
3935,0.7301624048248825
3936,0.7304321075686857
3937,0.7307015407445291
3938,0.7309707046218459
3939,0.7312395994698001
3940,0.7315082255572866
3941,0.7317765831529315
3942,0.7320446725250924
3943,0.7313129936919839
3944,0.731581546421927
3945,0.7308503304834743
3946,0.7311193456454098
3947,0.7313880919266238
3948,0.7316565695958626
3949,0.7309252786717287
3950,0.7311942189229315
3951,0.7314628903682858
3952,0.7317312932764635
3953,0.7319994279158673
3954,0.732267294554632
3955,0.7325348934606244
3956,0.7318027246515683
3957,0.7320707878952948
3958,0.7323385832097422
3959,0.732606110862706
3960,0.7328733711217138
3961,0.733140364254026
3962,0.7324075902767606
3963,0.7316755487072686
3964,0.7319437390633833
3965,0.73221166136317
3966,0.7324793158745511
3967,0.7317472026153061
3968,0.7320153213533218
3969,0.7322831721065919
3970,0.7325507551429671
3971,0.7328180707300306
3972,0.7320856188852229
3973,0.7323533993760922
3974,0.732620912220294
3975,0.7328881576853412
3976,0.7331551360384793
3977,0.7334218475466867
3978,0.733688292476675
3979,0.7339544710948892
3980,0.734220383667508
3981,0.734486030460444
3982,0.7347514117393441
3983,0.7340170275197145
3984,0.7342828775671711
3985,0.7345484618974388
3986,0.734813780776102
3987,0.7350788344684798
3988,0.7353436232396258
3989,0.7356081473543288
3990,0.7358724070771131
3991,0.7361364026722385
3992,0.7364001344037004
3993,0.736663602535231
3994,0.7369268073302983
3995,0.737189749052107
3996,0.7374524279635991
3997,0.7377148443274536
3998,0.7379769984060869
3999,0.737239390211778
4000,0.7375020195069186
4001,0.7367648860541381
4002,0.7360284893664278
4003,0.736292328957266
4004,0.7355564045904922
4005,0.7348212157803068
4006,0.7350862620413959
4007,0.7343515431388058
4008,0.7346170588378175
4009,0.7348823091538217
4010,0.7351472943520687
4011,0.7344125144476689
4012,0.734677969205842
4013,0.7349431586419182
4014,0.7342085827712116
4015,0.7344742413591464
4016,0.7347396344212562
4017,0.734005261973059
4018,0.7332716235303074
4019,0.7335382186092376
4020,0.7338045472263198
4021,0.7340706096478827
4022,0.7343364061399887
4023,0.7346019369684346
4024,0.7348672023987509
4025,0.7351322026962034
4026,0.7353969381257924
4027,0.7356614089522534
4028,0.7359256154400572
4029,0.7361895578534104
4030,0.7364532364562556
4031,0.7367166515122713
4032,0.7369798032848727
4033,0.7372426920372116
4034,0.7375053180321769
4035,0.7377676815323946
4036,0.7380297828002282
4037,0.7382916220977792
4038,0.7385531996868868
4039,0.7378150155792538
4040,0.7380770695366958
4041,0.7383388615711419
4042,0.7386003919443842
4043,0.738861660917953
4044,0.7391226687531175
4045,0.7383839154610105
4046,0.7386454008028785
4047,0.7389066247900821
4048,0.739167587683845
4049,0.7394282897451305
4050,0.7396887312346406
4051,0.7399489124128169
4052,0.7402088335398406
4053,0.7394689946257578
4054,0.7397293954307296
4055,0.7399895359650317
4056,0.7402494164888048
4057,0.7405090372619294
4058,0.7407683985440264
4059,0.7410275005944572
4060,0.7412863436723238
4061,0.7415449280364694
4062,0.7418032539454784
4063,0.7420613216576768
4064,0.7423191314311324
4065,0.74157718327378
4066,0.7408359766937962
4067,0.7410950111998493
4068,0.7403542865509739
4069,0.7396143022565701
4070,0.7388750575766535
4071,0.7391360520218543
4072,0.7383972853531667
4073,0.7376592570819492
4074,0.7379214667200482
4075,0.7381834142795484
4076,0.7384451000223974
4077,0.738706524210281
4078,0.7389676871046236
4079,0.7392285889665879
4080,0.7394892300570761
4081,0.7397496106367292
4082,0.7400097309659278
4083,0.7402695913047924
4084,0.7395296916633084
4085,0.7387905315517009
4086,0.7390516104806847
4087,0.7393124284612137
4088,0.739572985754106
4089,0.7388337823700439
4090,0.739094818069824
4091,0.7383560926144819
4092,0.737618105515417
4093,0.7368808560346419
4094,0.7371438436847823
4095,0.7374065684787005
4096,0.7376690306791215
4097,0.7379312305485076
4098,0.7381931683490588
4099,0.7384548443427129
4100,0.738716258791146
4101,0.7389774119557725
4102,0.7392383040977457
4103,0.7394989354779579
4104,0.7397593063570403
4105,0.7400194169953641
4106,0.7402792676530399
4107,0.7405388585899184
4108,0.7407981900655907
4109,0.7410572623393882
4110,0.7413160756703833
4111,0.7405751300675143
4112,0.7408344252898357
4113,0.7400939610966425
4114,0.7393542369975954
4115,0.7396147525028451
4116,0.7398750076227824
4117,0.7401350026176621
4118,0.7403947377474795
4119,0.7406542132719698
4120,0.7409134294506085
4121,0.7411723865426119
4122,0.7414310848069371
4123,0.7416895245022824
4124,0.7409482056372126
4125,0.7412071279704088
4126,0.7414657915106683
4127,0.7417241965166546
4128,0.7409828429968978
4129,0.7412417307100443
4130,0.7415003596648568
4131,0.7417587301199644
4132,0.7410173420838625
4133,0.741276195315163
4134,0.7415347898225941
4135,0.7417931258647504
4136,0.742051203699968
4137,0.7423090235863249
4138,0.7425665857816409
4139,0.7418243902936033
4140,0.7420824368800164
4141,0.742340225548802
4142,0.7425977565577487
4143,0.7428550301643877
4144,0.7431120466259925
4145,0.7433688061995797
4146,0.7426258088920339
4147,0.7428830544603577
4148,0.7431400429116717
4149,0.7433967745029644
4150,0.7436532494909674
4151,0.7429099678822808
4152,0.7431669294336228
4153,0.7434236341518301
4154,0.7426805820437323
4155,0.7419382726164022
4156,0.7421962053774053
4157,0.7424538803345493
4158,0.7427112977455093
4159,0.7429684578677026
4160,0.7432253609582896
4161,0.7434820072741734
4162,0.7427388968221252
4163,0.7419965291091596
4164,0.7412549033929086
4165,0.7415135191816213
4166,0.7417718764837886
4167,0.7420299755577678
4168,0.7422878166616581
4169,0.7425454000533006
4170,0.7428027259902789
4171,0.7430597947299188
4172,0.7423171062794142
4173,0.7415751601462014
4174,0.7418334558382091
4175,0.7410919931137332
4176,0.7403512714814356
4177,0.7406107904504697
4178,0.7408700500302294
4179,0.7401295502300993
4180,0.7403892908095795
4181,0.7406487717782856
4182,0.7409079933956986
4183,0.7411669559210402
4184,0.741425659613273
4185,0.7416841047311008
4186,0.7419422915329688
4187,0.7412007200271887
4188,0.7414593899721891
4189,0.7407183011266397
4190,0.7409774532494516
4191,0.740236846099777
4192,0.7404964794370086
4193,0.7407558532706547
4194,0.7410149678600894
4195,0.741273823464427
4196,0.7415324203425235
4197,0.7417907587529757
4198,0.7420488389541222
4199,0.7423066612040431
4200,0.7425642257605608
4201,0.7428215328812399
4202,0.7430785828233876
4203,0.7433353758440538
4204,0.7435919122000318
4205,0.7438481921478579
4206,0.744104215943812
4207,0.7433604835940432
4208,0.7426174946049436
4209,0.7428747484833995
4210,0.7431317452365396
4211,0.7433884851213606
4212,0.7436449683946026
4213,0.7439011953127489
4214,0.7441571661320265
4215,0.7444128811084063
4216,0.7436688402477283
4217,0.7429255430560764
4218,0.7431824890400284
4219,0.7434391782064051
4220,0.743695610811896
4221,0.7439517871129335
4222,0.7442077073656942
4223,0.7434638715762233
4224,0.7437202795006849
4225,0.7439764311453618
4226,0.7442323267664059
4227,0.7434884663698378
4228,0.743744849711797
4229,0.7440009767985418
4230,0.7442568478861995
4231,0.7445124632306411
4232,0.743768322837607
4233,0.7440244264629566
4234,0.7442802741126688
4235,0.7445358660425913
4236,0.7437917022584407
4237,0.7440477825160534
4238,0.7443036068213847
4239,0.744559175430259
4240,0.7438149883483697
4241,0.7430715450816546
4242,0.7423288448866705
4243,0.7425863872705919
4244,0.7428436722408361
4245,0.7431007000546884
4246,0.7433574709691765
4247,0.7436139852410714
4248,0.7438702431268874
4249,0.7441262448828826
4250,0.7443819907650586
4251,0.7446374810291615
4252,0.7448927159306816
4253,0.7451476957248538
4254,0.744402920416783
4255,0.7446583897616937
4256,0.7449136037649304
4257,0.744169062431832
4258,0.7444247655178572
4259,0.744680213028584
4260,0.74493540521946
4261,0.7451903423456774
4262,0.7444455244122984
4263,0.7437014509246299
4264,0.7439576213884733
4265,0.7442135358098741
4266,0.7444691944447468
4267,0.7447245975487501
4268,0.7449797453772871
4269,0.7452346381855056
4270,0.7454892762282987
4271,0.7457436597603044
4272,0.7459977890359063
4273,0.7462516643092337
4274,0.7455057855842869
4275,0.7457601526151872
4276,0.7460142654061765
4277,0.7462681242113678
4278,0.7465217292846198
4279,0.7467750808795377
4280,0.7470281792494732
4281,0.7472810246475247
4282,0.7465341170766626
4283,0.7467874562899793
4284,0.747040542290689
4285,0.7472933753318777
4286,0.7475459556663785
4287,0.7477982835467719
4288,0.7480503592253859
4289,0.7483021829542961
4290,0.7485537549853263
4291,0.7478055753201736
4292,0.7480576437106581
4293,0.7473099599088483
4294,0.7465630234171853
4295,0.7458168334887323
4296,0.7460708896271744
4297,0.7463246918364426
4298,0.7465782403703392
4299,0.7468315354824128
4300,0.7470845774259586
4301,0.7463378662041436
4302,0.7455919013203813
4303,0.7458461822785819
4304,0.7461002090829012
4305,0.746353981987366
4306,0.7466075012457495
4307,0.7468607671115708
4308,0.7471137798380959
4309,0.7473665396783377
4310,0.747619046885056
4311,0.7478713017107581
4312,0.7481233044076989
4313,0.7483750552278812
4314,0.7476270541731806
4315,0.7478793009955963
4316,0.7481312956972499
4317,0.7483830385301362
4318,0.7486345297459981
4319,0.7488857695963269
4320,0.7491367583323626
4321,0.7483879959552188
4322,0.747639981966258
4323,0.7478922158673412
4324,0.7481441976605773
4325,0.748395927597948
4326,0.7486474059311835
4327,0.7488986329117621
4328,0.7491496087909107
4329,0.7484008335697304
4330,0.7486523069994458
4331,0.7489035290814055
4332,0.7481549998169563
4333,0.747407218707694
4334,0.7476596852557122
4335,0.7479118994633527
4336,0.7471643613329545
4337,0.7464175703671044
4338,0.7456715258190114
4339,0.7459257271925056
4340,0.7461796744916636
4341,0.7454338677205574
4342,0.7456883066333805
4343,0.7459424912344466
4344,0.7451969215280653
4345,0.7454515972686669
4346,0.7457060184608022
4347,0.7449606851090173
4348,0.7452155969679788
4349,0.7454702540424736
4350,0.7457246565871588
4351,0.745978804856437
4352,0.7452331988545815
4353,0.7454878383359862
4354,0.7457422233051656
4355,0.7459963540165048
4356,0.7462502307241344
4357,0.7465038536819314
4358,0.7457577228936436
4359,0.7460118381131402
4360,0.7452661990945364
4361,0.745520805592193
4362,0.7457751576105917
4363,0.7460292554040843
4364,0.7462830992267688
4365,0.7465366893324892
4366,0.7457905257249604
4367,0.7460446081580189
4368,0.746298436635622
4369,0.7465520114115984
4370,0.7458058324896478
4371,0.7460598996235912
4372,0.7463137128173707
4373,0.7465672723247996
4374,0.7468205783994375
4375,0.7470736312945905
4376,0.7473264312633116
4377,0.7475789785584007
4378,0.7478312734324053
4379,0.7480833161376202
4380,0.7473356066762133
4381,0.747588144800475
4382,0.7478404305128183
4383,0.7480924640655292
4384,0.7483442457106411
4385,0.7485957756999357
4386,0.7488470542849432
4387,0.7490980817169423
4388,0.7493488582469603
4389,0.7495993841257739
4390,0.749849659603909
4391,0.7500996849316413
4392,0.7493499601091209
4393,0.748600984636748
4394,0.7488522580154219
4395,0.749103280246291
4396,0.7493540515803777
4397,0.7496045722684533
4398,0.7498548425610386
4399,0.7501048627084039
4400,0.7503546329605695
4401,0.7506041535673056
4402,0.7498539245282578
4403,0.7501039455931972
4404,0.7503537167620196
4405,0.7496037380346212
4406,0.7488545089111484
4407,0.7491055288922467
4408,0.7493562979788112
4409,0.749606816421611
4410,0.7498570844711646
4411,0.7491076021278651
4412,0.748358868892355
4413,0.748610384265776
4414,0.7478621479996432
4415,0.7471146595958454
4416,0.7473674185567691
4417,0.7476199248850482
4418,0.7478721788331891
4419,0.7481241806534458
4420,0.7483759305978201
4421,0.7486274289180622
4422,0.7488786758656704
4423,0.7481301714420165
4424,0.7483819153985962
4425,0.7486334077370284
4426,0.7488846487088054
4427,0.7481361383152934
4428,0.7483878763079818
4429,0.7486393626884835
4430,0.7488905977082851
4431,0.7481420813687466
4432,0.7483938134213516
4433,0.7486452938677071
4434,0.7488965229592935
4435,0.7491475009473402
4436,0.7493982280828251
4437,0.7496487046164755
4438,0.7498989307987679
4439,0.7501489068799285
4440,0.7493991328600585
4441,0.7496496084893838
4442,0.749899833768255
4443,0.7491503086970224
4444,0.7484015327762857
4445,0.748653005507144
4446,0.7489042268909449
4447,0.74915519717891
4448,0.7494059166220095
4449,0.749656385470963
4450,0.7499066039762394
4451,0.7501565723880573
4452,0.7504062909563851
4453,0.7506557599309415
4454,0.7499054793113203
4455,0.7501554488472411
4456,0.7504051685385481
4457,0.7506546386349614
4458,0.7499043591360759
4459,0.749154829541737
4460,0.7484060491024149
4461,0.7486575173192042
4462,0.7489087341934478
4463,0.7481601997264878
4464,0.7484119136697897
4465,0.7476638757750672
4466,0.7479160857942825
4467,0.7481680437295206
4468,0.7484197498327395
4469,0.7486712043556453
4470,0.7479229072998176
4471,0.7481748584169592
4472,0.7484265577088962
4473,0.7486780054273281
4474,0.7489292018237026
4475,0.7491801471492161
4476,0.7494308416548141
4477,0.748681785341316
4478,0.7489329779596655
4479,0.7491839195109302
4480,0.7484351099961767
4481,0.7486865491665953
4482,0.7489377370235002
4483,0.7491886738180794
4484,0.7494393598012697
4485,0.7496897952237572
4486,0.7489404800861023
4487,0.7491914141389897
4488,0.7494420973832286
4489,0.7496925300695023
4490,0.7499427124482434
4491,0.7501926447696344
4492,0.7504423272836078
4493,0.7506917602398461
4494,0.7499414436379072
4495,0.7501913772274744
4496,0.7504410610083565
4497,0.7506904952302372
4498,0.7499401798926758
4499,0.7501901147453568
4500,0.7504397997880901
4501,0.7506892352705608
4502,0.7499389211923293
4503,0.7501888573030816
4504,0.7494390433527537
4505,0.7496894790915315
4506,0.7499396645197258
4507,0.7501895998875222
4508,0.750439285444856
4509,0.7496892211915379
4510,0.7489399066276283
4511,0.7491908412536876
4512,0.7494415250705255
4513,0.7496919583288258
4514,0.7499421412790219
4515,0.7501920741712967
4516,0.7494422570057082
4517,0.7486931892825641
4518,0.7479448702527964
4519,0.748196799417961
4520,0.7484484767798621
4521,0.7486999025901772
4522,0.7489510771003319
4523,0.7482025003116259
4524,0.7484541719754824
4525,0.7477060918435728
4526,0.7479582596678171
4527,0.7482101754502581
4528,0.7474623391929366
4529,0.7477147506480161
4530,0.7479669098177831
4531,0.7482188169543971
4532,0.7484704723097649
4533,0.7487218761355423
4534,0.748973028683133
4535,0.7492239302036896
4536,0.7494745809481137
4537,0.748725480917181
4538,0.7489766298617916
4539,0.7492275277829692
4540,0.749478174931612
4541,0.7487290713084919
4542,0.7489802166645053
4543,0.7492311110006727
4544,0.7494817545678885
4545,0.7497321476167961
4546,0.7499822903977887
4547,0.7502321831610094
4548,0.7504818261563507
4549,0.7507312196334558
4550,0.7509803638417182
4551,0.7512292590302821
4552,0.7514779054480429
4553,0.7517263033436471
4554,0.7519744529654925
4555,0.7522223545617288
4556,0.7524700083802578
4557,0.7527174146687333
4558,0.7529645736745617
4559,0.7532114856449019
4560,0.7524586505767911
4561,0.7527060682173939
4562,0.7529532385640032
4563,0.7532001618637894
4564,0.7534468383636757
4565,0.7526937680604636
4566,0.7519414504512077
4567,0.7511898847835904
4568,0.7514385705559207
4569,0.7516870077667593
4570,0.7519351966645437
4571,0.7521831374974627
4572,0.7524308305134573
4573,0.7526782759602204
4574,0.7519259738353227
4575,0.7521739238864618
4576,0.7524216261114628
4577,0.7526690807580281
4578,0.7529162880736122
4579,0.7531632483054227
4580,0.7524104614505447
4581,0.7526579272561913
4582,0.7529051457197034
4583,0.7531521170882993
4584,0.7533988416089507
4585,0.753645319528382
4586,0.7538915510930713
4587,0.7541375365492501
4588,0.753383775893029
4589,0.7536302688706471
4590,0.7528770152285975
4591,0.7521245144637514
4592,0.7523722660734827
4593,0.7516202698055432
4594,0.7518685254079365
4595,0.751117032628918
4596,0.7513657912169951
4597,0.7516143011708012
4598,0.7508630624889713
4599,0.7511120749202667
4600,0.7503613382136997
4601,0.7496113518686585
4602,0.7498616153850316
4603,0.7501116287629576
4604,0.7503613922524498
4605,0.750610906103272
4606,0.7508601705649378
4607,0.7511091858867119
4608,0.7513579523176098
4609,0.7516064701063978
4610,0.7518547395015938
4611,0.7521027607514672
4612,0.7523505341040394
4613,0.7525980598070838
4614,0.7518458378582512
4615,0.7520938680053194
4616,0.7523416502461937
4617,0.7525891848286563
4618,0.7528364720002418
4619,0.7530835120082376
4620,0.7533303050996837
4621,0.752577351271498
4622,0.752824650270727
4623,0.7530717020945443
4624,0.753318506990002
4625,0.7535650652039051
4626,0.7538113769828118
4627,0.7540574425730339
4628,0.754303262220637
4629,0.754548836171441
4630,0.7547941646710198
4631,0.7550392479647019
4632,0.7542845860476957
4633,0.7535306784154641
4634,0.7537770245639743
4635,0.7540231244894476
4636,0.7542689784379839
4637,0.7545145866554372
4638,0.7547599493874159
4639,0.7540055666294074
4640,0.7542514381270292
4641,0.7534975636261526
4642,0.753743942872903
4643,0.7539900758635348
4644,0.7542359628441809
4645,0.7534821038108535
4646,0.7537284985096931
4647,0.7539746469369698
4648,0.7532210490889568
4649,0.7534677047120563
4650,0.7537141138027988
4651,0.7539602766075937
4652,0.7542061933726035
4653,0.7534523640938703
4654,0.7536987885175646
4655,0.7539449666399858
4656,0.7531913984574371
4657,0.7534380837163502
4658,0.7526850221634104
4659,0.7519327132956808
4660,0.7521806566107275
4661,0.7524283521063689
4662,0.7526758000303005
4663,0.7529230006299704
4664,0.7531699541525791
4665,0.7534166608450803
4666,0.7536631209541806
4667,0.7539093347263404
4668,0.7531558021578982
4669,0.7534025229953216
4670,0.7526494969853313
4671,0.7528967238749013
4672,0.7531437036611333
4673,0.7533904365910071
4674,0.753636922911256
4675,0.7538831628683661
4676,0.7541291567085776
4677,0.7543749046778844
4678,0.7546204070220344
4679,0.7548656639865301
4680,0.7541111755667534
4681,0.7533574412583409
4682,0.7536039605574331
4683,0.7538502334604241
4684,0.7540962602135871
4685,0.7543420410629489
4686,0.7545875762542903
4687,0.7548328660331466
4688,0.7540784103949325
4689,0.7543242090851925
4690,0.7545697620996001
4691,0.7548150696837085
4692,0.7550601320828252
4693,0.7553049495420128
4694,0.7555495223060887
4695,0.7547943503697508
4696,0.7550394334778271
4697,0.7552842716252756
4698,0.7555288650569345
4699,0.7557732140173974
4700,0.7550178185011381
4701,0.7552626782527612
4702,0.7555072932670013
4703,0.7557516637884736
4704,0.7559957900615486
4705,0.7552401720804776
4706,0.7544853093397674
4707,0.7547307013344303
4708,0.7549758480597333
4709,0.755220749760823
4710,0.7544659064327263
4711,0.7547113178205996
4712,0.7549564839197295
4713,0.755201404975282
4714,0.7544465809823032
4715,0.7546920116859691
4716,0.7549371970815854
4717,0.7551821374143374
4718,0.7554268329291656
4719,0.7556712838707657
4720,0.7559154904835885
4721,0.7561594530118408
4722,0.7564031716994852
4723,0.7556471465403654
4724,0.7558913772784559
4725,0.7561353639078627
4726,0.7563791066725725
4727,0.756622605816328
4728,0.7568658615826285
4729,0.7571088742147298
4730,0.7563521437057696
4731,0.7565956697990173
4732,0.7558394522379988
4733,0.7560834907664965
4734,0.7563272853784241
4735,0.756570836317576
4736,0.7568141438275034
4737,0.7570572081515139
4738,0.7573000295326718
4739,0.7565431079639235
4740,0.7567864431883474
4741,0.7560300349492787
4742,0.7562738829903088
4743,0.7565174873051611
4744,0.7557613478875648
4745,0.7550059642315052
4746,0.7552508358314738
4747,0.7544959624323418
4748,0.7547413437792361
4749,0.7549864798674127
4750,0.755231370942008
4751,0.754476516998038
4752,0.7547219177806487
4753,0.7549670732851158
4754,0.7542124835067199
4755,0.7544581481908711
4756,0.7547035673331091
4757,0.754948741178853
4758,0.755193669973277
4759,0.7554383539613096
4760,0.7546832931377602
4761,0.7549284872475674
4762,0.7541739360359258
4763,0.7534201389984085
4764,0.7536665956310938
4765,0.7539128059303132
4766,0.7541587701422768
4767,0.7544044885129492
4768,0.7546499612880486
4769,0.7548951887130481
4770,0.755140171033175
4771,0.7543854082435366
4772,0.7546309000893702
4773,0.7548761465660425
4774,0.7551211479188001
4775,0.7543664041427693
4776,0.7536124147333313
4777,0.7538586791863714
4778,0.7531051972481542
4779,0.7523524684153224
4780,0.7525999921850223
4781,0.7518477683047774
4782,0.7520957965223638
4783,0.7523435768356848
4784,0.7525911094925206
4785,0.7528383947404041
4786,0.7530854328266207
4787,0.7533322239982082
4788,0.7525792682520831
4789,0.7528265653352895
4790,0.7530736152449993
4791,0.7523209179783876
4792,0.752568473282757
4793,0.7528157811555378
4794,0.753062841844038
4795,0.7533096555953184
4796,0.7535562226561926
4797,0.7538025432732279
4798,0.7540486176927449
4799,0.7542944461608181
4800,0.754540028923276
4801,0.7547853662257015
4802,0.7550304583134319
4803,0.7552753054315594
4804,0.7555199078249312
4805,0.7557642657381496
4806,0.7560083794155728
4807,0.7552527488514392
4808,0.7554973737901185
4809,0.7557417542261103
4810,0.7559858904037954
4811,0.7562297825673098
4812,0.7564734309605459
4813,0.756716835827152
4814,0.7569599974105331
4815,0.7572029159538509
4816,0.756446091450149
4817,0.7566895236426026
4818,0.756932712524519
4819,0.7561761580892121
4820,0.7564198600801274
4821,0.7566633184908419
4822,0.7569065335648141
4823,0.7571495055452591
4824,0.7563927344252738
4825,0.756636219948087
4826,0.7568794621070595
4827,0.7571224611454332
4828,0.7573652173062074
4829,0.7576077308321383
4830,0.7578500019657394
4831,0.7570925306994069
4832,0.7573353167756693
4833,0.7575778601871879
4834,0.757820161176506
4835,0.7580622199859247
4836,0.757304536607628
4837,0.7575471107839322
4838,0.7577894425072866
4839,0.7570320317701479
4840,0.7572748783151052
4841,0.7575174821348802
4842,0.7577598434720768
4843,0.7580019625690563
4844,0.7582438396679377
4845,0.7584854750105985
4846,0.7587268688386738
4847,0.7579685211436826
4848,0.7582104316672772
4849,0.7584521004012429
4850,0.7586935275872486
4851,0.7579352132168465
4852,0.7581771570317223
4853,0.7584188590236945
4854,0.7586603194344654
4855,0.7589015385054955
4856,0.7581430162281286
4857,0.7573852520939676
4858,0.756628245345248
4859,0.7568714954748379
4860,0.7561150022259875
4861,0.7563587653422034
4862,0.7566022848171237
4863,0.7568455608942679
4864,0.7570885938169123
4865,0.7573313838280898
4866,0.7575739311705905
4867,0.7578162360869617
4868,0.7580582988195085
4869,0.7573006193604185
4870,0.7565436972021372
4871,0.7567870318376173
4872,0.7560306230101934
4873,0.7562744704634566
4874,0.7565180741911294
4875,0.7567614344368154
4876,0.7570045514438751
4877,0.7572474254554254
4878,0.7574900567143406
4879,0.7577324454632518
4880,0.7569750916946728
4881,0.7572179951512499
4882,0.7574606558257614
4883,0.7577030739608681
4884,0.7579452497989881
4885,0.7581871835822975
4886,0.75842887555273
4887,0.7586703259519776
4888,0.7589115350214909
4889,0.7591525030024789
4890,0.7593932301359098
4891,0.7596337166625106
4892,0.7598739628227679
4893,0.7601139688569281
4894,0.7603537350049971
4895,0.7605932615067412
4896,0.760832548601687
4897,0.7610715965291216
4898,0.760310905278218
4899,0.7605504745882847
4900,0.7607898044487662
4901,0.7610288950989923
4902,0.7612677467780538
4903,0.7615063597248023
4904,0.7617447341778509
4905,0.7619828703755742
4906,0.7622207685561083
4907,0.7624584289573516
4908,0.7626958518169644
4909,0.7629330373723697
4910,0.7621704856108781
4911,0.7624081962699377
4912,0.7626456693371342
4913,0.7628829050499406
4914,0.7631199036455928
4915,0.7633566653610895
4916,0.7625936901833172
4917,0.762830977849301
4918,0.7620685280963282
4919,0.762306340661949
4920,0.7625439155338511
4921,0.7627812529496094
4922,0.7630183531465613
4923,0.7632552163618072
4924,0.7634918428322102
4925,0.7637282327943968
4926,0.7639643864847573
4927,0.7642003041394452
4928,0.7644359859943782
4929,0.7646714322852384
4930,0.764906643247472
4931,0.7641421188664151
4932,0.7643778588775432
4933,0.7646133632664711
4934,0.7648486322687035
4935,0.7650836661195094
4936,0.7653184650539226
4937,0.7655530293067423
4938,0.7657873591125327
4939,0.7660214547056237
4940,0.7662553163201108
4941,0.7654894439399808
4942,0.7657238372993611
4943,0.7649584961326451
4944,0.7651934201744915
4945,0.7644286091598244
4946,0.7646640628238325
4947,0.7648992811518447
4948,0.7651342643790793
4949,0.7653690127405195
4950,0.7656035264709138
4951,0.7648383055549008
4952,0.7640738494773847
4953,0.7643096577237841
4954,0.7645452302797824
4955,0.764780567380952
4956,0.7650156692626302
4957,0.7642510359100438
4958,0.7644866670585595
4959,0.7647220626936834
4960,0.7649572230508112
4961,0.7651921483651032
4962,0.7654268388714849
4963,0.7656612948046468
4964,0.765895516399045
4965,0.765130003639026
4966,0.7653647562590769
4967,0.7655992742438253
4968,0.7658335578277895
4969,0.765068106995378
4970,0.7653029214811398
4971,0.7645380010198892
4972,0.7637738450968309
4973,0.7640099531976836
4974,0.7642458253084305
4975,0.7634819614150689
4976,0.7637183612537345
4977,0.7639545248107023
4978,0.7641904523221358
4979,0.7634266437740876
4980,0.7636630989027492
4981,0.7638993176944506
4982,0.7641353003854107
4983,0.7633715469617371
4984,0.7626085569098013
4985,0.7628458297164882
4986,0.7620833651190704
4987,0.7623211628550833
4988,0.7615592226623247
4989,0.761797544278854
4990,0.7620356276928681
4991,0.7622734731424505
4992,0.7625110808654466
4993,0.7627484510994641
4994,0.7629855840818734
4995,0.7632224800498076
4996,0.7634591392401626
4997,0.7636955618895978
4998,0.7639317482345357
4999,0.7641676985111628
5000,0.7644034129554296
5001,0.7646388918030503
5002,0.7648741352895041
5003,0.7651091436500344
5004,0.7653439171196496
5005,0.7655784559331231
5006,0.765812760324994
5007,0.7660468305295667
5008,0.7662806667809114
5009,0.7655147690629895
5010,0.7657491371099031
5011,0.7659832709058952
5012,0.7662171706850998
5013,0.7664508366814164
5014,0.7666842691285115
5015,0.7659179680099423
5016,0.7661519330594075
5017,0.7663856642607475
5018,0.7666191618476933
5019,0.7658529258038675
5020,0.7660869558630341
5021,0.766320752009098
5022,0.7655548142259805
5023,0.7657891422477436
5024,0.7650237358087154
5025,0.7652585946434893
5026,0.7654932187367992
5027,0.7647281080733941
5028,0.7639637621382882
5029,0.7641996804170106
5030,0.7634358626454794
5031,0.7636723085598767
5032,0.7639085181465235
5033,0.7641444916416295
5034,0.764380229281168
5035,0.763616231051002
5036,0.7638524966871328
5037,0.7630890259258264
5038,0.7633258185036117
5039,0.7635623744071564
5040,0.7637986938730162
5041,0.764034777137511
5042,0.7642706244367239
5043,0.7645062360065022
5044,0.7647416120824577
5045,0.7649767528999665
5046,0.7642121584442944
5047,0.7644478284508468
5048,0.7646832629051687
5049,0.7639189617928198
5050,0.7641549248494987
5051,0.7643906520610434
5052,0.7646261436631813
5053,0.764861399891404
5054,0.7650964209809679
5055,0.765331207166894
5056,0.7655657586839685
5057,0.7658000757667431
5058,0.766034158649535
5059,0.766268007566427
5060,0.7665016227512681
5061,0.7667350044376736
5062,0.7669681528590253
5063,0.7662015679985965
5064,0.7664352495898024
5065,0.7666686976161994
5066,0.7659024120613606
5067,0.7651368924091253
5068,0.7653716381438488
5069,0.7656061492501518
5070,0.7648409257126704
5071,0.765075967266181
5072,0.7653107738956001
5073,0.7655453458357344
5074,0.765779683321156
5075,0.7660137865862023
5076,0.7662476558649768
5077,0.7664812913913486
5078,0.7667146933989534
5079,0.7669478621211933
5080,0.767180797791237
5081,0.7674135006420204
5082,0.7676459709062463
5083,0.767878208816385
5084,0.7681102146046744
5085,0.7683419885031205
5086,0.7685735307434972
5087,0.7678053413074717
5088,0.7670379196769794
5089,0.7672707653344737
5090,0.7675033782626751
5091,0.7677357586941966
5092,0.7679679068614188
5093,0.7681998229964898
5094,0.7684315073313259
5095,0.7676634598477364
5096,0.7668961800277987
5097,0.7661296671042327
5098,0.7663634205604004
5099,0.7665969403799302
5100,0.766830226796342
5101,0.7670632800429225
5102,0.7662966001028496
5103,0.7665301867094435
5104,0.7667635398461657
5105,0.7669966597463694
5106,0.7672295466431747
5107,0.7674622007694684
5108,0.7676946223579046
5109,0.7679268116409053
5110,0.7681587688506595
5111,0.7683904942191245
5112,0.768621987978026
5113,0.7678537501089825
5114,0.7680857803437561
5115,0.7683175786642521
5116,0.7685491453022688
5117,0.768780480489373
5118,0.7680120842070248
5119,0.768243956186828
5120,0.7684755964105293
5121,0.7677075048598941
5122,0.7679396812668308
5123,0.7681716256133907
5124,0.7684033381315183
5125,0.7686348190529261
5126,0.768866068609095
5127,0.7690970870312748
5128,0.7693278745504839
5129,0.7685589311476348
5130,0.7687902565537842
5131,0.7690213507501322
5132,0.7692522139677733
5133,0.7694828464375707
5134,0.7697132483901569
5135,0.7699434200559339
5136,0.7701733616650733
5137,0.770403073447517
5138,0.7706325556329767
5139,0.7708618084509348
5140,0.771090832130644
5141,0.770320126651253
5142,0.7705496917420563
5143,0.769779527132619
5144,0.7700096325527763
5145,0.7702395079825087
5146,0.7704691536516917
5147,0.7706985697899709
5148,0.7709277566267625
5149,0.7711567143912534
5150,0.7713854433124017
5151,0.7706144433690609
5152,0.7708437142902312
5153,0.7700732558051835
5154,0.7703030676434591
5155,0.770532649784745
5156,0.7707620024586234
5157,0.7709911258944468
5158,0.7702205200714639
5159,0.7704501847190687
5160,0.7706796198168008
5161,0.7709088255940953
5162,0.7701383020302832
5163,0.7693685486049656
5164,0.768599564548389
5165,0.767831349091569
5166,0.7680634017161652
5167,0.768295222404105
5168,0.7685268113872094
5169,0.7687581688970672
5170,0.7689892951650361
5171,0.7692201904222424
5172,0.7684513546497065
5173,0.7686827875785923
5174,0.7689139891902079
5175,0.7691449597157549
5176,0.769375699386204
5177,0.7696062084322948
5178,0.7688369868346613
5179,0.7690680343240819
5180,0.7692988508814791
5181,0.7685299364877944
5182,0.7687612908741135
5183,0.7679929137717906
5184,0.7682248049124485
5185,0.7684564642778533
5186,0.7686878920996646
5187,0.7689190886093101
5188,0.7691500540379865
5189,0.7693807886166592
5190,0.7696112925760628
5191,0.7698415661467014
5192,0.7700716095588487
5193,0.769301922792673
5194,0.7695325055784874
5195,0.7697628578967498
5196,0.7699929799778126
5197,0.7702228720517977
5198,0.7704525343485975
5199,0.7706819670978743
5200,0.7709111705290608
5201,0.7711401448713605
5202,0.771368890353748
5203,0.7715974072049686
5204,0.7718256956535393
5205,0.7710542556778737
5206,0.7712830870065315
5207,0.7715116896182191
5208,0.7707405634916642
5209,0.7709697083557405
5210,0.7701991239395929
5211,0.7694293097227617
5212,0.7696597651853077
5213,0.7698899903075612
5214,0.7701199853197476
5215,0.7703497504518617
5216,0.770579285933669
5217,0.7708085919947048
5218,0.7710376688642753
5219,0.7712665167714574
5220,0.7714951359450991
5221,0.7717235266138196
5222,0.7709521887561346
5223,0.7711811221007061
5224,0.7714098266263426
5225,0.7716383025617486
5226,0.770867049885525
5227,0.770096568076544
5228,0.7703263566141987
5229,0.7695564152282774
5230,0.7697867436488389
5231,0.7700168418560864
5232,0.7702467100801184
5233,0.7704763485508029
5234,0.7707057574977787
5235,0.7709349371504546
5236,0.7711638877380104
5237,0.7713926094893967
5238,0.7716211026333353
5239,0.7718493673983194
5240,0.7720774040126139
5241,0.7723052127042555
5242,0.7715332934511777
5243,0.7717616459814614
5244,0.7709902700234589
5245,0.7712191653057943
5246,0.7714478318072377
5247,0.7716762697564559
5248,0.7719044793818867
5249,0.7721324609117398
5250,0.772360214573997
5251,0.7725877405964118
5252,0.7728150392065103
5253,0.7730421106315912
5254,0.7732689550987261
5255,0.7734955728347593
5256,0.7737219640663088
5257,0.7729486287698907
5258,0.7731755666721697
5259,0.7734022777499586
5260,0.7726292619800936
5261,0.7728565190895588
5262,0.7730835490554863
5263,0.7733103521049061
5264,0.7725374282147462
5265,0.7727647771120828
5266,0.7729918987741397
5267,0.7732187934280386
5268,0.7734454613006742
5269,0.7736719026187144
5270,0.7728986173587257
5271,0.7731256052474226
5272,0.773352366261668
5273,0.7735789006282231
5274,0.7738052085736222
5275,0.7740312903241733
5276,0.7742571461059582
5277,0.7734832758949577
5278,0.7737096794173015
5279,0.7739358566492682
5280,0.774161807817035
5281,0.7743875331465533
5282,0.7746130328635482
5283,0.7748383071935196
5284,0.7750633563617421
5285,0.7752881805932645
5286,0.7755127801129115
5287,0.7757371551452824
5288,0.7759613059147524
5289,0.7761852326454723
5290,0.7754094353114939
5291,0.7756339136370196
5292,0.7758581675964029
5293,0.7760821974138977
5294,0.775306503063659
5295,0.7755310842699922
5296,0.7757554410073535
5297,0.7759795735000997
5298,0.7762034819723634
5299,0.7764271666480532
5300,0.7766506277508538
5301,0.7768738655042262
5302,0.7770968801314084
5303,0.7773196718554151
5304,0.7775422408990378
5305,0.7767650872349708
5306,0.7769882105860603
5307,0.7772111109253046
5308,0.7774337884756042
5309,0.7776562434596366
5310,0.7778784760998568
5311,0.7771009863686226
5312,0.777323773988444
5313,0.7775463389319838
5314,0.7777686814218069
5315,0.7779908016802558
5316,0.7772131996795759
5317,0.7774358751421651
5318,0.7776583280405737
5319,0.7778805585972548
5320,0.7781025670344389
5321,0.7773248533242596
5322,0.777547417189003
5323,0.777769758601108
5324,0.777991877782916
5325,0.7772142747066713
5326,0.7774369490947706
5327,0.7776594009197633
5328,0.7778816304041013
5329,0.7781036377700142
5330,0.7783254232395095
5331,0.7785469870343725
5332,0.7787683293761672
5333,0.778989450486236
5334,0.7792103505857001
5335,0.7794310298954595
5336,0.7796514886361937
5337,0.7798717270283614
5338,0.7800917452922012
5339,0.7803115436477311
5340,0.7795316220648748
5341,0.7797519802637105
5342,0.7799721182144714
5343,0.7801920361372956
5344,0.7804117342521009
5345,0.7806312127785855
5346,0.780850471936228
5347,0.7810695119442878
5348,0.7812883330218047
5349,0.7815069353876
5350,0.781725319260276
5351,0.7809439846083417
5352,0.7811629311504623
5353,0.7813816588554594
5354,0.7816001679420607
5355,0.7818184586287752
5356,0.7820365311338938
5357,0.7822543856754891
5358,0.7824720224714157
5359,0.7826894417393103
5360,0.7829066436965924
5361,0.7821241283105888
5362,0.781342395048909
5363,0.7815609433796947
5364,0.7817792732713692
5365,0.7819973849422623
5366,0.782215278610486
5367,0.7824329544939338
5368,0.7826504128102817
5369,0.781868153527113
5370,0.7820861763621684
5371,0.7813044810334706
5372,0.7815230672593242
5373,0.7817414350081904
5374,0.780960084248562
5375,0.7811790146990881
5376,0.7813977263285743
5377,0.7816162193557321
5378,0.7818344939990547
5379,0.7820525504768168
5380,0.7822703890070748
5381,0.7814885095577924
5382,0.78170691184709
5383,0.7809255955933697
5384,0.7801450602654403
5385,0.7793653050827661
5386,0.7795858295154671
5387,0.7798061335339423
5388,0.7800262173584961
5389,0.7802460812092122
5390,0.7804657253059547
5391,0.7796856496184925
5392,0.7799058538667499
5393,0.7801258380208062
5394,0.7803456023006454
5395,0.779565646676157
5396,0.7797859708673852
5397,0.7800060748445292
5398,0.7802259588276931
5399,0.7804456230367608
5400,0.7796655674415217
5401,0.77988579176192
5402,0.780105795968055
5403,0.7803255802799309
5404,0.7805451449173323
5405,0.7807644900998237
5406,0.7809836160467505
5407,0.7812025229772385
5408,0.7814212111101948
5409,0.7816396806643076
5410,0.7818579318580464
5411,0.7820759649096626
5412,0.7822937800371892
5413,0.7825113774584413
5414,0.7827287573910167
5415,0.782945920052295
5416,0.7831628656594392
5417,0.7833795944293948
5418,0.7835961065788906
5419,0.7838124023244389
5420,0.7840284818823355
5421,0.7842443454686601
5422,0.7844599932992761
5423,0.7846754255898315
5424,0.7848906425557587
5425,0.7851056444122747
5426,0.7853204313743813
5427,0.7855350036568657
5428,0.7857493614743001
5429,0.7859635050410424
5430,0.7851779343213612
5431,0.7853926490296856
5432,0.7856071491306055
5433,0.7848219345887458
5434,0.785037005118892
5435,0.7852518606859895
5436,0.785466501504894
5437,0.7856809277902465
5438,0.7858951397564731
5439,0.7851096373679108
5440,0.7853244203390574
5441,0.7855389886345705
5442,0.7857533424690187
5443,0.7859674820567558
5444,0.7861814076119215
5445,0.7863951193484413
5446,0.7866086174800271
5447,0.786821902220177
5448,0.7860354735323007
5449,0.7862493311299696
5450,0.7854634747270411
5451,0.7856779040376588
5452,0.7858921190261269
5453,0.7861061199066605
5454,0.7863199068932605
5455,0.786533480199714
5456,0.7867468400395944
5457,0.7869599866262614
5458,0.7871729201728619
5459,0.7863861406424543
5460,0.7865996477482589
5461,0.7858134412037828
5462,0.7860275207228196
5463,0.7862413862693235
5464,0.7854555378072852
5465,0.7856699750508561
5466,0.7858841979643485
5467,0.7860982067619853
5468,0.7863120016577754
5469,0.7865255828655138
5470,0.7867389505987816
5471,0.7869521050709467
5472,0.7871650464951636
5473,0.7873777750843738
5474,0.787590291051306
5475,0.787802594608476
5476,0.7870151857183126
5477,0.7872280640934067
5478,0.7874407296965118
5479,0.7876531827402934
5480,0.7878654234372047
5481,0.7880774519994863
5482,0.7882892686391669
5483,0.7885008735680633
5484,0.7877127667479054
5485,0.786925447640711
5486,0.7871384157090362
5487,0.7873511709157238
5488,0.7875637134735292
5489,0.7877760435949949
5490,0.786988661242576
5491,0.7872015661288904
5492,0.7864147579668425
5493,0.7866282364696242
5494,0.7868415016005891
5495,0.7870545535730022
5496,0.7872673925999157
5497,0.7874800188941687
5498,0.7876924326683875
5499,0.7879046341349858
5500,0.7881166235061652
5501,0.7883284009939151
5502,0.7885399668100131
5503,0.7887513211660251
5504,0.7889624642733054
5505,0.7891733963429972
5506,0.7893841175860327
5507,0.788595127963258
5508,0.7888064271856836
5509,0.7890175152144835
5510,0.7892283922607459
5511,0.7894390585353479
5512,0.7896495142489558
5513,0.7898597596120253
5514,0.7890702945849268
5515,0.7892811188781953
5516,0.7894917324525299
5517,0.7897021355185444
5518,0.7899123282866418
5519,0.790122310967015
5520,0.7903320837696467
5521,0.7895421466544347
5522,0.7897524993314418
5523,0.7899626417608956
5524,0.7901725741529386
5525,0.7903822967175034
5526,0.7905918096643124
5527,0.7898016129530038
5528,0.7900117062933806
5529,0.7902215896454112
5530,0.790431263218979
5531,0.7906407272237577
5532,0.7908499818692112
5533,0.7910590273645943
5534,0.7902683636690775
5535,0.790477990491997
5536,0.7906874077928545
5537,0.7908966157810675
5538,0.7911056146658441
5539,0.7913144046561831
5540,0.7915229859608746
5541,0.7917313587884999
5542,0.7919395233474319
5543,0.7921474798458352
5544,0.7923552284916665
5545,0.7925627694926743
5546,0.7917706028065248
5547,0.791978728141051
5548,0.7921866454542533
5549,0.7923943549540492
5550,0.791602356598273
5551,0.7918106500949265
5552,0.7920187354021779
5553,0.7912271124782377
5554,0.7914357810314828
5555,0.7916442410204568
5556,0.7918524926536198
5557,0.7920605361392233
5558,0.7922683716853111
5559,0.7924759994997186
5560,0.7926834197900737
5561,0.7928906327637968
5562,0.7930976386281008
5563,0.7933044375899917
5564,0.7935110298562685
5565,0.7937174156335236
5566,0.7939235951281428
5567,0.7931300682964305
5568,0.7933368348448598
5569,0.7935433947300724
5570,0.7937497481586281
5571,0.7929563950870053
5572,0.7921638349719758
5573,0.7923715672708544
5574,0.7925790919412484
5575,0.7927864091906824
5576,0.7929935192264739
5577,0.7922009220058577
5578,0.7924086172362367
5579,0.792616104875181
5580,0.7928233851301782
5581,0.7930304582085089
5582,0.793237324317246
5583,0.7924444834133807
5584,0.792651935204072
5585,0.7928591796466465
5586,0.793066216948349
5587,0.7932730473162167
5588,0.79347967095708
5589,0.7926865878276876
5590,0.7918942973850812
5591,0.7921022990868453
5592,0.7913105926409814
5593,0.791519177755783
5594,0.7917275543897102
5595,0.7919357227511398
5596,0.7921436830482401
5597,0.7913519352390964
5598,0.7905609787820859
5599,0.7907703131361268
5600,0.7899799380105534
5601,0.7901898531149907
5602,0.7903995584092286
5603,0.7906090541029724
5604,0.7908183404057181
5605,0.7910274175267519
5606,0.7912362856751509
5607,0.7914449450597835
5608,0.7916533958893089
5609,0.7918616383721782
5610,0.7920696727166338
5611,0.791277998880835
5612,0.791486616573108
5613,0.7916950257519455
5614,0.7919032266257566
5615,0.7921112194027424
5616,0.7923190042908956
5617,0.7925265814980011
5618,0.7927339512316364
5619,0.792941113699171
5620,0.7931480691077675
5621,0.7933548176643814
5622,0.7935613595757613
5623,0.7937676950484492
5624,0.7939738242887806
5625,0.7941797475028848
5626,0.794385464896685
5627,0.7945909766758987
5628,0.7947962830460378
5629,0.7940018839625335
5630,0.7942077791309867
5631,0.7934139682572926
5632,0.7926209507977651
5633,0.7928282262092615
5634,0.7930352944489324
5635,0.793242155723846
5636,0.7934488102408637
5637,0.79365525820664
5638,0.7938614998276228
5639,0.7940675353100539
5640,0.7942733648599689
5641,0.7944789886831973
5642,0.794684406985363
5643,0.7948896199718843
5644,0.7950946278479744
5645,0.7952994308186411
5646,0.7955040290886874
5647,0.7947089226128367
5648,0.7949141110959822
5649,0.7951190944931876
5650,0.7953238730094363
5651,0.7955284468495069
5652,0.7957328162179731
5653,0.7959369813192045
5654,0.7951414421074912
5655,0.7953461982872938
5656,0.7955507498132436
5657,0.7947555966400169
5658,0.7949607384724607
5659,0.7941661750157166
5660,0.7943719059752211
5661,0.7935779310567052
5662,0.7927847497163186
5663,0.7929918614107551
5664,0.7931987660970011
5665,0.7924059637320866
5666,0.7926134540232089
5667,0.7928207369277335
5668,0.7930278126529431
5669,0.7932346814059137
5670,0.792441843143639
5671,0.7916497973234055
5672,0.7918580434030422
5673,0.7920660813406704
5674,0.7922739113443279
5675,0.7924815336218448
5676,0.7926889483808435
5677,0.7928961558287386
5678,0.7931031561727379
5679,0.7933099496198416
5680,0.7935165363768433
5681,0.7937229166503297
5682,0.7939290906466812
5683,0.7931355583221967
5684,0.7923428191334689
5685,0.7925503725376334
5686,0.7927577184921185
5687,0.7919653569543953
5688,0.792173287632102
5689,0.7923810104830444
5690,0.7925885257149454
5691,0.7927958335353202
5692,0.7930029341514768
5693,0.7932098277705159
5694,0.7934165145993309
5695,0.793622994844609
5696,0.7938292687128302
5697,0.7940353364102687
5698,0.793241697893117
5699,0.7924488526178616
5700,0.7926563000415319
5701,0.7918640398715753
5702,0.7920720718157316
5703,0.7922798958319077
5704,0.7924875121279278
5705,0.7926949209114081
5706,0.7929021223897575
5707,0.7931091167701776
5708,0.7933159042596627
5709,0.7935224850650003
5710,0.7937288593927715
5711,0.7939350274493504
5712,0.7941409894409053
5713,0.7943467455733981
5714,0.7945522960525851
5715,0.7947576410840168
5716,0.7949627808730383
5717,0.7951677156247894
5718,0.7953724455442048
5719,0.7955769708360148
5720,0.7957812917047443
5721,0.7959854083547145
5722,0.7961893209900421
5723,0.7963930298146398
5724,0.7965965350322164
5725,0.7967998368462771
5726,0.7970029354601239
5727,0.7972058310768554
5728,0.7974085238993672
5729,0.7976110141303524
5730,0.797813301972301
5731,0.7980153876275011
5732,0.7972177710481633
5733,0.7974204519366709
5734,0.7976229302455797
5735,0.7978252061773683
5736,0.7980272799343124
5737,0.7982291517184861
5738,0.7984308217317609
5739,0.7986322901758072
5740,0.7988335572520933
5741,0.7990346231618862
5742,0.7992354881062521
5743,0.7984366520361809
5744,0.7986381146528363
5745,0.798839375907556
5746,0.7990404360016015
5747,0.7992412951360326
5748,0.7994419535117088
5749,0.7996424113292883
5750,0.799842668789229
5751,0.8000427260917885
5752,0.8002425834370241
5753,0.8004422410247932
5754,0.8006416990547535
5755,0.8008409577263629
5756,0.8010400172388803
5757,0.8012388777913652
5758,0.8014375395826782
5759,0.8016360028114811
5760,0.8008347674263622
5761,0.8010338331260859
5762,0.801232699859593
5763,0.8004318675758753
5764,0.8006313359741003
5765,0.7998311047537364
5766,0.8000311736145522
5767,0.7992315422566166
5768,0.7984327101304232
5769,0.7986341766870144
5770,0.798835441877732
5771,0.7990365059038412
5772,0.7992373689664061
5773,0.7994380312662898
5774,0.7996384930041546
5775,0.7998387543804623
5776,0.7990393153455992
5777,0.7982406753502513
5778,0.7984423338456533
5779,0.7986437907833388
5780,0.7988450463647647
5781,0.7990461007911868
5782,0.7992469542636593
5783,0.799447606983036
5784,0.7996480591499695
5785,0.799848310964912
5786,0.8000483626281155
5787,0.8002482143396317
5788,0.7994483660494371
5789,0.7996488174576836
5790,0.7998490685146974
5791,0.8000491194207296
5792,0.8002489703758313
5793,0.7994491213299785
5794,0.7986500717334468
5795,0.7988513210370616
5796,0.7980528689420721
5797,0.798254715150026
5798,0.7984563596126446
5799,0.7986578025315725
5800,0.7978595438583775
5801,0.7980615832948009
5802,0.7982634207927571
5803,0.7984650565540837
5804,0.7986664907804165
5805,0.7988677236731897
5806,0.7990687554336363
5807,0.7992695862627881
5808,0.799470216361476
5809,0.7996706459303301
5810,0.7998708751697801
5811,0.8000709042800551
5812,0.8002707334611845
5813,0.8004703629129974
5814,0.8006697928351234
5815,0.8008690234269924
5816,0.801068054887835
5817,0.8012668874166827
5818,0.8014655212123682
5819,0.8006644562236502
5820,0.8008636921494636
5821,0.8010627289389194
5822,0.8012615667910544
5823,0.8004607056548315
5824,0.8006601452293894
5825,0.8008593854640427
5826,0.8010584265580316
5827,0.8002577684605223
5828,0.8004574108708566
5829,0.8006568537385519
5830,0.8008560972630511
5831,0.8010551416435977
5832,0.8012539870792362
5833,0.8014526337688122
5834,0.8016510819109722
5835,0.8018493317041646
5836,0.8020473833466392
5837,0.8022452370364476
5838,0.8024428929714437
5839,0.8026403513492834
5840,0.802837612367425
5841,0.8030346762231297
5842,0.8032315431134615
5843,0.8034282132352871
5844,0.8026251865354018
5845,0.8028224627107787
5846,0.803019541708569
5847,0.8032164237258518
5848,0.8034131089595091
5849,0.8036095976062263
5850,0.8038058898624919
5851,0.8040019859245984
5852,0.8031983857387667
5853,0.8033950890013966
5854,0.8035915956590663
5855,0.8037879059082826
5856,0.8039840199453558
5857,0.8031804377165249
5858,0.8033771589182076
5859,0.8025741832471249
5860,0.8027715104003013
5861,0.8029686403249386
5862,0.8031655732181671
5863,0.8033623092769195
5864,0.8035588486979321
5865,0.8037551916777443
5866,0.8039513384126992
5867,0.8031477888490683
5868,0.8033445426833021
5869,0.8035410998620295
5870,0.8027379603319326
5871,0.8029351237898716
5872,0.8031320901828852
5873,0.8033288597079398
5874,0.8035254325618049
5875,0.8027223086911783
5876,0.8029194877929363
5877,0.8031164698141328
5878,0.8023137547018747
5879,0.8025113421534471
5880,0.8027087321163122
5881,0.8029059247878602
5882,0.8031029203652836
5883,0.8032997190455782
5884,0.8034963210255426
5885,0.8036927265017789
5886,0.8038889356706926
5887,0.804084948728493
5888,0.8042807658711931
5889,0.8034768870447352
5890,0.8036733119452402
5891,0.803869540519008
5892,0.8040655729622674
5893,0.8042614094710507
5894,0.8044570502411946
5895,0.8046524954683398
5896,0.8048477453479317
5897,0.8040432998253451
5898,0.8042391585961343
5899,0.8044348216060332
5900,0.8046302890507048
5901,0.8048255611256167
5902,0.8040211377761658
5903,0.8042170186979287
5904,0.8044127038366614
5905,0.804608193388049
5906,0.8038039872977062
5907,0.8040000852614266
5908,0.8041959872251834
5909,0.8043916933848784
5910,0.8045872039362179
5911,0.8037830188248374
5912,0.8029796374966767
5913,0.8031765593982292
5914,0.803373284476292
5915,0.80356981292759
5916,0.8037661449486518
5917,0.8039622807358096
5918,0.804158220485199
5919,0.8043539643927601
5920,0.8045495126542366
5921,0.8047448654651769
5922,0.8049400230209338
5923,0.805134985516665
5924,0.8053297531473329
5925,0.8055243261077054
5926,0.8057187045923554
5927,0.8059128887956614
5928,0.8061068789118077
5929,0.8063006751347843
5930,0.8064942776583878
5931,0.8066876866762205
5932,0.8068809023816915
5933,0.8060744247181416
5934,0.806268253379093
5935,0.8064618883082494
5936,0.8056558294493705
5937,0.8058500764963976
5938,0.8050446291435777
5939,0.8052394870854631
5940,0.805434150266787
5941,0.8056286188822125
5942,0.8058228931262083
5943,0.8050174729431736
5944,0.8052123580276882
5945,0.8054070483245122
5946,0.8056015440283357
5947,0.8057958453336548
5948,0.8059899524347706
5949,0.8061838655257902
5950,0.806377584800627
5951,0.8065711104530002
5952,0.8067644426764355
5953,0.8069575816642652
5954,0.8071505276096282
5955,0.8063437804555956
5956,0.8065373398954201
5957,0.8067307058725361
5958,0.8069238785803097
5959,0.8071168582119136
5960,0.8073096449603274
5961,0.8075022390183381
5962,0.8076946405785396
5963,0.8078868498333336
5964,0.8080788669749295
5965,0.8082706921953443
5966,0.8084623256864034
5967,0.8086537676397404
5968,0.8088450182467971
5969,0.8090360776988244
5970,0.8092269461868815
5971,0.8094176239018371
5972,0.809608111034369
5973,0.8097984077749644
5974,0.8099885143139199
5975,0.8101784308413423
5976,0.8103681575471481
5977,0.810557694621064
5978,0.8107470422526272
5979,0.8109362006311852
5980,0.8111251699458967
5981,0.8113139503857308
5982,0.8115025421394683
5983,0.8116909453957006
5984,0.8118791603428314
5985,0.8120671871690754
5986,0.8112555258125846
5987,0.8114441759616975
5988,0.8116326375549392
5989,0.8118209107807713
5990,0.8120089958274672
5991,0.8121968928831119
5992,0.8123846021356026
5993,0.8125721237726484
5994,0.8127594579817712
5995,0.8129466049503051
5996,0.8131335648653972
5997,0.8133203379140075
5998,0.813506924282909
5999,0.8136933241586882
6000,0.813879537727745
6001,0.813066064926418
6002,0.8132529054412342
6003,0.8134395592089091
6004,0.8136260264160966
6005,0.8128128069993888
6006,0.8129999006455664
6007,0.8131868072915978
6008,0.8123740268745148
6009,0.8125615590815367
6010,0.8127489038500709
6011,0.8129360613674621
6012,0.813123031820868
6013,0.8133098153972589
6014,0.8134964122834185
6015,0.8136828226659438
6016,0.8138690467312453
6017,0.8140550846655469
6018,0.8142409366548866
6019,0.8144266028851166
6020,0.8146120835419031
6021,0.8147973788107268
6022,0.814982488876883
6023,0.8151674139254818
6024,0.8153521541414482
6025,0.8155367097095227
6026,0.8157210808142609
6027,0.8159052676400337
6028,0.8160892703710282
6029,0.815273588941372
6030,0.8154582230353836
6031,0.8146431723376971
6032,0.8138289362833866
6033,0.8140150143080909
6034,0.814200906347763
6035,0.8133871123384199
6036,0.8135736319662675
6037,0.8137599651677005
6038,0.8139461121290522
6039,0.8141320730364694
6040,0.8133183478260382
6041,0.8135049361840332
6042,0.8136913380469177
6043,0.8138775536010937
6044,0.8130640827829018
6045,0.8132509252788709
6046,0.8124380807758436
6047,0.8126255489609752
6048,0.8128128297716088
6049,0.8129999233950256
6050,0.8131868300183189
6051,0.8133735498283956
6052,0.8135600830119755
6053,0.8137464297555916
6054,0.8139325902455911
6055,0.8141185646681341
6056,0.8143043532091955
6057,0.8144899560545636
6058,0.8146753733898414
6059,0.8148606054004462
6060,0.8150456522716102
6061,0.8152305141883802
6062,0.8154151913356182
6063,0.8155996838980014
6064,0.8157839920600224
6065,0.8159681160059894
6066,0.8161520559200264
6067,0.8153363117361982
6068,0.8155208831387608
6069,0.8157052700621603
6070,0.8158894726907838
6071,0.816073491208834
6072,0.8162573258003294
6073,0.8164409766491046
6074,0.8156249436889357
6075,0.8158092266037893
6076,0.8159933253278235
6077,0.816177240045137
6078,0.8163609709396447
6079,0.8165445181950773
6080,0.8157283817451073
6081,0.8159125612735979
6082,0.8160965567146038
6083,0.8162803682521205
6084,0.8164639960699595
6085,0.8166474403517486
6086,0.8168307012809323
6087,0.8170137790407714
6088,0.8171966738143439
6089,0.8173793857845445
6090,0.8175619151340852
6091,0.8177442620454953
6092,0.817926426701122
6093,0.8181084092831299
6094,0.8182902099735015
6095,0.8174723287041628
6096,0.817654765157232
6097,0.8178370192650208
6098,0.8180190912097834
6099,0.8182009811735917
6100,0.8183826893383358
6101,0.8185642158857238
6102,0.8187455609972824
6103,0.8189267248543566
6104,0.8191077076381104
6105,0.8192885095295266
6106,0.8194691307094071
6107,0.8196495713583732
6108,0.8198298316568656
6109,0.8200099117851446
6110,0.8191903116734153
6111,0.8193710310020775
6112,0.8195515697017256
6113,0.8197319279528983
6114,0.8199121059359539
6115,0.8200921038310703
6116,0.8202719218182457
6117,0.8204515600772979
6118,0.8206310187878654
6119,0.8208102981294068
6120,0.8209893982812014
6121,0.8211683194223497
6122,0.8213470617317726
6123,0.8215256253882126
6124,0.8207045103203583
6125,0.8208837162070945
6126,0.8200632427276272
6127,0.8202430895614826
6128,0.8204227566383827
6129,0.8206022441379945
6130,0.8207815522398056
6131,0.8209606811231241
6132,0.820140130717204
6133,0.8203199007014947
6134,0.8204994910056411
6135,0.8196794015593586
6136,0.8198596320425576
6137,0.8200396823853436
6138,0.820219552767767
6139,0.8203992433696983
6140,0.8205787543708281
6141,0.8207580859506673
6142,0.8209372382885477
6143,0.8211162115636216
6144,0.8212950059548624
6145,0.8204741213911894
6146,0.8206535575517179
6147,0.8208328143657592
6148,0.82101189201257
6149,0.821190790671228
6150,0.8213695105206321
6151,0.8215480517395021
6152,0.8217264145063792
6153,0.8209050987497511
6154,0.8210841041483021
6155,0.8212629306309125
6156,0.8214415783764089
6157,0.821620047563439
6158,0.821798338370472
6159,0.8219764509757989
6160,0.8221543855575322
6161,0.8223321422936066
6162,0.8225097213617789
6163,0.8226871229396282
6164,0.8228643472045561
6165,0.823041394333787
6166,0.8232182645043679
6167,0.8233949578931691
6168,0.8235714746768841
6169,0.8237478150320297
6170,0.8239239791349462
6171,0.8240999671617978
6172,0.8242757792885727
6173,0.8234519154412078
6174,0.8236283752958392
6175,0.8238046587788019
6176,0.8239807660663794
6177,0.8241566973346789
6178,0.8243324527596317
6179,0.8245080325169934
6180,0.8246834367823438
6181,0.8248586657310871
6182,0.8250337195384524
6183,0.8252085983794935
6184,0.8253833024290892
6185,0.8255578318619436
6186,0.8257321868525864
6187,0.8249068673254973
6188,0.825081872955357
6189,0.8252567036670457
6190,0.8254313596353945
6191,0.8246063407851842
6192,0.824781646791396
6193,0.8239572773293357
6194,0.8241332320746336
6195,0.8243090109531197
6196,0.8244846141405728
6197,0.8246600418125962
6198,0.8248352941446176
6199,0.8250103713118894
6200,0.8251852734894887
6201,0.8243605006024427
6202,0.8245360523259785
6203,0.8247114285855227
6204,0.8248866295564518
6205,0.8250616554139666
6206,0.8252365063330931
6207,0.8254111824886822
6208,0.8245861838055351
6209,0.8247615099586529
6210,0.824936660873237
6211,0.8241121364745632
6212,0.8242879364381068
6213,0.8234640604396679
6214,0.8236405081553704
6215,0.8238167795115369
6216,0.8229933744345638
6217,0.823170292601046
6218,0.8233470339377766
6219,0.822524098371622
6220,0.8227014855796464
6221,0.822878695489112
6222,0.8230557282772288
6223,0.8232325841210297
6224,0.8234092631973705
6225,0.8235857656829304
6226,0.8237620917542118
6227,0.8239382415875409
6228,0.8241142153590676
6229,0.8232905129948906
6230,0.8234671341713076
6231,0.8236435788148145
6232,0.8238198471018562
6233,0.823995939208701
6234,0.8241718553114409
6235,0.8243475955859921
6236,0.8235236599582201
6237,0.8237000481041888
6238,0.8238762599501617
6239,0.8240522956723504
6240,0.8242281554467908
6241,0.8244038394493428
6242,0.8245793478556903
6243,0.8247546808413418
6244,0.8249298385816304
6245,0.8251048212517137
6246,0.8252796290265746
6247,0.8254542620810208
6248,0.8256287205896854
6249,0.8258030047270271
6250,0.8259771146673299
6251,0.826151050584704
6252,0.8263248126530851
6253,0.8264984010462354
6254,0.8266718159377434
6255,0.826845057501024
6256,0.8270181259093188
6257,0.8271910213356962
6258,0.8273637439530518
6259,0.8275362939341082
6260,0.8277086714514155
6261,0.8278808766773511
6262,0.8270534095342453
6263,0.8272262696946309
6264,0.8273989570812429
6265,0.8275714718667689
6266,0.8277438142237237
6267,0.8269164840745745
6268,0.8260899808421162
6269,0.8262638039497202
6270,0.8264374533210848
6271,0.8266109291298593
6272,0.8267842315495196
6273,0.8269573607533682
6274,0.8271303169145343
6275,0.8273031002059741
6276,0.8274757108004709
6277,0.8276481488706353
6278,0.8278204145889055
6279,0.8279925081275473
6280,0.8281644296586542
6281,0.8283361793541478
6282,0.8285077573857779
6283,0.8286791639251224
6284,0.828850399143588
6285,0.82902146321241
6286,0.8291923563026524
6287,0.8293630785852085
6288,0.8295336302308005
6289,0.8297040114099801
6290,0.8298742222931285
6291,0.8290447628005816
6292,0.8292156326028799
6293,0.829386331620768
6294,0.8295568600249452
6295,0.8297272179859397
6296,0.8298974056741097
6297,0.8300674232596429
6298,0.8302372709125568
6299,0.8304069488026992
6300,0.8305764570997479
6301,0.8307457959732114
6302,0.8309149655924286
6303,0.8310839661265691
6304,0.8312527977446335
6305,0.8314214606154534
6306,0.8315899549076918
6307,0.831758280789843
6308,0.8309269381803579
6309,0.8310959267478938
6310,0.8312647464113142
6311,0.8314333973394388
6312,0.8316018797009186
6313,0.831770193664236
6314,0.831938339397705
6315,0.8321063170694715
6316,0.832274126847513
6317,0.8324417688996394
6318,0.8326092433934928
6319,0.8327765504965479
6320,0.8329436903761115
6321,0.8331106631993238
6322,0.8332774691331576
6323,0.8334441083444188
6324,0.8326110807498717
6325,0.8327783860164885
6326,0.8329455240614495
6327,0.8331124950518929
6328,0.8332792991547896
6329,0.8334459365369438
6330,0.8336124073649928
6331,0.8337787118054075
6332,0.8339448500244926
6333,0.8341108221883862
6334,0.8342766284630605
6335,0.8344422690143218
6336,0.8346077440078108
6337,0.8347730536090023
6338,0.8339386977333312
6339,0.8341046760464413
6340,0.834270488464186
6341,0.8344361351523778
6342,0.8346016162766633
6343,0.8347669320025237
6344,0.8349320824952748
6345,0.8350970679200672
6346,0.8352618884418862
6347,0.8354265442255525
6348,0.8355910354357219
6349,0.8357553622368856
6350,0.8359195247933705
6351,0.8360835232693391
6352,0.83624735782879
6353,0.8364110286355578
6354,0.8365745358533134
6355,0.836737879645564
6356,0.8369010601756534
6357,0.8370640776067622
6358,0.8372269321019078
6359,0.8373896238239449
6360,0.8375521529355652
6361,0.8367150193494227
6362,0.8368782227283839
6363,0.837041262985527
6364,0.8372041402838922
6365,0.8373668547863571
6366,0.8375294066556361
6367,0.8376917960542811
6368,0.8378540231446816
6369,0.8380160880890647
6370,0.8381779910494954
6371,0.8383397321878767
6372,0.8385013116659498
6373,0.8386627296452941
6374,0.8388239862873278
6375,0.8389850817533074
6376,0.8381465159544536
6377,0.8383082885522002
6378,0.838469899458195
6379,0.8386313488340488
6380,0.8387926368412112
6381,0.837954263391095
6382,0.8371167278954518
6383,0.8362800295167457
6384,0.8364436676681533
6385,0.8366071422631876
6386,0.8367704534653233
6387,0.8369336014378717
6388,0.8370965863439808
6389,0.8372594083466355
6390,0.8374220676086578
6391,0.8375845642927071
6392,0.8377468985612802
6393,0.8379090705767112
6394,0.8380710805011722
6395,0.8382329284966733
6396,0.8383946147250624
6397,0.8385561393480259
6398,0.8387175025270883
6399,0.838878704423613
6400,0.8390397451988018
6401,0.8392006250136955
6402,0.8393613440291741
6403,0.8395219024059565
6404,0.8396823003046012
6405,0.8398425378855062
6406,0.840002615308909
6407,0.8401625327348871
6408,0.8403222903233579
6409,0.8404818882340792
6410,0.8406413266266488
6411,0.8408006056605052
6412,0.8409597254949275
6413,0.8411186862890355
6414,0.8412774882017902
6415,0.8404366311421182
6416,0.8405961147691625
6417,0.8407554389922818
6418,0.8409146039708002
6419,0.8410736098638829
6420,0.8412324568305357
6421,0.8413911450296057
6422,0.8415496746197809
6423,0.8417080457595912
6424,0.8418662586074077
6425,0.8420243133214433
6426,0.8421822100597527
6427,0.8413404487303576
6428,0.8414990289914966
6429,0.8416574507516251
6430,0.8408162139192896
6431,0.8409753181532533
6432,0.8411342633624954
6433,0.8412930497059612
6434,0.841451677342437
6435,0.8416101464305504
6436,0.8417684571287708
6437,0.8419266095954087
6438,0.8420846039886166
6439,0.8422424404663891
6440,0.8424001191865625
6441,0.8415581400569409
6442,0.8417165027355447
6443,0.8418747071306116
6444,0.8420327534003461
6445,0.8421906417027946
6446,0.8423483721958452
6447,0.8425059450372288
6448,0.8426633603845178
6449,0.842820618395128
6450,0.8429777192263173
6451,0.8431346630351865
6452,0.8432914499786796
6453,0.8434480802135834
6454,0.8436045538965283
6455,0.8437608711839881
6456,0.84391703223228
6457,0.8440730371975651
6458,0.8432293859859733
6459,0.8423865780039783
6460,0.842544112658647
6461,0.842701489857389
6462,0.8428587097575815
6463,0.8430157725164444
6464,0.8431726782910407
6465,0.8433294272382761
6466,0.8434860195148995
6467,0.8436424552775034
6468,0.8437987346825233
6469,0.8439548578862389
6470,0.8441108250447734
6471,0.8442666363140939
6472,0.8444222918500118
6473,0.8445777918081827
6474,0.8447331363441065
6475,0.8448883256131279
6476,0.8450433597704361
6477,0.8441987387211903
6478,0.8433549618708943
6479,0.843511528625646
6480,0.8436679388918873
6481,0.8438241928260284
6482,0.8439802905843232
6483,0.8441362323228696
6484,0.8442920181976094
6485,0.8444476483643284
6486,0.8446031229786569
6487,0.8447584421960695
6488,0.8449136061718856
6489,0.8450686150612691
6490,0.8442239687693538
6491,0.8443796669514934
6492,0.843535709263386
6493,0.8426925951111987
6494,0.8428498239016922
6495,0.8430068955419703
6496,0.8421643099392296
6497,0.8423220667508846
6498,0.8424796658845669
6499,0.8416376072480006
6500,0.8417958904991271
6501,0.8419540155461045
6502,0.8421119825470579
6503,0.8412702914100794
6504,0.8414289417934776
6505,0.8415874336057779
6506,0.8407462667555973
6507,0.8409054409017686
6508,0.840064955703466
6509,0.8402248108202042
6510,0.8393850059118382
6511,0.839545540638563
6512,0.8397059149107884
6513,0.8398661288888886
6514,0.8400261827330776
6515,0.8401860766034094
6516,0.8403458106597778
6517,0.8405053850619169
6518,0.8406647999694012
6519,0.8408240555416457
6520,0.840983151937906
6521,0.8411420893172784
6522,0.8403013675888253
6523,0.840460986411825
6524,0.8406204456957712
6525,0.8407797456001233
6526,0.8409388862841811
6527,0.8400983676572105
6528,0.8402581893786926
6529,0.840417851358324
6530,0.840577353755767
6531,0.8397371964806488
6532,0.839897379192812
6533,0.8390579015524394
6534,0.8392187632200532
6535,0.83937946410639
6536,0.8395400043721507
6537,0.8397003841778757
6538,0.8398606036839448
6539,0.8400206630505775
6540,0.8401805624378333
6541,0.8403403020056116
6542,0.840499881913652
6543,0.8406593023215344
6544,0.8398190631388043
6545,0.8399791640252222
6546,0.8401391048907643
6547,0.8392993856454961
6548,0.8394600059496985
6549,0.8396204657138667
6550,0.8397807650984606
6551,0.8399409042637794
6552,0.8401008833699626
6553,0.8402607025769891
6554,0.8404203620446783
6555,0.8405798619326896
6556,0.840739202400523
6557,0.840898383607519
6558,0.8410574057128588
6559,0.8412162688755646
6560,0.8413749732544995
6561,0.841533519008368
6562,0.841691906295716
6563,0.8418501352749307
6564,0.8420082061042411
6565,0.8421661189417181
6566,0.8423238739452746
6567,0.8424814712726657
6568,0.8426389110814886
6569,0.8427961935291832
6570,0.8429533187730321
6571,0.8421107867202855
6572,0.8422685970284112
6573,0.8424262496050944
6574,0.8425837446079878
6575,0.8417415819447115
6576,0.8409002610232276
6577,0.84105928125209
6578,0.8412181425401938
6579,0.8403773447965255
6580,0.8405368876802871
6581,0.8406962711008965
6582,0.8398559949678621
6583,0.8400160589409077
6584,0.8401759629299722
6585,0.8403357070949597
6586,0.8404952915956144
6587,0.8396552163416457
6588,0.8398154809929784
6589,0.839975585459752
6590,0.8401355299020711
6591,0.8402953144798802
6592,0.8404549393529638
6593,0.8396149044310718
6594,0.8397752093741692
6595,0.8399353540924358
6596,0.8400953387460166
6597,0.8402551634948962
6598,0.8404148284988993
6599,0.840574333917691
6600,0.8407336799107767
6601,0.8408928666375026
6602,0.8410518942570553
6603,0.8412107629284625
6604,0.841369472810593
6605,0.8415280240621567
6606,0.8416864168417048
6607,0.8418446513076301
6608,0.8420027276181672
6609,0.8421606459313924
6610,0.842318406405224
6611,0.8424760091974227
6612,0.8426334544655912
6613,0.8427907423671749
6614,0.8429478730594616
6615,0.8431048466995821
6616,0.84326166344451
6617,0.8434183234510623
6618,0.8435748268758988
6619,0.8437311738755231
6620,0.8438873646062822
6621,0.8440433992243669
6622,0.8441992778858118
6623,0.8443550007464957
6624,0.8445105679621414
6625,0.8446659796883161
6626,0.8448212360804318
6627,0.8449763372937447
6628,0.844131783233481
6629,0.8432880733052117
6630,0.8434447069151015
6631,0.8426016837197841
6632,0.842759003376236
6633,0.8429161657916521
6634,0.8430731711231947
6635,0.8432300195278691
6636,0.843386711162524
6637,0.8435432461838508
6638,0.8436996247483847
6639,0.8438558470125043
6640,0.8440119131324318
6641,0.8441678232642336
6642,0.8443235775638195
6643,0.8444791761869441
6644,0.844634619289206
6645,0.8447899070260484
6646,0.844945039552759
6647,0.8451000170244704
6648,0.84525483959616
6649,0.8454095074226505
6650,0.8455640206586099
6651,0.8457183794585513
6652,0.8458725839768336
6653,0.8460266343676613
6654,0.8461805307850849
6655,0.8463342733830009
6656,0.8464878623151518
6657,0.8466412977351266
6658,0.8467945797963609
6659,0.8469477086521366
6660,0.8471006844555827
6661,0.8472535073596751
6662,0.8474061775172367
6663,0.8475586950809376
6664,0.8477110602032955
6665,0.8478632730366754
6666,0.8480153337332904
6667,0.8481672424452011
6668,0.8483189993243164
6669,0.8484706045223931
6670,0.8476225579411614
6671,0.8467753589826994
6672,0.8459290067998082
6673,0.8460830007960103
6674,0.8462368408751747
6675,0.8463905271911415
6676,0.8465440598975972
6677,0.8456979388981993
6678,0.8458521638468268
6679,0.8460062346475796
6680,0.8461601514545286
6681,0.8463139144215905
6682,0.8454680234526535
6683,0.8456224782018262
6684,0.8447772783235635
6685,0.8449324234726654
6686,0.845087413554152
6687,0.8452422487230133
6688,0.8443974288842098
6689,0.8445529536929212
6690,0.8447083230545475
6691,0.8448635371244579
6692,0.8440190958079917
6693,0.8441749987607073
6694,0.8443307458883827
6695,0.8444863373467651
6696,0.8446417732914461
6697,0.8437975536279864
6698,0.8439536780121663
6699,0.8441096463499852
6700,0.8442654587974115
6701,0.8434216152603826
6702,0.8435781153950549
6703,0.8437344591078034
6704,0.843890646554972
6705,0.8430471776428731
6706,0.8432040520280376
6707,0.843360769617215
6708,0.8435173305671227
6709,0.843673735034322
6710,0.8438299831752172
6711,0.8439860751460565
6712,0.844142011102932
6713,0.8442977912017796
6714,0.8444534155983795
6715,0.8446088844483561
6716,0.8447641979071784
6717,0.8439198558802846
6718,0.8440758580233328
6719,0.8442317042422001
6720,0.8443873946927326
6721,0.8445429295306209
6722,0.8436988086615249
6723,0.8428555314914484
6724,0.8430125974269892
6725,0.8431695063750881
6726,0.8423267582427792
6727,0.8424843526873143
6728,0.8426417896161625
6729,0.841799568936886
6730,0.841957690307264
6731,0.8421156536352927
6732,0.8422734590789356
6733,0.8424311067959981
6734,0.842588596944128
6735,0.8427459296808155
6736,0.8429031051633934
6737,0.8420606232991621
6738,0.8422184837456397
6739,0.8423761864105616
6740,0.8415342312017554
6741,0.8416926177772659
6742,0.8418508460453545
6743,0.8420089161642498
6744,0.8421668282920216
6745,0.8423245825865823
6746,0.8424821792056861
6747,0.8426396183069298
6748,0.8427969000477524
6749,0.8429540245854358
6750,0.8421114918272294
6751,0.8412698011807255
6752,0.8414284520541081
6753,0.8415869443559031
6754,0.8417452782446029
6755,0.8419034538785413
6756,0.842061471415894
6757,0.8412198307648037
6758,0.8413785315836294
6759,0.8415370737809471
6760,0.841695457515299
6761,0.8418536829450688
6762,0.8420117502284821
6763,0.842169659523606
6764,0.8423274109883501
6765,0.8424850047804656
6766,0.8426424410575466
6767,0.8427997199770293
6768,0.8429568416961927
6769,0.8421143061222834
6770,0.8422721129127659
6771,0.8414302617254469
6772,0.841588752218475
6773,0.8417470843002156
6774,0.841905258129001
6775,0.842063273863005
6776,0.8422211316602434
6777,0.842378831678574
6778,0.8425363740756968
6779,0.8416942587592794
6780,0.8418524853872061
6781,0.8420105538675787
6782,0.8411689641085907
6783,0.8413277157686521
6784,0.8414863087563895
6785,0.8416447432303962
6786,0.8418030193491064
6787,0.8419611372707965
6788,0.8421190971535842
6789,0.8422768991554297
6790,0.8424345434341349
6791,0.8415925298974691
6792,0.8417508582034187
6793,0.8419090282601869
6794,0.8420670402259438
6795,0.8422248942587015
6796,0.842382590516314
6797,0.8425401291564777
6798,0.8426975103367311
6799,0.8428547342144556
6800,0.8430118009468749
6801,0.8431687106910559
6802,0.8433254636039085
6803,0.8424825595923103
6804,0.8426399983133575
6805,0.8427972796743636
6806,0.8429544038326101
6807,0.8431113709452212
6808,0.8432681811691639
6809,0.8434248346612487
6810,0.842581831328254
6811,0.8427391708271763
6812,0.8418968528153551
6813,0.8420548769504722
6814,0.8422127431404267
6815,0.842370451543085
6816,0.8425280023161553
6817,0.8426853956171887
6818,0.8428426316035783
6819,0.8429997104325603
6820,0.8421571320113383
6821,0.842314895997334
6822,0.8424725022981863
6823,0.8426299510715014
6824,0.8427872424747282
6825,0.8429443766651583
6826,0.8421018535500507
6827,0.8422596727868823
6828,0.8424173342833472
6829,0.842574838197107
6830,0.8427321846856656
6831,0.8418898736564945
6832,0.8420479047672826
6833,0.842205777925936
6834,0.8413639930404528
6835,0.8415225497690481
6836,0.8406814477702784
6837,0.8408406867030418
6838,0.840999766476452
6839,0.841158687249589
6840,0.8413174491813735
6841,0.8414760524305676
6842,0.8416344971557744
6843,0.8417927835154388
6844,0.8419509116678472
6845,0.8421088817711277
6846,0.8422666939832506
6847,0.842424348462028
6848,0.8425818453651144
6849,0.8417396846001317
6850,0.8418978658249192
6851,0.842055888947533
6852,0.8422137541259963
6853,0.8423714615181742
6854,0.8415295110318992
6855,0.8416879023252206
6856,0.8408466350565298
6857,0.8410057088845593
6858,0.8401651234683828
6859,0.8403248784674149
6860,0.8404844737912855
6861,0.8406439095995901
6862,0.8408031860517644
6863,0.840962303307085
6864,0.8401217612747941
6865,0.8402815596143495
6866,0.8394416979855496
6867,0.8396021760485325
6868,0.8397624937136514
6869,0.839922651141224
6870,0.8390831482415326
6871,0.8392439846750743
6872,0.8394046603525606
6873,0.8395651754346669
6874,0.8387260298320336
6875,0.8388872232055148
6876,0.8390482554661789
6877,0.8392091267750583
6878,0.8393698372930243
6879,0.8395303871807873
6880,0.8396907765988975
6881,0.8398510057077442
6882,0.8400110746675565
6883,0.8401709836384036
6884,0.8393312325303193
6885,0.8394918210035524
6886,0.8396522489685663
6887,0.8398125165857891
6888,0.8399726240154886
6889,0.840132571417772
6890,0.8402923589525868
6891,0.8404519867797207
6892,0.8406114550588014
6893,0.8407707639492974
6894,0.8399304133606424
6895,0.8400904029524858
6896,0.8402502326346922
6897,0.8404099025670914
6898,0.8405694129093532
6899,0.840728763820988
6900,0.8408879554613469
6901,0.8410469879896214
6902,0.8412058615648442
6903,0.8413645763458889
6904,0.8415231324914703
6905,0.8416815301601445
6906,0.8418397695103093
6907,0.8419978507002039
6908,0.8421557738879099
6909,0.8423135392313502
6910,0.8424711468882904
6911,0.8426285970163381
6912,0.8427858897729434
6913,0.8429430253153992
6914,0.843100003800841
6915,0.8432568253862475
6916,0.8434134902284401
6917,0.8435699984840839
6918,0.843726350309687
6919,0.8438825458616014
6920,0.8440385852960226
6921,0.8441944687689901
6922,0.8443501964363874
6923,0.8445057684539422
6924,0.8446611849772266
6925,0.8448164461616572
6926,0.8449715521624951
6927,0.8451265031348464
6928,0.8452812992336621
6929,0.8454359406137384
6930,0.8455904274297167
6931,0.8457447598360838
6932,0.8458989379871722
6933,0.8460529620371601
6934,0.8452073318901964
6935,0.8453620472006509
6936,0.844517107623239
6937,0.8436730125631458
6938,0.8438292614261511
6939,0.8439853541183788
6940,0.8431417905460467
6941,0.8432985703655909
6942,0.8424556932337912
6943,0.8426131588077704
6944,0.8417709667449941
6945,0.8409296164533949
6946,0.8410886073414975
6947,0.8402479390682926
6948,0.8404076112931119
6949,0.8405671239255026
6950,0.8407264771249774
6951,0.8408856710508894
6952,0.8410447058624327
6953,0.8412035817186422
6954,0.8413622987783936
6955,0.8405213569505292
6956,0.8406807558941068
6957,0.8408399955184006
6958,0.8409990759826501
6959,0.8411579974459358
6960,0.8413167600671793
6961,0.8414753640051431
6962,0.8416338094184314
6963,0.8417920964654894
6964,0.8419502253046043
6965,0.8421081960939051
6966,0.8422660089913624
6967,0.8424236641547893
6968,0.842581161741841
6969,0.842738501910015
6970,0.8428956848166517
6971,0.8430527106189338
6972,0.8432095794738874
6973,0.8433662915383813
6974,0.8435228469691275
6975,0.8436792459226816
6976,0.8438354885554425
6977,0.843991575023653
6978,0.8441475054833995
6979,0.8443032800906124
6980,0.8444588990010665
6981,0.8446143623703808
6982,0.8447696703540186
6983,0.844924823107288
6984,0.8450798207853417
6985,0.8452346635431774
6986,0.845389351535638
6987,0.8445443846675365
6988,0.8446997625939058
6989,0.8448549852199988
6990,0.8450100527010382
6991,0.8451649651920917
6992,0.8453197228480717
6993,0.8444748255738607
6994,0.8446302730245615
6995,0.8447855651054965
6996,0.8449407019719578
6997,0.8450956837790823
6998,0.8452505106818519
6999,0.8454051828350934
7000,0.845559700393479
7001,0.8457140635115266
7002,0.845868272343599
7003,0.8460223270439052
7004,0.8461762277665
7005,0.8463299746652841
7006,0.8464835678940045
7007,0.8466370076062544
7008,0.8467902939554736
7009,0.8469434270949483
7010,0.8460969069279368
7011,0.8462507331079189
7012,0.8464044055385956
7013,0.8465579243736395
7014,0.8467112897665694
7015,0.8458650016208756
7016,0.84601905959027
7017,0.8451734633288105
7018,0.8453282124909006
7019,0.8454828069811646
7020,0.845637246954197
7021,0.8457915325644376
7022,0.8459456639661723
7023,0.8460996413135324
7024,0.8462534647604955
7025,0.8464071344608848
7026,0.8465606505683702
7027,0.8457145129865927
7028,0.8458687213694147
7029,0.8450232753710445
7030,0.845178174646036
7031,0.8453329190991633
7032,0.8454875088851711
7033,0.8446424439087742
7034,0.8447977238249074
7035,0.8449528485387255
7036,0.8451078182053535
7037,0.845262632979761
7038,0.8454172930167627
7039,0.8455717984710188
7040,0.8457261494970348
7041,0.8448808459992867
7042,0.8450358876324708
7043,0.8451907743015038
7044,0.8443460059113974
7045,0.844501582117383
7046,0.8446570028249119
7047,0.8448122681894047
7048,0.8449673783661269
7049,0.8451223335101887
7050,0.8452771337765453
7051,0.845431779319997
7052,0.8445867700453144
7053,0.844742105607488
7054,0.8448972859117284
7055,0.845052311113216
7056,0.8452071813669759
7057,0.8443623965780035
7058,0.8445179564015137
7059,0.8446733607429415
7060,0.8438291095078162
7061,0.8439852023518863
7062,0.8441411391811199
7063,0.8442969201514536
7064,0.8434530451687935
7065,0.8436095138892644
7066,0.8437658262192101
7067,0.8439219823149431
7068,0.8440779823326193
7069,0.8442338264282389
7070,0.8443895147576459
7071,0.8435455472266538
7072,0.8437019234912948
7073,0.8428586432079452
7074,0.8430157060333247
7075,0.8431726118743708
7076,0.8433293608879896
7077,0.8434859532309301
7078,0.8436423890597847
7079,0.8437986685309893
7080,0.8439547918008233
7081,0.8441107590254102
7082,0.8442665703607172
7083,0.8444222259625556
7084,0.844577725986581
7085,0.8447330705882935
7086,0.8448882599230378
7087,0.8450432941460033
7088,0.8451981734122243
7089,0.8453528978765799
7090,0.8455074676937947
7091,0.8456618830184386
7092,0.8458161440049269
7093,0.8449707505576456
7094,0.8451257023312012
7095,0.8442809989805453
7096,0.8444366401609745
7097,0.844592125778005
7098,0.8447474559871224
7099,0.844902630943657
7100,0.8450576508027838
7101,0.8452125157195227
7102,0.8453672258487386
7103,0.8455217813451417
7104,0.8456761823632875
7105,0.845830429057577
7106,0.8459845215822571
7107,0.8461384600914202
7108,0.846292244739005
7109,0.8464458756787961
7110,0.8465993530644246
7111,0.8467526770493676
7112,0.8469058477869494
7113,0.8470588654303408
7114,0.8472117301325593
7115,0.8473644420464699
7116,0.8475170013247842
7117,0.8476694081200619
7118,0.8478216625847095
7119,0.8479737648709816
7120,0.8481257151309807
7121,0.8482775135166568
7122,0.8484291601798086
7123,0.8485806552720827
7124,0.8487319989449742
7125,0.8488831913498268
7126,0.849034232637833
7127,0.849185122960034
7128,0.8493358624673203
7129,0.8494864513104314
7130,0.8496368896399562
7131,0.849787177606333
7132,0.84993731535985
7133,0.8500873030506447
7134,0.850237140828705
7135,0.8503868288438687
7136,0.8495368669959489
7137,0.8496872549349834
7138,0.8488379923113603
7139,0.8479895785259416
7140,0.8481415129801885
7141,0.8482932955759104
7142,0.84844492646489
7143,0.8485964057987582
7144,0.8487477337289943
7145,0.8488989104069263
7146,0.849049935983731
7147,0.849200810610434
7148,0.8493515344379098
7149,0.8495021076168824
7150,0.849652530297925
7151,0.8498028026314602
7152,0.8499529247677606
7153,0.8501028968569483
7154,0.8502527190489954
7155,0.850402391493724
7156,0.8505519143408067
7157,0.8507012877397664
7158,0.8508505118399765
7159,0.8509995867906612
7160,0.8511485127408954
7161,0.8512972898396052
7162,0.8514459182355676
7163,0.8505948978275361
7164,0.85074422826449
7165,0.850893409445635
7166,0.8510424415201521
7167,0.8511913246370735
7168,0.8513400589452823
7169,0.8514886445935129
7170,0.851637081730351
7171,0.8517853705042338
7172,0.8519335110634499
7173,0.8520815035561401
7174,0.8512298478804218
7175,0.8513785436846393
7176,0.8515270908673632
7177,0.851675489577141
7178,0.8518237399623713
7179,0.8519718421713044
7180,0.8521197963520427
7181,0.8522676026525404
7182,0.8524152612206038
7183,0.8525627722038917
7184,0.8527101357499147
7185,0.8528573520060367
7186,0.8530044211194739
7187,0.8531513432372956
7188,0.8532981185064237
7189,0.8534447470736336
7190,0.8525917288356789
7191,0.8527390634395413
7192,0.8528862507824303
7193,0.8530332910115334
7194,0.8531801842738906
7195,0.8533269307163955
7196,0.8534735304857944
7197,0.8536199837286872
7198,0.8537662905915271
7199,0.853912451220621
7200,0.8540584657621296
7201,0.8542043343620676
7202,0.8543500571663034
7203,0.85449563432056
7204,0.8546410659704144
7205,0.8547863522612986
7206,0.8539319930886237
7207,0.8540779880980304
7208,0.8542238371853886
7209,0.8543695404965477
7210,0.8545150981772108
7211,0.8546605103729358
7212,0.8548057772291348
7213,0.8549508988910747
7214,0.8550958755038772
7215,0.855240707212519
7216,0.8553853941618318
7217,0.8555299364965027
7218,0.8556743343610739
7219,0.8558185878999434
7220,0.8559626972573647
7221,0.8561066625774473
7222,0.8562504840041565
7223,0.8563941616813138
7224,0.8565376957525969
7225,0.8566810863615398
7226,0.8568243336515333
7227,0.8559679375159496
7228,0.8561118975983923
7229,0.8562557137926968
7230,0.8563993862426791
7231,0.8565429150920117
7232,0.8566863004842237
7233,0.8568295425627002
7234,0.8569726414706834
7235,0.8571155973512724
7236,0.857258410347423
7237,0.8574010806019483
7238,0.8575436082575185
7239,0.8576859934566614
7240,0.8578282363417622
7241,0.8579703370550638
7242,0.8581122957386669
7243,0.8572546122846553
7244,0.8573972863353453
7245,0.8575398177832859
7246,0.8576822067710088
7247,0.8578244534409029
7248,0.8579665579352148
7249,0.8581085203960492
7250,0.8582503409653686
7251,0.8583920197849934
7252,0.8585335569966026
7253,0.8586749527417334
7254,0.8588162071617816
7255,0.8579578201481267
7256,0.8580997913423815
7257,0.8582416206363921
7258,0.8583833081719879
7259,0.8575253538409815
7260,0.8576677572854183
7261,0.8578100183975769
7262,0.8579521373197182
7263,0.8580941141939613
7264,0.8582359491622832
7265,0.8583776423665188
7266,0.8575196936984864
7267,0.857662102800237
7268,0.8578043695640549
7269,0.8569469938823318
7270,0.8570899753976917
7271,0.8572328140029913
7272,0.8563760095911943
7273,0.8565195618054959
7274,0.8556634702894484
7275,0.8558077346869603
7276,0.8559518548921707
7277,0.8560958310492001
7278,0.8562396633020245
7279,0.8563833517944762
7280,0.8565268966702438
7281,0.8556707978229973
7282,0.8558150548966375
7283,0.8559591677852965
7284,0.8561031366330872
7285,0.8562469615839787
7286,0.8553911425319208
7287,0.8555356791210943
7288,0.8556800712459108
7289,0.8548248188008875
7290,0.8549699214307717
7291,0.855114879030541
7292,0.8552596917451531
7293,0.8554043597194209
7294,0.8555488830980121
7295,0.8556932620254504
7296,0.8558374966461146
7297,0.8559815871042394
7298,0.8561255335439154
7299,0.856269336109089
7300,0.8564129949435626
7301,0.8565565101909953
7302,0.8566998819949023
7303,0.8568431104986556
7304,0.8569861958454835
7305,0.8571291381784716
7306,0.8572719376405621
7307,0.8574145943745545
7308,0.8575571085231056
7309,0.8576994802287297
7310,0.8578417096337984
7311,0.8579837968805412
7312,0.8581257421110454
7313,0.8582675454672563
7314,0.8574097068411021
7315,0.8575522258747441
7316,0.8576946024605765
7317,0.8578368367409757
7318,0.8579789288581761
7319,0.8581208789542698
7320,0.858262687171207
7321,0.858404353650796
7322,0.8585458785347033
7323,0.8586872619644538
7324,0.8588285040814309
7325,0.8589696050268767
7326,0.8591105649418923
7327,0.8592513839674376
7328,0.8593920622443317
7329,0.8595325999132529
7330,0.8586734968648638
7331,0.8588147527400614
7332,0.8589558674299763
7333,0.8580973408258484
7334,0.8582391725691509
7335,0.8583808625515905
7336,0.8585224109148573
7337,0.8586638178004996
7338,0.8588050833499244
7339,0.8589462077043973
7340,0.8590871910050426
7341,0.8592280333928437
7342,0.8583692347587679
7343,0.8585107947440165
7344,0.8586522132400245
7345,0.8587934903882104
7346,0.8589346263298514
7347,0.8590756212060834
7348,0.8592164751579013
7349,0.8593571883261593
7350,0.8594977608515704
7351,0.8596381928747072
7352,0.8597784845360018
7353,0.8599186359757459
7354,0.860058647334091
7355,0.8601985187510485
7356,0.8603382503664897
7357,0.8604778423201463
7358,0.8606172947516104
7359,0.8607566078003345
7360,0.8608957816056315
7361,0.8610348163066753
7362,0.8611737120425007
7363,0.8613124689520034
7364,0.8614510871739405
7365,0.86158956684693
7366,0.8617279081094518
7367,0.8618661110998471
7368,0.861004675706444
7369,0.8611436015678069
7370,0.8612823885727366
7371,0.8614210368600203
7372,0.8615595465683061
7373,0.8616979178361039
7374,0.861836150801785
7375,0.8619742456035823
7376,0.8621122023795906
7377,0.862250021267767
7378,0.8623877024059301
7379,0.8625252459317613
7380,0.862662651982804
7381,0.8627999206964644
7382,0.8629370522100112
7383,0.8630740466605759
7384,0.862211403935278
7385,0.8623491236714745
7386,0.8624867057567605
7387,0.8626241503287178
7388,0.8627614575247909
7389,0.8628986274822874
7390,0.8630356603383771
7391,0.8631725562300928
7392,0.8633093152943306
7393,0.8624464374179744
7394,0.8625839222381464
7395,0.8627212696422062
7396,0.8628584797675013
7397,0.862995552751242
7398,0.8631324887305011
7399,0.8632692878422147
7400,0.863405950223182
7401,0.8635424760100654
7402,0.8636788653393906
7403,0.8638151183475472
7404,0.8639512351707881
7405,0.8640872159452301
7406,0.8642230608068541
7407,0.8643587698915048
7408,0.8644943433348916
7409,0.8646297812725878
7410,0.8647650838400315
7411,0.8649002511725252
7412,0.8650352834052364
7413,0.8651701806731972
7414,0.8653049431113049
7415,0.8654395708543221
7416,0.8655740640368765
7417,0.8657084227934614
7418,0.8658426472584354
7419,0.8659767375660232
7420,0.866110693850315
7421,0.8662445162452672
7422,0.8663782048847022
7423,0.8655122596524336
7424,0.8656466801825161
7425,0.8657809663592453
7426,0.8659151183169073
7427,0.866049136189654
7428,0.8661830201115034
7429,0.8663167702163395
7430,0.8664503866379123
7431,0.8665838695098385
7432,0.8667172189656007
7433,0.8668504351385486
7434,0.8669835181618984
7435,0.8671164681687331
7436,0.8672492852920027
7437,0.8673819696645245
7438,0.8675145214189828
7439,0.8676469406879294
7440,0.8677792276037835
7441,0.8679113822988321
7442,0.8680434049052301
7443,0.8681752955550001
7444,0.8673075541301575
7445,0.8674401802629609
7446,0.8675726738359114
7447,0.8677050349815028
7448,0.8678372638320959
7449,0.8669698602700449
7450,0.8661033236780709
7451,0.865237653189637
7452,0.8653723481889477
7453,0.865506908560573
7454,0.8656413344390732
7455,0.8647761257089992
7456,0.8649112820051421
7457,0.8650463032125333
7458,0.8641816892163189
7459,0.8643174396518848
7460,0.8644530544048564
7461,0.8645885336108485
7462,0.8647238774053404
7463,0.8648590859236759
7464,0.8649941593010635
7465,0.8651290976725766
7466,0.8652639011731538
7467,0.8653985699375983
7468,0.8655331041005793
7469,0.8656675037966307
7470,0.8658017691601523
7471,0.8659359003254095
7472,0.8660698974265335
7473,0.8662037605975215
7474,0.8663374899722366
7475,0.8664710856844082
7476,0.8666045478676322
7477,0.8667378766553707
7478,0.8668710721809526
7479,0.8660046343276983
7480,0.8661385627291698
7481,0.8662723572691706
7482,0.8664060180814953
7483,0.8665395452998047
7484,0.866672939057626
7485,0.865806699238478
7486,0.8659408254761207
7487,0.8660748176545554
7488,0.8662086759077743
7489,0.8663424003696356
7490,0.8664759911738639
7491,0.8666094484540499
7492,0.865743272093776
7493,0.8658774617268656
7494,0.8660115172373836
7495,0.8661454387593852
7496,0.8662792264267921
7497,0.865413380123517
7498,0.8655478994837134
7499,0.8656822843917756
7500,0.8658165349820887
7501,0.8659506513889031
7502,0.8660846337463355
7503,0.8662184821883682
7504,0.8663521968488496
7505,0.8664857778614944
7506,0.8666192253598837
7507,0.866752539477465
7508,0.8668857203475525
7509,0.8670187681033271
7510,0.8671516828778365
7511,0.8672844648039956
7512,0.8674171140145863
7513,0.8665501303923828
7514,0.8666835135704014
7515,0.8668167634319003
7516,0.8669498801101293
7517,0.8670828637382051
7518,0.8672157144491114
7519,0.867348432375699
7520,0.8674810176506859
7521,0.8676134704066572
7522,0.8677457907760658
7523,0.8678779788912322
7524,0.8680100348843444
7525,0.8681419588874585
7526,0.8682737510324985
7527,0.8684054114512566
7528,0.8685369402753933
7529,0.8686683376364374
7530,0.8687996036657862
7531,0.868930738494706
7532,0.8690617422543315
7533,0.8691926150756665
7534,0.8693233570895839
7535,0.8694539684268257
7536,0.8695844492180033
7537,0.8697147995935974
7538,0.8698450196839587
7539,0.869975109619307
7540,0.8701050695297325
7541,0.8702348995451951
7542,0.8693650995456497
7543,0.8694956691612962
7544,0.8696261082725792
7545,0.869756417009938
7546,0.8698865955036812
7547,0.8700166438839874
7548,0.8691470620310299
7549,0.8692778495752267
7550,0.8694085063972404
7551,0.8695390326277279
7552,0.8696694283972154
7553,0.8697996938360988
7554,0.8699298290746434
7555,0.8700598342429846
7556,0.8701897094711275
7557,0.8693199546390724
7558,0.8694505693770643
7559,0.869581053565593
7560,0.8687119070852676
7561,0.8688431295669414
7562,0.8689742208917121
7563,0.8691051811906708
7564,0.8692360105947781
7565,0.8693667092348633
7566,0.869497277241625
7567,0.8696277147456313
7568,0.8697580218773198
7569,0.8688886985171226
7570,0.8690197442957162
7571,0.8691506590940213
7572,0.8692814430429529
7573,0.8684125960234197
7574,0.8675446174166996
7575,0.8676770066046889
7576,0.8678092634696518
7577,0.867941388143845
7578,0.8670738805095184
7579,0.867206740199164
7580,0.8673394670955167
7581,0.8674720613313033
7582,0.8676045230391181
7583,0.8677368523514228
7584,0.8678690494005469
7585,0.8680011143186872
7586,0.868133047237909
7587,0.8682648482901449
7588,0.8683965176071963
7589,0.8685280553207323
7590,0.8686594615622908
7591,0.868790736463278
7592,0.8689218801549689
7593,0.8690528927685071
7594,0.8681842741850303
7595,0.8683160240359198
7596,0.8684476422028005
7597,0.8675796285674153
7598,0.8677119827617508
7599,0.8678442046680359
7600,0.8679762944184927
7601,0.8671087518953358
7602,0.8662420764811475
7603,0.8663757675591274
7604,0.8655098247629663
7605,0.8656442477267215
7606,0.8647790360848158
7607,0.8649141894720374
7608,0.8650492077734147
7609,0.865184091123966
7610,0.8653188396585747
7611,0.8654534535119894
7612,0.8655879328188241
7613,0.8657222777135579
7614,0.8648569880806608
7615,0.864992063554843
7616,0.8651270040210551
7617,0.8642623093643624
7618,0.8643979792200702
7619,0.8645335134737233
7620,0.8646689122608561
7621,0.8638046754669921
7622,0.8639408027278946
7623,0.8640767939295659
7624,0.8642126492079971
7625,0.8643483686990436
7626,0.8644839525384249
7627,0.8646194008617248
7628,0.8647547138043917
7629,0.8648898915017387
7630,0.8650249340889433
7631,0.8651598417010483
7632,0.8652946144729613
7633,0.8654292525394551
7634,0.8655637560351678
7635,0.8656981250946029
7636,0.8648328596022544
7637,0.8649679591928569
7638,0.8651029237513848
7639,0.8652377534128026
7640,0.8653724483119403
7641,0.8645075083336174
7642,0.8646429331128942
7643,0.8637787222851951
7644,0.8639148754863094
7645,0.8640508926022651
7646,0.8641867737690794
7647,0.8643225191226335
7648,0.8644581287986728
7649,0.863594102682932
7650,0.8637304404113849
7651,0.8638666418702441
7652,0.8640027071957112
7653,0.8641386365238514
7654,0.8642744299905941
7655,0.864410087731733
7656,0.8645456098829257
7657,0.8646809965796944
7658,0.8648162479574258
7659,0.8649513641513714
7660,0.8650863452966474
7661,0.865221191528235
7662,0.8653559029809803
7663,0.865490479789595
7664,0.8656249220886559
7665,0.8657592300126054
7666,0.8658934036957512
7667,0.8660274432722672
7668,0.866161348876193
7669,0.8662951206414342
7670,0.8664287587017626
7671,0.8665622631908163
7672,0.8666956342420998
7673,0.8668288719889843
7674,0.8669619765647074
7675,0.8670949481023739
7676,0.8672277867349552
7677,0.86736049259529
7678,0.8674930658160843
7679,0.8666260062800363
7680,0.8657598133702111
7681,0.8658939864702909
7682,0.8650285252144485
7683,0.8651634292372227
7684,0.8652981984233924
7685,0.8644333326578518
7686,0.864568831575735
7687,0.864704195062416
7688,0.8648394232532581
7689,0.8649745162834898
7690,0.865109474288204
7691,0.8652442974023586
7692,0.8653789857607771
7693,0.8655135394981477
7694,0.8656479587490241
7695,0.8657822436478257
7696,0.8659163943288374
7697,0.8660504109262098
7698,0.8651847933240847
7699,0.8653195411568443
7700,0.8654541543091113
7701,0.865588632915499
7702,0.8657229771104861
7703,0.8658571870284166
7704,0.8649917625536256
7705,0.8651267033206885
7706,0.865261509214421
7707,0.865396180369629
7708,0.8655307169209836
7709,0.8646656187531465
7710,0.8648008855010194
7711,0.864936017049744
7712,0.8640715132845769
7713,0.8642073738410141
7714,0.8643430986047912
7715,0.8644786877116329
7716,0.8646141412971285
7717,0.8647494594967317
7718,0.8648846424457604
7719,0.8650196902793977
7720,0.8651546031326917
7721,0.865289381140555
7722,0.8654240244377658
7723,0.8655585331589675
7724,0.8656929074386687
7725,0.8658271474112437
7726,0.8659612532109325
7727,0.865095724721966
7728,0.8652305615788156
7729,0.8653652636661932
7730,0.8654998311188007
7731,0.8656342640712057
7732,0.8657685626578412
7733,0.8659027270130057
7734,0.8660367572708638
7735,0.8661706535654456
7736,0.8663044160306476
7737,0.8664380448002321
7738,0.8665715400078281
7739,0.8667049017869307
7740,0.8668381302709018
7741,0.8669712255929699
7742,0.8661046876363553
7743,0.8662385160345198
7744,0.866372210671167
7745,0.8665057716799914
7746,0.8666391991945541
7747,0.8667724933482827
7748,0.8659061540245963
7749,0.8660401808571554
7750,0.8661740737298619
7751,0.8663078327766086
7752,0.8664414581311547
7753,0.8665749499271256
7754,0.866708308298013
7755,0.8668415333771754
7756,0.8669746252978379
7757,0.8661080839432174
7758,0.8662419089467723
7759,0.8663756001922028
7760,0.8665091578132001
7761,0.8666425819433219
7762,0.8667758727159922
7763,0.866909030264502
7764,0.8670420547220087
7765,0.8671749462215369
7766,0.8673077048959782
7767,0.8664408306282161
7768,0.8665743230513763
7769,0.8667076820488262
7770,0.8658414075040498
7771,0.8659754990507724
7772,0.8661094565729606
7773,0.8662432802045718
7774,0.8663769700794297
7775,0.8665105263312244
7776,0.8666439490935121
7777,0.8657777382498404
7778,0.8649123931841234
7779,0.8640479130310158
7780,0.8641837971759123
7781,0.864319545504572
7782,0.8634556579028683
7783,0.8625926337570383
7784,0.8627299724539328
7785,0.8628671738807654
7786,0.8630042381747376
7787,0.8631411654729138
7788,0.8632779559122212
7789,0.8634146096294504
7790,0.863551126761255
7791,0.8636875074441523
7792,0.863823751814523
7793,0.8639598600086114
7794,0.8640958321625258
7795,0.8642316684122384
7796,0.8643673688935855
7797,0.8635034334923924
7798,0.8636398618447239
7799,0.863776153836883
7800,0.8629128093552869
7801,0.863049828036591
7802,0.8631867097676889
7803,0.8633234546854622
7804,0.8634600629266562
7805,0.863596534627879
7806,0.8637328699256023
7807,0.8638690689561614
7808,0.8640051318557554
7809,0.8641410587604473
7810,0.864276849806164
7811,0.8644125051286966
7812,0.8645480248637004
7813,0.8646834091466952
7814,0.8638191578631902
7815,0.8629557703990591
7816,0.8630927461407892
7817,0.8632295849752313
7818,0.863366287039224
7819,0.8635028524694697
7820,0.8636392814025337
7821,0.8627760737249699
7822,0.8629132290735706
7823,0.8630502473353662
7824,0.8631871286473748
7825,0.8633238731464778
7826,0.8634604809694199
7827,0.8625974520029337
7828,0.8627347858839902
7829,0.8618724822499233
7830,0.8620105407384291
7831,0.8621484612374412
7832,0.86228624388488
7833,0.8624238888185283
7834,0.862561396176031
7835,0.8626987660948955
7836,0.8628359987124918
7837,0.8629730941660526
7838,0.8631100525926733
7839,0.8622473738794372
7840,0.8613855574137905
7841,0.8615241025837918
7842,0.8616625092778609
7843,0.8618007776344048
7844,0.8619389077916917
7845,0.862076899887852
7846,0.8622147540608776
7847,0.8623524704486228
7848,0.8624900491888041
7849,0.8626274904190002
7850,0.8627647942766524
7851,0.8629019608990646
7852,0.8630389904234034
7853,0.8621763827368233
7854,0.8623141374767165
7855,0.8624517545307128
7856,0.8625892340364292
7857,0.8627265761313453
7858,0.8628637809528032
7859,0.8630008486380079
7860,0.8631377793240268
7861,0.8632745731477909
7862,0.8634112302460939
7863,0.8635477507555931
7864,0.8636841348128089
7865,0.8638203825541254
7866,0.8639564941157905
7867,0.8640924696339156
7868,0.8632288089946014
7869,0.863365511834187
7870,0.8635020780392503
7871,0.8636385077463574
7872,0.8637748010919383
7873,0.8639109582122861
7874,0.8640469792435582
7875,0.8641828643217756
7876,0.8643186135828232
7877,0.8644542271624506
7878,0.8635902049463962
7879,0.8637265465706376
7880,0.8638627519213916
7881,0.8639988211348635
7882,0.8641347543471225
7883,0.8642705516941019
7884,0.8644062133115991
7885,0.8645417393352757
7886,0.8646771299006577
7887,0.8648123851431359
7888,0.8649475051979653
7889,0.8650824902002662
7890,0.8642178400351485
7891,0.8643535543379619
7892,0.8644891329942958
7893,0.8646245761397288
7894,0.864759883909704
7895,0.8638955561896544
7896,0.864031592615252
7897,0.8641674930724081
7898,0.8643032576970234
7899,0.8644388866248625
7900,0.8645743799915543
7901,0.8647097379325922
7902,0.8648449605833343
7903,0.8649800480790031
7904,0.8641155003048112
7905,0.8642513168962107
7906,0.8643869977388932
7907,0.8645225429685395
7908,0.8646579527206949
7909,0.8647932271307691
7910,0.8649283663340367
7911,0.8650633704656369
7912,0.8651982396605737
7913,0.8653329740537166
7914,0.8654675737797998
7915,0.8656020389734231
7916,0.8657363697690519
7917,0.8648710660511418
7918,0.8650061274543891
7919,0.8651410538637301
7920,0.8652758454140912
7921,0.8654105022402641
7922,0.8655450244769055
7923,0.8656794122585378
7924,0.8658136657195488
7925,0.8659477849941919
7926,0.8660817702165865
7927,0.8662156215207178
7928,0.8663493390404373
7929,0.8654834226595873
7930,0.8656178720122514
7931,0.8657521869827539
7932,0.8658863677054098
7933,0.8660204143143999
7934,0.8651548266938958
7935,0.8652896044783096
7936,0.8644247473024192
7937,0.8645602548013673
7938,0.8646956268605364
7939,0.8648308636152985
7940,0.8649659652008904
7941,0.8651009317524138
7942,0.8652357634048351
7943,0.8653704602929861
7944,0.8655050225515639
7945,0.8656394503151306
7946,0.8647742434682388
7947,0.8649094016456819
7948,0.8650444247324928
7949,0.8651793128636946
7950,0.8653140661741757
7951,0.8654486847986893
7952,0.865583168871854
7953,0.865717518528154
7954,0.864852233652064
7955,0.8649873138782987
7956,0.8651222590918137
7957,0.8652570694275541
7958,0.8653917450203301
7959,0.8655262860048175
7960,0.8656606925155573
7961,0.865794964686956
7962,0.8659291026532859
7963,0.8660631065486849
7964,0.866196976507157
7965,0.8663307126625721
7966,0.8664643151486665
7967,0.8665977840990426
7968,0.8667311196471695
7969,0.8668643219263827
7970,0.8669973910698846
7971,0.8671303272107442
7972,0.8662636302320229
7973,0.8663972997670234
7974,0.8665308356992902
7975,0.8656647379124843
7976,0.8657990060405079
7977,0.8659331399675039
7978,0.8660671398276063
7979,0.86520150550494
7980,0.8653362366338706
7981,0.8654708330990042
7982,0.8656052950349372
7983,0.8647401223262566
7984,0.8648753146077897
7985,0.8650103717646035
7986,0.8651452939317553
7987,0.8652800812441673
7988,0.8654147338366269
7989,0.8655492518437867
7990,0.8656836354001648
7991,0.8658178846401446
7992,0.8649524994481005
7993,0.8650874794586471
7994,0.8652223245566394
7995,0.8653570348769226
7996,0.8654916105542071
7997,0.8656260517230685
7998,0.865760358517948
7999,0.8658945310731524
8000,0.8650290692729793
8001,0.8651639727519668
8002,0.8652987413948934
8003,0.8654333753365276
8004,0.8655678747115036
8005,0.8657022396543207
8006,0.8658364702993439
8007,0.8659705667808038
8008,0.8661045292327969
8009,0.8662383577892858
8010,0.8663720525840991
8011,0.8665056137509316
8012,0.8666390414233445
8013,0.8667723357347654
8014,0.8669054968184888
8015,0.8670385248076757
8016,0.8661719195854791
8017,0.8663056807852937
8018,0.8664393082907557
8019,0.8665728022354925
8020,0.8667061627529983
8021,0.8668393899766335
8022,0.8669724840396253
8023,0.867105445075068
8024,0.8672382732159225
8025,0.8673709685950171
8026,0.867503531345047
8027,0.8676359615985751
8028,0.8677682594880318
8029,0.867900425145715
8030,0.8680324587037902
8031,0.8681643602942911
8032,0.8682961300491194
8033,0.8674282678501698
8034,0.8665612730797049
8035,0.8666946451206047
8036,0.8658283836062413
8037,0.8659624881703529
8038,0.8660964586969193
8039,0.8662302953199109
8040,0.8653644979232893
8041,0.865499066141257
8042,0.8656334998582573
8043,0.8657677992087238
8044,0.865901964326956
8045,0.866035995347119
8046,0.8661698924032437
8047,0.8663036556292275
8048,0.8664372851588334
8049,0.8665707811256912
8050,0.8667041436632967
8051,0.8668373729050126
8052,0.866970468984068
8053,0.8671034320335592
8054,0.8672362621864492
8055,0.8673689595755683
8056,0.8675015243336137
8057,0.8676339565931503
8058,0.8677662564866104
8059,0.8678984241462939
8060,0.8680304597043685
8061,0.8681623632928699
8062,0.8682941350437016
8063,0.8684257750886354
8064,0.8685572835593114
8065,0.8686886605872381
8066,0.8688199063037926
8067,0.8689510208402206
8068,0.8690820043276366
8069,0.8692128568970243
8070,0.8693435786792362
8071,0.869474169804994
8072,0.8696046304048891
8073,0.8697349606093819
8074,0.8698651605488028
8075,0.8699952303533517
8076,0.8701251701530984
8077,0.8702549800779829
8078,0.8693851600079399
8079,0.8695157095731493
8080,0.8696461286540357
8081,0.8697764173810182
8082,0.8699065758843855
8083,0.8700366042942961
8084,0.8701665027407786
8085,0.8702962713537313
8086,0.869426410013048
8087,0.8695569183488671
8088,0.8696872962415718
8089,0.8698175438215403
8090,0.86994766121902
8091,0.8700776485641284
8092,0.8702075059868529
8093,0.870337233617051
8094,0.8704668315844502
8095,0.8705963000186486
8096,0.8707256390491147
8097,0.8708548488051876
8098,0.8699844291662019
8099,0.8691148795118628
8100,0.8692456992224956
8101,0.8693763881787949
8102,0.8695069465114498
8103,0.8696373743510185
8104,0.869767671827929
8105,0.8698978390724789
8106,0.8700278762148352
8107,0.8701577833850354
8108,0.8692880604631112
8109,0.86941870707934
8110,0.8685497228643682
8111,0.8686811074492113
8112,0.8688123607151291
8113,0.8689434827933749
8114,0.8690744738150706
8115,0.8682058336613324
8116,0.86833756196352
8117,0.8684691586032366
8118,0.8686006237120789
8119,0.8687319574215121
8120,0.8688631598628699
8121,0.8689942311673547
8122,0.868125671216163
8123,0.8682574796407345
8124,0.8683891563227528
8125,0.8685207013938945
8126,0.8686521149857047
8127,0.8687833972295971
8128,0.8689145482568539
8129,0.8690455681986261
8130,0.8691764571859338
8131,0.869307215349666
8132,0.8694378428205809
8133,0.8695683397293059
8134,0.869698706206338
8135,0.8698289423820439
8136,0.8699590483866595
8137,0.870089024350291
8138,0.8702188704029145
8139,0.8693490864245007
8140,0.8694796720452658
8141,0.8696101271456703
8142,0.8697404518561694
8143,0.8688711460572127
8144,0.8690022093794944
8145,0.8691331417039526
8146,0.8692639431615199
8147,0.8693946138829977
8148,0.8695251539990566
8149,0.869655563640237
8150,0.8697858429369484
8151,0.8699159920194701
8152,0.8700460110179514
8153,0.8701759000624112
8154,0.8703056592827386
8155,0.8704352888086929
8156,0.8705647887699036
8157,0.8706941592958707
8158,0.8708234005159647
8159,0.8709525125594271
8160,0.8710814955553696
8161,0.8712103496327755
8162,0.8713390749204989
8163,0.871467671547265
8164,0.8715961396416705
8165,0.8717244793321836
8166,0.8718526907471439
8167,0.8719807740147629
8168,0.872108729263124
8169,0.8722365566201823
8170,0.8723642562137653
8171,0.8724918281715727
8172,0.8726192726211763
8173,0.8727465896900207
8174,0.872873779505423
8175,0.873000842194573
8176,0.8731277778845334
8177,0.8732545867022401
8178,0.8733812687745017
8179,0.8725083239781254
8180,0.8726357519401663
8181,0.8717635522880522
8182,0.8718917246495834
8183,0.8720197689028072
8184,0.8721476851757679
8185,0.8722754735963818
8186,0.8724031342924374
8187,0.8725306673915955
8188,0.8716585727715139
8189,0.8717868500600982
8190,0.8719149991355003
8191,0.8720430201258697
8192,0.8721709131592271
8193,0.8722986783634658
8194,0.8724263158663509
8195,0.8715543255456449
8196,0.8706832067794824
8197,0.8708124589466194
8198,0.870941581926183
8199,0.8710705758472962
8200,0.8711994408389531
8201,0.8713281770300185
8202,0.8714567845492289
8203,0.8715852635251917
8204,0.8717136140863859
8205,0.8718418363611622
8206,0.8719699304777427
8207,0.8720978965642218
8208,0.8712262344986903
8209,0.8713549439094862
8210,0.8714835246751939
8211,0.8716119769243941
8212,0.870740800535664
8213,0.8708699951378273
8214,0.8709990606099534
8215,0.8711279970811078
8216,0.8712568046802271
8217,0.871385483536119
8218,0.8715140337774622
8219,0.8716424555328071
8220,0.8717707489305754
8221,0.8718989140990605
8222,0.8720269511664278
8223,0.8721548602607142
8224,0.8722826415098289
8225,0.8724102950415532
8226,0.8725378209835407
8227,0.8726652194633173
8228,0.8727924906082816
8229,0.8729196345457045
8230,0.8730466514027303
8231,0.8721740410565006
8232,0.8723018031344052
8233,0.872429437514081
8234,0.8725569443231623
8235,0.8726843236891562
8236,0.8718120754895669
8237,0.871940199352146
8238,0.8720681951548924
8239,0.871196562775927
8240,0.8713253018436172
8241,0.8714539122365771
8242,0.870582893833542
8243,0.8707122462634935
8244,0.8698419691557839
8245,0.869972062140136
8246,0.8701020250965177
8247,0.870231858154892
8248,0.870361561445092
8249,0.8704911350968211
8250,0.8706205792396529
8251,0.8707498940030315
8252,0.8708790795162719
8253,0.8700086356586844
8254,0.8701385620598251
8255,0.8692688583496204
8256,0.8693995241583664
8257,0.8695300593666039
8258,0.8696604641048682
8259,0.8697907385035639
8260,0.8699208826929656
8261,0.8700508968032176
8262,0.8691812807144588
8263,0.869312034057073
8264,0.8694426567116886
8265,0.8685736485590533
8266,0.8687050092301587
8267,0.8678367383563654
8268,0.8679688355694025
8269,0.8681008007512422
8270,0.8682326340338496
8271,0.8683643355490582
8272,0.8684959054285695
8273,0.8686273438039532
8274,0.8687586508066479
8275,0.8688898265679607
8276,0.8680213709691921
8277,0.8681532836418865
8278,0.8682850644678316
8279,0.8684167135788082
8280,0.8685482311064656
8281,0.8686796171823212
8282,0.8688108719377612
8283,0.8689419955040403
8284,0.8690729880122822
8285,0.8692038495934793
8286,0.8693345803784933
8287,0.869465180498055
8288,0.8695956500827646
8289,0.8697259892630917
8290,0.8688566979195005
8291,0.8679882754328243
8292,0.8681202211845156
8293,0.8682520350563951
8294,0.8683837171802768
8295,0.8685152676878428
8296,0.8676471864607685
8297,0.8677794731309727
8298,0.8679116275806169
8299,0.8680436499418557
8300,0.8681755403467114
8301,0.8683072989270745
8302,0.8684389258147036
8303,0.8685704211412256
8304,0.8687017850381359
8305,0.8688330176367984
8306,0.8689641190684458
8307,0.8680955892143045
8308,0.8682274277058445
8309,0.8683591344247792
8310,0.8684907095028154
8311,0.8686221530715282
8312,0.8687534652623613
8313,0.8688846462066268
8314,0.8690156960355057
8315,0.8691466148800479
8316,0.8692774028711723
8317,0.8694080601396669
8318,0.8695385868161889
8319,0.8696689830312652
8320,0.8697992489152919
8321,0.869929384598535
8322,0.8700593902111301
8323,0.870189265883083
8324,0.8693195114943942
8325,0.8694501266753094
8326,0.8695806113063186
8327,0.8697109655179065
8328,0.8698411894404273
8329,0.8699712832041051
8330,0.8701012469390336
8331,0.8702310807751764
8332,0.8703607848423677
8333,0.8694908590204363
8334,0.8696213029394564
8335,0.8697516164797467
8336,0.8698817997716211
8337,0.8700118529452626
8338,0.8701417761307246
8339,0.8702715694579303
8340,0.8694017328067979
8341,0.8695322658074908
8342,0.8696626683404168
8343,0.8697929405359787
8344,0.8699230825244485
8345,0.8700530944359683
8346,0.8701829764005501
8347,0.8703127285480757
8348,0.8704423510082976
8349,0.870571843910838
8350,0.87070120738519
8351,0.870830441560717
8352,0.8709595465666533
8353,0.8710885225321039
8354,0.8702178693361697
8355,0.8703475866081976
8356,0.8704771742277796
8357,0.8696071320746284
8358,0.8697374597787016
8359,0.8698676572202022
8360,0.8699977245293274
8361,0.8701276618361447
8362,0.8702574692705913
8363,0.8703871469624748
8364,0.8695171947915977
8365,0.8696476123880079
8366,0.8697778996319979
8367,0.869908056653855
8368,0.8700380835837361
8369,0.8701679805516684
8370,0.8702977476875489
8371,0.8704273851211445
8372,0.8705568929820928
8373,0.8706862713999018
8374,0.87081552050395
8375,0.8709446404234862
8376,0.8710736312876306
8377,0.8712024932253741
8378,0.8713312263655787
8379,0.8714598308369774
8380,0.8715883067681749
8381,0.871716654287647
8382,0.8708453732738662
8383,0.8709744633555515
8384,0.8711034244116679
8385,0.8702327563213014
8386,0.8703624587137838
8387,0.8704920314686926
8388,0.8706214747156005
8389,0.8707507885839507
8390,0.8708799732030572
8391,0.8710090287021046
8392,0.8711379552101485
8393,0.8712667528561153
8394,0.8713954217688029
8395,0.8715239620768801
8396,0.8716523739088872
8397,0.8717806573932361
8398,0.8719088126582103
8399,0.8720368398319652
8400,0.872164739042528
8401,0.8712930101679228
8402,0.8714216528364207
8403,0.8715501669265392
8404,0.8716785525667925
8405,0.8718068098855664
8406,0.871934939011118
8407,0.8720629400715766
8408,0.8721908131949433
8409,0.8723185585090912
8410,0.8724461761417658
8411,0.8725736662205846
8412,0.8727010288730378
8413,0.8728282642264881
8414,0.8729553724081708
8415,0.8730823535451941
8416,0.8732092077645393
8417,0.8733359351930604
8418,0.8734625359574851
8419,0.8735890101844141
8420,0.8737153580003217
8421,0.8738415795315558
8422,0.8739676749043379
8423,0.8740936442447633
8424,0.8732199874289265
8425,0.8733467040831704
8426,0.8734732940840868
8427,0.8726002573083905
8428,0.8727275933830448
8429,0.8728548021852607
8430,0.872981883842247
8431,0.8731088384810853
8432,0.8732356662287304
8433,0.87336236721201
8434,0.8734889415576251
8435,0.8736153893921502
8436,0.8737417108420331
8437,0.8728684057837203
8438,0.8729954738439064
8439,0.8731224148995347
8440,0.8732492290775461
8441,0.873375916504755
8442,0.8735024773078487
8443,0.8736289116133881
8444,0.8737552195478074
8445,0.8738814012374149
8446,0.874007456808392
8447,0.8741333863867944
8448,0.8742591900985517
8449,0.8743848680694677
8450,0.8745104204252203
8451,0.874635847291362
8452,0.8747611487933197
8453,0.8748863250563949
8454,0.8750113762057637
8455,0.8751363023664777
8456,0.8752611036634627
8457,0.8753857802215201
8458,0.8755103321653267
8459,0.8756347596194343
8460,0.8757590627082704
8461,0.8758832415561382
8462,0.8750077960373415
8463,0.8751327257764345
8464,0.8742580303983472
8465,0.8743837095283837
8466,0.8745092630420985
8467,0.874634691065045
8468,0.8747599937226511
8469,0.8748851711402197
8470,0.8750102234429281
8471,0.8751351507558287
8472,0.8742604529539738
8473,0.8743861296626655
8474,0.8735121805075804
8475,0.8736386051147692
8476,0.8737649033605316
8477,0.8738910753711657
8478,0.8740171212728437
8479,0.8741430411916115
8480,0.8742688352533889
8481,0.8743945035839703
8482,0.8745200463090238
8483,0.8746454635540922
8484,0.8747707554445929
8485,0.8748959221058177
8486,0.8750209636629332
8487,0.8751458802409813
8488,0.8752706719648784
8489,0.8753953389594162
8490,0.8745203810993868
8491,0.8746457980098322
8492,0.8747710895660443
8493,0.8748962558933147
8494,0.8750212971168095
8495,0.8751462133615704
8496,0.8752710047525133
8497,0.8753956714144299
8498,0.8755202134719866
8499,0.8756446310497258
8500,0.8757689242720649
8501,0.8758930932632972
8502,0.8760171381475917
8503,0.8761410590489934
8504,0.8762648560914232
8505,0.8763885293986782
8506,0.8765120790944316
8507,0.8766355053022333
8508,0.8767588081455094
8509,0.8768819877475629
8510,0.8770050442315733
8511,0.8761284774707222
8512,0.8762522870884426
8513,0.8763759729584192
8514,0.8764995352043378
8515,0.8756234736998857
8516,0.8757477880690012
8517,0.8758719781858738
8518,0.8759960441746936
8519,0.8751204859096514
8520,0.875245303015189
8521,0.8753699953659984
8522,0.875494563086772
8523,0.8756190063020776
8524,0.8747438248864833
8525,0.8748690184648076
8526,0.8749940869121191
8527,0.8751190303534863
8528,0.8752438489138525
8529,0.8753685427180365
8530,0.8754931118907322
8531,0.8756175565565085
8532,0.8747423765899354
8533,0.8748675716158325
8534,0.8749926415092699
8535,0.8751175863953177
8536,0.8752424063989206
8537,0.8753671016448987
8538,0.8744921720080723
8539,0.8746176171135115
8540,0.8747429368365365
8541,0.874868131302467
8542,0.8749932006364975
8543,0.8751181449636974
8544,0.8752429644090111
8545,0.8753676590972579
8546,0.8754922291531327
8547,0.8746171744513305
8548,0.8747424946167964
8549,0.8748676895247257
8550,0.8749927593003132
8551,0.8751177040686287
8552,0.875242523954617
8553,0.8753672190830981
8554,0.8754917895787672
8555,0.8756162355661947
8556,0.8757405571698267
8557,0.8758647545139848
8558,0.8759888277228663
8559,0.8761127769205447
8560,0.8762366022309689
8561,0.8753608035280893
8562,0.8754853804361072
8563,0.8756098328294745
8564,0.8757341608326434
8565,0.8758583645699421
8566,0.8759824441655744
8567,0.8761063997436198
8568,0.876230231428034
8569,0.8763539393426487
8570,0.8764775236111718
8571,0.8766009843571876
8572,0.8767243217041569
8573,0.8768475357754172
8574,0.8769706266941824
8575,0.8770935945835435
8576,0.8772164395664686
8577,0.8773391617658024
8578,0.8774617613042673
8579,0.8765847380545879
8580,0.8767080916397407
8581,0.8758318216830794
8582,0.8759559278083336
8583,0.8760799098894847
8584,0.8762037680505147
8585,0.8763275024152818
8586,0.8764511131075204
8587,0.8765746002508412
8588,0.8766979639687315
8589,0.8768212043845548
8590,0.8759448213716767
8591,0.876068814553714
8592,0.8751931835546598
8593,0.8753179279988831
8594,0.8754425477610032
8595,0.8755670429656398
8596,0.8756914137372883
8597,0.8758156602003195
8598,0.8749402822291048
8599,0.8750652794482661
8600,0.8751901517326756
8601,0.8753148992072056
8602,0.8754395219966037
8603,0.8745645199756176
8604,0.8746898927692451
8605,0.8748151402527341
8606,0.8749402625513321
8607,0.8750652597901614
8608,0.8751901320942191
8609,0.8753148795883778
8610,0.875439502397385
8611,0.8755640006458634
8612,0.8756883744583113
8613,0.8758126239591025
8614,0.8759367492724868
8615,0.8760607505225892
8616,0.8761846278334112
8617,0.8763083813288302
8618,0.8764320111325994
8619,0.8765555173683489
8620,0.8766789001595849
8621,0.8768021596296903
8622,0.8769252959019245
8623,0.8770483090994238
8624,0.8771711993452015
8625,0.8772939667621478
8626,0.8774166114730302
8627,0.8775391336004934
8628,0.8776615332670596
8629,0.8777838105951286
8630,0.8779059657069775
8631,0.8780279987247617
8632,0.878149909770514
8633,0.8772721987162706
8634,0.8773948651843203
8635,0.8775174090472045
8636,0.8766403301775921
8637,0.8767636281984041
8638,0.8768868029828135
8639,0.87601035440412
8640,0.876134282085875
8641,0.876258085901881
8642,0.8763817659759421
8643,0.8765053224317383
8644,0.876628755392826
8645,0.8767520649826382
8646,0.8768752513244846
8647,0.8769983145415516
8648,0.8771212547569024
8649,0.8772440720934772
8650,0.8773667666740934
8651,0.8774893386214456
8652,0.8776117880581058
8653,0.8777341151065234
8654,0.8778563198890257
8655,0.8779784025278172
8656,0.8781003631449809
8657,0.8782222018624771
8658,0.8783439188021448
8659,0.8784655140857008
8660,0.8785869878347407
8661,0.878708340170738
8662,0.878829571215045
8663,0.8789506810888931
8664,0.8790716699133919
8665,0.8791925378095304
8666,0.8793132848981766
8667,0.8794339113000775
8668,0.8795544171358596
8669,0.8796748025260286
8670,0.87979506759097
8671,0.8799152124509491
8672,0.8800352372261105
8673,0.8801551420364793
8674,0.8802749270019601
8675,0.880394592242338
8676,0.8805141378772782
8677,0.8806335640263264
8678,0.8807528708089088
8679,0.8798725580944572
8680,0.8799926255026587
8681,0.8801125729034556
8682,0.8802324004167954
8683,0.8793526079126307
8684,0.8794731950111688
8685,0.8795936615828718
8686,0.8797140077482062
8687,0.8798342336275183
8688,0.878954839091159
8689,0.8790758237597336
8690,0.8791966875041016
8691,0.879317430445127
8692,0.8784385524536776
8693,0.8785600531508754
8694,0.8786814324080959
8695,0.8788026903467185
8696,0.8789238270880012
8697,0.8780453425032057
8698,0.8781672362138471
8699,0.8782890080916943
8700,0.8784106582585192
8701,0.8785321868359719
8702,0.8786535939455811
8703,0.8787748797087539
8704,0.8788960442467761
8705,0.8790170876808123
8706,0.879138010131906
8707,0.8792588117209795
8708,0.8793794925688346
8709,0.8795000527961522
8710,0.8796204925234924
8711,0.87874131162142
8712,0.8788625097107539
8713,0.8779840864126921
8714,0.8781060413488113
8715,0.8782278743909414
8716,0.8783495856609155
8717,0.8784711752804448
8718,0.877593143121244
8719,0.8777154888052807
8720,0.8768382119549006
8721,0.8769613121928268
8722,0.8770842893920344
8723,0.8772071436755007
8724,0.8773298751660799
8725,0.8774524839865036
8726,0.8775749702593806
8727,0.8766978338573223
8728,0.876821074403192
8729,0.8769441917701054
8730,0.8770671860811797
8731,0.8771900574594095
8732,0.8773128060276659
8733,0.8774354319086978
8734,0.8775579352251308
8735,0.8776803160994685
8736,0.8778025746540917
8737,0.877924711011259
8738,0.8780467252931068
8739,0.8781686176216494
8740,0.8772908878689042
8741,0.8774135356571412
8742,0.8775360608588831
8743,0.8776584635966553
8744,0.8777807439928605
8745,0.8779029021697792
8746,0.8770254379996945
8747,0.877148351105142
8748,0.8772711413589099
8749,0.8773938088837886
8750,0.8765168535525705
8751,0.8766402749883
8752,0.8767635730642737
8753,0.8758872476539146
8754,0.8760112983808972
8755,0.8761352251191472
8756,0.8762590279925914
8757,0.8763827071250325
8758,0.87650626264015
8759,0.8766296946614991
8760,0.876753003312512
8761,0.8768761887164975
8762,0.876999250996641
8763,0.8771221902760047
8764,0.8772450066775279
8765,0.8773677003240271
8766,0.877490271338196
8767,0.8776127198426056
8768,0.8777350459597044
8769,0.8768577495619436
8770,0.8769808302720267
8771,0.8771037879629092
8772,0.876227122507674
8773,0.8753513332797803
8774,0.8754759196533137
8775,0.8756003815027357
8776,0.875724718952508
8777,0.8758489321269682
8778,0.8759730211503296
8779,0.8760969861466811
8780,0.8762208272399877
8781,0.8763445445540907
8782,0.8764681382127073
8783,0.8765916083394313
8784,0.8757154548078576
8785,0.8758396772418328
8786,0.8759637755154541
8787,0.87608774975282
8788,0.8762116000779047
8789,0.8763353266145584
8790,0.8764589294865078
8791,0.8765824088173559
8792,0.8757062644807069
8793,0.8758304961004163
8794,0.8759546035505908
8795,0.8760785869553379
8796,0.8762024464386409
8797,0.8763261821243594
8798,0.8764497941362291
8799,0.876573282597862
8800,0.8766966476327468
8801,0.8768198893642483
8802,0.8769430079156083
8803,0.8770660034099456
8804,0.8771888759702554
8805,0.8773116257194106
8806,0.8774342527801607
8807,0.877556757275133
8808,0.8776791393268321
8809,0.8778013990576399
8810,0.8769240363399411
8811,0.8770470507963729
8812,0.8771699422998248
8813,0.8772927109731883
8814,0.8774153569392321
8815,0.8775378803206022
8816,0.877660281239822
8817,0.8777825598192924
8818,0.8769052159314171
8819,0.877028249198852
8820,0.8771511594945054
8821,0.8772739469412875
8822,0.8773966116619858
8823,0.8775191537792651
8824,0.8776415734156677
8825,0.8777638706936131
8826,0.8778860457353985
8827,0.8780080986631992
8828,0.878130029599068
8829,0.877252338415061
8830,0.8773750247334867
8831,0.8774975884269065
8832,0.8776200296178841
8833,0.8777423484288607
8834,0.8778645449821552
8835,0.8779866193999641
8836,0.878108571804362
8837,0.8782304023173011
8838,0.8783521110606122
8839,0.8774741979061288
8840,0.8775966624759377
8841,0.8777190046423785
8842,0.8778412245277935
8843,0.8769638220045273
8844,0.8770867966951774
8845,0.8772096484725935
8846,0.8773323774596274
8847,0.8774549837790081
8848,0.8775774675533419
8849,0.8776998289051127
8850,0.8778220679566817
8851,0.8779441848302882
8852,0.8780661796480491
8853,0.8781880525319591
8854,0.877310303354016
8855,0.8774329317364709
8856,0.8775554375518267
8857,0.8776778209225895
8858,0.8778000819711427
8859,0.8779222208197472
8860,0.877044737340667
8861,0.8771676311564185
8862,0.8772904021397704
8863,0.8774130504134937
8864,0.8775355761002368
8865,0.8776579793225254
8866,0.8777802602027628
8867,0.8779024188632298
8868,0.8780244554260852
8869,0.8781463700133655
8870,0.8782681627469853
8871,0.8783898337487374
8872,0.8785113831402929
8873,0.8786328110432011
8874,0.8787541175788901
8875,0.8788753028686663
8876,0.8789963670337151
8877,0.8791173101951006
8878,0.8792381324737663
8879,0.879358833990534
8880,0.8794794148661057
8881,0.8795998752210621
8882,0.8797202151758636
8883,0.8798404348508503
8884,0.8799605343662418
8885,0.8800805138421376
8886,0.8802003733985173
8887,0.8803201131552404
8888,0.8804397332320467
8889,0.8805592337485564
8890,0.88067861482427
8891,0.8797983763286935
8892,0.8799185178815884
8893,0.880038539352971
8894,0.8801584408628631
8895,0.880278222531166
8896,0.8803978844776617
8897,0.8805174268220118
8898,0.880636849683759
8899,0.8807561531823259
8900,0.8808753374370163
8901,0.8809944025670142
8902,0.881113348691385
8903,0.8812321759290748
8904,0.8813508843989107
8905,0.8814694742196015
8906,0.8815879455097368
8907,0.8817062983877881
8908,0.8818245329721082
8909,0.8819426493809317
8910,0.8810611474825
8911,0.881180026895311
8912,0.8812987874881193
8913,0.8814174293796854
8914,0.8815359526886511
8915,0.88165435753354
8916,0.8817726440327569
8917,0.8818908123045882
8918,0.8820088624672023
8919,0.8821267946386494
8920,0.8822446089368616
8921,0.8823623054796533
8922,0.8814803841348461
8923,0.8815988445205184
8924,0.8817171865050056
8925,0.8818354102066498
8926,0.8819535157436746
8927,0.8820715032341857
8928,0.8821893727961705
8929,0.8823071245474986
8930,0.8824247586059218
8931,0.8825422750890743
8932,0.8826596741144725
8933,0.8827769557995155
8934,0.88189462001161
8935,0.88201266636842
8936,0.8821305947378669
8937,0.8822484052378791
8938,0.882366097986267
8939,0.8824836731007235
8940,0.8826011306988237
8941,0.8827184708980254
8942,0.8828356938156685
8943,0.8829527995689762
8944,0.8830697882750542
8945,0.8831866600508913
8946,0.8833034150133592
8947,0.8834200532792129
8948,0.8835365749650907
8949,0.8836529801875145
8950,0.8837692690628893
8951,0.8838854417075042
8952,0.8840014982375316
8953,0.8841174387690284
8954,0.8842332634179348
8955,0.8843489723000758
8956,0.8844645655311602
8957,0.8845800432267812
8958,0.8846954055024165
8959,0.8848106524734286
8960,0.8849257842550644
8961,0.8850408009624556
8962,0.885155702710619
8963,0.8852704896144565
8964,0.8853851617887549
8965,0.8854997193481865
8966,0.8856141624073087
8967,0.8857284910805648
8968,0.8858427054822834
8969,0.8859568057266789
8970,0.8860707919278517
8971,0.8861846641997878
8972,0.8862984226563597
8973,0.8854125671614508
8974,0.8845275970793304
8975,0.8846430117749032
8976,0.884758311113459
8977,0.8848734952102971
8978,0.8849885641806017
8979,0.8851035181394417
8980,0.885218357201771
8981,0.885333081482429
8982,0.8854476910961396
8983,0.8845626859076378
8984,0.884678065531918
8985,0.8847933298342349
8986,0.8849084789298528
8987,0.8850235129339209
8988,0.8851384319614732
8989,0.8852532361274288
8990,0.8853679255465918
8991,0.8854825003336517
8992,0.8845974603533082
8993,0.8847128052205213
8994,0.8848280348005108
8995,0.8849431492085063
8996,0.8850581485596222
8997,0.885173032968858
8998,0.885287802551098
8999,0.8854024574211119
9000,0.8855169976935545
9001,0.8846319232330913
9002,0.8847472336546474
9003,0.8848624288234084
9004,0.8849775088545694
9005,0.8850924738632104
9006,0.8852073239642967
9007,0.8853220592726782
9008,0.8854366799030903
9009,0.8855511859701537
9010,0.8856655775883744
9011,0.8857798548721442
9012,0.8858940179357402
9013,0.8860080668933257
9014,0.8861220018589495
9015,0.8862358229465468
9016,0.8863495302699386
9017,0.8864631239428322
9018,0.8865766040788214
9019,0.8866899707913863
9020,0.8868032241938937
9021,0.886916364399597
9022,0.8870293915216364
9023,0.8871423056730391
9024,0.8872551069667192
9025,0.8873677955154781
9026,0.8874803714320043
9027,0.8875928348288739
9028,0.8877051858185502
9029,0.8878174245133842
9030,0.8879295510256147
9031,0.8880415654673681
9032,0.8881534679506591
9033,0.88826525858739
9034,0.8883769374893516
9035,0.8884885047682228
9036,0.8885999605355709
9037,0.8887113049028517
9038,0.8888225379814095
9039,0.8889336598824776
9040,0.8890446707171779
9041,0.889155570596521
9042,0.889266359631407
9043,0.889377037932625
9044,0.8894876056108533
9045,0.8895980627766595
9046,0.889708409540501
9047,0.8888191457628494
9048,0.8889302710544408
9049,0.8890412852762755
9050,0.8891521885393676
9051,0.8882634807047456
9052,0.8883751613837013
9053,0.8884867304377906
9054,0.8885981879785824
9055,0.8887095341175343
9056,0.8888207689659925
9057,0.8889318926351919
9058,0.8890429052362562
9059,0.889153806880198
9060,0.8892645976779189
9061,0.8893752777402099
9062,0.8894858471777509
9063,0.8895963061011115
9064,0.8897066546207506
9065,0.8898168928470167
9066,0.8899270208901481
9067,0.8900370388602729
9068,0.890146946867409
9069,0.8902567450214646
9070,0.8903664334322378
9071,0.890476012209417
9072,0.890585481462581
9073,0.8896953410513241
9074,0.8898055905855057
9075,0.8899157299252503
9076,0.8900257591806973
9077,0.889136178212001
9078,0.8892469866295801
9079,0.8893576842941183
9080,0.8884687710664381
9081,0.888580246557626
9082,0.8886916106290327
9083,0.8878033631421471
9084,0.8879155037087217
9085,0.888027532190772
9086,0.8871399484504514
9087,0.8872527521001761
9088,0.8873654430026247
9089,0.8874780212704881
9090,0.8875904870163447
9091,0.8877028403526602
9092,0.887815081391788
9093,0.8879272102459691
9094,0.8870397267774573
9095,0.8871526305987693
9096,0.8862659213228085
9097,0.8863795985628656
9098,0.886493162182493
9099,0.8866066122952541
9100,0.8867199490145992
9101,0.886833172453865
9102,0.8869462827262748
9103,0.8870592799449393
9104,0.8861726639729803
9105,0.886286434423782
9106,0.8864000911609896
9107,0.88651363429826
9108,0.8866270639491364
9109,0.8867403802270483
9110,0.886853583245312
9111,0.8869666731171308
9112,0.8870796499555945
9113,0.8871925138736799
9114,0.887305264984251
9115,0.8864184031501838
9116,0.8865319279846164
9117,0.8856458391010736
9118,0.8857601361134664
9119,0.8858743188859667
9120,0.8859883875327573
9121,0.886102342167907
9122,0.8862161829053703
9123,0.8863299098589881
9124,0.8864435231424873
9125,0.8865570228694813
9126,0.8866704091534698
9127,0.8867836821078392
9128,0.8868968418458624
9129,0.8870098884806991
9130,0.8871228221253961
9131,0.8872356428928869
9132,0.8873483508959925
9133,0.8874609462474208
9134,0.8875734290597672
9135,0.8876857994455146
9136,0.8877980575170333
9137,0.8879102033865816
9138,0.8880222371663051
9139,0.8881341589682379
9140,0.8882459689043016
9141,0.8883576670863064
9142,0.8884692536259502
9143,0.8885807286348198
9144,0.8886920922243903
9145,0.888803344506025
9146,0.8879149853411015
9147,0.8880270143412603
9148,0.8881389313684055
9149,0.8882507365344541
9150,0.8883624299512113
9151,0.8884740117303704
9152,0.8885854819835135
9153,0.8886968408221106
9154,0.8888080883575208
9155,0.8889192247009915
9156,0.8880307497137842
9157,0.8881426630074235
9158,0.8882544644436979
9159,0.8883661541344089
9160,0.888477732191246
9161,0.8875896984759125
9162,0.8877020526003744
9163,0.8878142944268608
9164,0.8879264240676136
9165,0.8880384416347624
9166,0.8881503472403248
9167,0.8882621409962066
9168,0.8883738230142014
9169,0.8884853934059913
9170,0.8885968522831468
9171,0.8887081997571267
9172,0.8888194359392785
9173,0.8879310606909634
9174,0.8870435733739309
9175,0.8871564733505687
9176,0.8872692604836516
9177,0.8873819348859668
9178,0.8874944966701888
9179,0.8876069459488792
9180,0.8877192828344875
9181,0.8878315074393506
9182,0.887943619875693
9183,0.8880556202556273
9184,0.8881675086911539
9185,0.8882792852941612
9186,0.8883909501764259
9187,0.8875030031997378
9188,0.8876154439761499
9189,0.8877277723679778
9190,0.8878399884875501
9191,0.8879520924470827
9192,0.8880640843586799
9193,0.8881759643343334
9194,0.8882877324859233
9195,0.8873998886753427
9196,0.8875124325147477
9197,0.887624863866557
9198,0.8877371828432021
9199,0.8868498893071269
9200,0.8869629828710378
9201,0.8870759633979033
9202,0.887188831000704
9203,0.8873015857923074
9204,0.8874142278854685
9205,0.8865272571429543
9206,0.8866406731777939
9207,0.8867539758532784
9208,0.8868671652827105
9209,0.8859807413294044
9210,0.8860947036069362
9211,0.8862085519791432
9212,0.8863222865598737
9213,0.8864359074628623
9214,0.88654941480173
9215,0.8866628086899841
9216,0.8867760892410187
9217,0.8868892565681141
9218,0.8870023107844378
9219,0.8871152520030441
9220,0.8872280803368742
9221,0.8873407958987564
9222,0.8874533988014063
9223,0.8875658891574268
9224,0.8876782670793085
9225,0.8877905326794292
9226,0.8879026860700544
9227,0.8880147273633378
9228,0.8871271564214454
9229,0.8872399728568062
9230,0.8873526765321118
9231,0.8874652675600657
9232,0.887577746053259
9233,0.8876901121241703
9234,0.8878023658851656
9235,0.8879145074484988
9236,0.8880265369263114
9237,0.8881384544306329
9238,0.8882502600733809
9239,0.8883619539663611
9240,0.8884735362212672
9241,0.8885850069496818
9242,0.8886963662630754
9243,0.8888076142728074
9244,0.888918751090126
9245,0.8890297768261678
9246,0.8891406915919587
9247,0.8892514954984135
9248,0.8893621886563362
9249,0.8894727711764199
9250,0.888583742919372
9251,0.8886951034961643
9252,0.8888063527680322
9253,0.8889174908462251
9254,0.889028517841881
9255,0.889139433866027
9256,0.8892502390295792
9257,0.8893609334433428
9258,0.8894715172180121
9259,0.889581990464171
9260,0.8896923532922927
9261,0.8898026058127402
9262,0.8899127481357659
9263,0.8900227803715123
9264,0.8901327026300115
9265,0.8902425150211859
9266,0.8903522176548478
9267,0.8904618106407001
9268,0.8905712940883356
9269,0.8906806681072378
9270,0.8907899328067808
9271,0.8908990882962292
9272,0.8910081346847387
9273,0.8901175718314807
9274,0.890227399345892
9275,0.8903371170876753
9276,0.8904467251665481
9277,0.8905562236921187
9278,0.8906656127738857
9279,0.8907748925212381
9280,0.8908840630434558
9281,0.8909931244497092
9282,0.8911020768490598
9283,0.8912109203504601
9284,0.8913196550627536
9285,0.8914282810946749
9286,0.8915367985548501
9287,0.8916452075517968
9288,0.891753508193924
9289,0.8918617005895322
9290,0.891969784846814
9291,0.8920777610738536
9292,0.8921856293786273
9293,0.8922933898690035
9294,0.8924010426527427
9295,0.8925085878374975
9296,0.8916165252809384
9297,0.8907253543411273
9298,0.8908345743767684
9299,0.8909436852469566
9300,0.8910526870608027
9301,0.8911615799273086
9302,0.8912703639553673
9303,0.8913790392537627
9304,0.8914876059311703
9305,0.8905965638462815
9306,0.8907059126080543
9307,0.8908151520757124
9308,0.8909242823584953
9309,0.8910333035655332
9310,0.8911422158058475
9311,0.8912510191883504
9312,0.8913597138218453
9313,0.8914682998150268
9314,0.8915767772764811
9315,0.8916851463146855
9316,0.8917934070380092
9317,0.8919015595547128
9318,0.892009603972949
9319,0.8911180401508871
9320,0.8912268676969632
9321,0.8913355864698799
9322,0.8914441965783557
9323,0.891552698131001
9324,0.8916610912363173
9325,0.8917693760026978
9326,0.8918775525384273
9327,0.8909861207018072
9328,0.8910950801014056
9329,0.8912039305960568
9330,0.8913126722946115
9331,0.8914213053058113
9332,0.8915298297382893
9333,0.8906387454506949
9334,0.8907480520519435
9335,0.8908572494012169
9336,0.8909663376077125
9337,0.8910753167805183
9338,0.8911841870286138
9339,0.891292948460869
9340,0.8914016011860456
9341,0.8915101453127962
9342,0.891618580949665
9343,0.8917269082050876
9344,0.8918351271873913
9345,0.8919432380047952
9346,0.8920512407654101
9347,0.8921591355772388
9348,0.8922669225481761
9349,0.892374601786009
9350,0.8924821733984168
9351,0.8925896374929712
9352,0.891697493927261
9353,0.8908062420592678
9354,0.8909153812476144
9355,0.8910244113513149
9356,0.8911333324793996
9357,0.8912421447407896
9358,0.890351347994422
9359,0.8904609418495
9360,0.8905704261654924
9361,0.8906798010518837
9362,0.8897895663681737
9363,0.8898997217241276
9364,0.8900097669797756
9365,0.8901197022451631
9366,0.8902295276302254
9367,0.890339243244788
9368,0.8904488491985663
9369,0.8905583456011664
9370,0.8906677325620848
9371,0.8907770101907083
9372,0.8908861785963148
9373,0.8909952378880726
9374,0.891104188175041
9375,0.8912130295661704
9376,0.8913217621703022
9377,0.891430386096169
9378,0.8915389014523947
9379,0.8916473083474947
9380,0.890756106640001
9381,0.8908652959387117
9382,0.8909743761026909
9383,0.8910833472410191
9384,0.8911922094626673
9385,0.8913009628764977
9386,0.8914096075912639
9387,0.8915181437156104
9388,0.8916265713580735
9389,0.891734890627081
9390,0.8908436013810769
9391,0.890952703228772
9392,0.8900621957792679
9393,0.8901720786420573
9394,0.8902818516768978
9395,0.8903915149935625
9396,0.8905010687017149
9397,0.8906105129109085
9398,0.8907198477305878
9399,0.8908290732700874
9400,0.890938189638633
9401,0.8910471969453411
9402,0.8911560952992188
9403,0.8902653845592896
9404,0.8903750643348426
9405,0.8904846344854325
9406,0.8905940951206295
9407,0.8907034463498942
9408,0.890812688282578
9409,0.8909218210279227
9410,0.8910308446950612
9411,0.8911397593930172
9412,0.8912485652307053
9413,0.8913572623169315
9414,0.8914658507603928
9415,0.8915743306696777
9416,0.8916827021532663
9417,0.8917909653195298
9418,0.8918991202767317
9419,0.8920071671330269
9420,0.8921151059964622
9421,0.8922229369749765
9422,0.8923306601764007
9423,0.8924382757084582
9424,0.8925457836787646
9425,0.8926531841948278
9426,0.8927604773640483
9427,0.8928676632937194
9428,0.892974742091027
9429,0.89308171386305
9430,0.8931885787167602
9431,0.8932953367590223
9432,0.8934019880965944
9433,0.8935085328361281
9434,0.8936149710841679
9435,0.8937213029471522
9436,0.893827528531413
9437,0.8929341476933007
9438,0.8930411600394343
9439,0.8931480654267012
9440,0.8932548639620068
9441,0.8923620555022747
9442,0.8924696396546962
9443,0.8925771162767304
9444,0.8926844854758541
9445,0.8927917473594364
9446,0.8918994017848643
9447,0.892007448359792
9448,0.892115386942141
9449,0.89222321763985
9450,0.8923309405607497
9451,0.892438555812563
9452,0.8925460635029053
9453,0.8926534637392842
9454,0.8927607566291
9455,0.8928679422796456
9456,0.8929750207981068
9457,0.8930819922915619
9458,0.8931888568669827
9459,0.8932956146312335
9460,0.8934022656910724
9461,0.8935088101531503
9462,0.8936152481240117
9463,0.8937215797100947
9464,0.8928283047678557
9465,0.8919359226541447
9466,0.8920439327264543
9467,0.8911523345927947
9468,0.8912611278615675
9469,0.891369812391441
9470,0.8914783882910997
9471,0.8915868556691195
9472,0.8916952146339681
9473,0.8918034652940041
9474,0.8919116077574784
9475,0.8920196421325334
9476,0.8921275685272035
9477,0.8922353870494152
9478,0.892343097806987
9479,0.8924507009076297
9480,0.8925581964589464
9481,0.8926655845684327
9482,0.8927728653434768
9483,0.8928800388913594
9484,0.8929871053192541
9485,0.8920945644843523
9486,0.8922024159941131
9487,0.8923101597062629
9488,0.8914182954786705
9489,0.8915268229194714
9490,0.8906357416371931
9491,0.8907450512407541
9492,0.8908542515893391
9493,0.8899638425422732
9494,0.8900738237091476
9495,0.8901836949498181
9496,0.8902934563741561
9497,0.8904031080919231
9498,0.8905126502127708
9499,0.8906220828462413
9500,0.8907314061017674
9501,0.8908406200886722
9502,0.8909497249161697
9503,0.891058720693365
9504,0.8911676075292537
9505,0.8912763855327227
9506,0.89138505481255
9507,0.891493615477405
9508,0.8916020676358484
9509,0.8917104113963322
9510,0.8918186468672005
9511,0.8919267741566885
9512,0.8920347933729237
9513,0.8921427046239253
9514,0.8922505080176045
9515,0.8923582036617649
9516,0.8924657916641019
9517,0.8925732721322037
9518,0.8926806451735508
9519,0.8927879108955163
9520,0.8928950694053659
9521,0.8930021208102581
9522,0.8931090652172443
9523,0.893215902733269
9524,0.8933226334651698
9525,0.8934292575196774
9526,0.8935357750034159
9527,0.8936421860229027
9528,0.893748490684549
9529,0.8938546890946594
9530,0.8939607813594324
9531,0.8930672673350851
9532,0.8931741466281036
9533,0.8932809190952419
9534,0.8933875848432726
9535,0.8934941439788615
9536,0.8936005966085678
9537,0.8937069428388441
9538,0.8938131827760367
9539,0.8939193165263855
9540,0.8940253441960242
9541,0.8941312658909807
9542,0.8942370817171766
9543,0.8933432915305528
9544,0.8934498949373189
9545,0.8935563917939532
9546,0.8936627822069527
9547,0.8937690662827079
9548,0.8938752441275029
9549,0.8939813158475154
9550,0.8940872815488172
9551,0.8941931413373742
9552,0.8942988953190459
9553,0.8944045435995867
9554,0.8945100862846446
9555,0.8936160232298873
9556,0.8937223540412518
9557,0.8938285785749437
9558,0.8939346969371876
9559,0.894040709234102
9560,0.894146615571699
9561,0.8942524160558852
9562,0.8943581107924611
9563,0.8944636998871213
9564,0.894569183445455
9565,0.8946745615729458
9566,0.8947798343749718
9567,0.8948850019568059
9568,0.8949900644236156
9569,0.8940955216305885
9570,0.8942013731831816
9571,0.8943071189371214
9572,0.8944127589981538
9573,0.8945182934719187
9574,0.8936242222140757
9575,0.8937305448305534
9576,0.8938367611775493
9577,0.8939428713612799
9578,0.8940488754878554
9579,0.8941547736632798
9580,0.8942605659934514
9581,0.8943662525841626
9582,0.8944718335410999
9583,0.8945773089698444
9584,0.8946826789758716
9585,0.8947879436645514
9586,0.8948931031411486
9587,0.8949981575108226
9588,0.8951031068786278
9589,0.8942084510996386
9590,0.8943141897791992
9591,0.8944198227729231
9592,0.8945253501864434
9593,0.8946307721252875
9594,0.8947360886948774
9595,0.8948413000005297
9596,0.8949464061474558
9597,0.8950514072407617
9598,0.8951563033854486
9599,0.8952610946864127
9600,0.8953657812484452
9601,0.8954703631762329
9602,0.8955748405743575
9603,0.8956792135472967
9604,0.8957834821994234
9605,0.8958876466350062
9606,0.8959917069582096
9607,0.896095663273094
9608,0.8961995156836157
9609,0.8963032642936271
9610,0.8964069092068768
9611,0.8955109502771348
9612,0.895615387108442
9613,0.8947202193052352
9614,0.8948254464723464
9615,0.8949305684648778
9616,0.8950355853879515
9617,0.8951404973465842
9618,0.8952453044456881
9619,0.8953500067900702
9620,0.8954546044844329
9621,0.895559097633374
9622,0.8956634863413867
9623,0.8957677707128596
9624,0.8958719508520772
9625,0.8959760268632195
9626,0.8960799988503627
9627,0.8961838669174788
9628,0.8962876311684358
9629,0.896391291706998
9630,0.8964948486368262
9631,0.8965983020614771
9632,0.8967016520844041
9633,0.8968048988089574
9634,0.8969080423383837
9635,0.8970110827758266
9636,0.8961145199744515
9637,0.8962183535376954
9638,0.8963220833192669
9639,0.8964257094228958
9640,0.8965292319522082
9641,0.8966326510107268
9642,0.8967359667018705
9643,0.896839179128955
9644,0.896942288395193
9645,0.8970452946036935
9646,0.8971481978574629
9647,0.8972509982594045
9648,0.8973536959123186
9649,0.896456790669028
9650,0.8965602821326272
9651,0.8966636701564826
9652,0.8967669548439824
9653,0.8968701362984112
9654,0.8969732146229504
9655,0.8970761899206786
9656,0.897179062294571
9657,0.8962823315976249
9658,0.8963859974331095
9659,0.8964895596545657
9660,0.8965930183655556
9661,0.896696373669538
9662,0.8967996256698684
9663,0.8969027744697985
9664,0.8970058201724773
9665,0.8961092626310756
9666,0.8962131014490355
9667,0.896316836480071
9668,0.896420467827917
9669,0.8965239955962049
9670,0.8966274198884625
9671,0.8967307408081142
9672,0.8968339584584809
9673,0.8969370729427802
9674,0.8970400843641267
9675,0.8961434925756568
9676,0.8962472971807787
9677,0.8953514977832966
9678,0.8954560939874112
9679,0.8955605856475937
9680,0.8946654726184606
9681,0.8937712542550239
9682,0.8928779296630649
9683,0.8929849981991338
9684,0.8930919597201742
9685,0.8921993140832725
9686,0.8923070608957829
9687,0.8924147000153274
9688,0.89152273129967
9689,0.8916311543568417
9690,0.8917394690451407
9691,0.8908481752230066
9692,0.8909572724991456
9693,0.8910662607325297
9694,0.8911751400321474
9695,0.8912839105068778
9696,0.8913925722654916
9697,0.8915011254166505
9698,0.8916095700689077
9699,0.8907184060808329
9700,0.8908276330612618
9701,0.8909367508692965
9702,0.8910457596140547
9703,0.8911546594045454
9704,0.8912634503496683
9705,0.8913721325582143
9706,0.8914807061388658
9707,0.8915891712001962
9708,0.8916975278506708
9709,0.8918057761986461
9710,0.8919139163523706
9711,0.8920219484199844
9712,0.8921298725095196
9713,0.8912381884790254
9714,0.8913468959368175
9715,0.8914554947414783
9716,0.8915639850016068
9717,0.8916723668256932
9718,0.8917806403221192
9719,0.8918888055991586
9720,0.8919968627649766
9721,0.8921048119276302
9722,0.8922126531950689
9723,0.8923203866751338
9724,0.8924280124755585
9725,0.8925355307039687
9726,0.8926429414678828
9727,0.8917507446248365
9728,0.8918589397826328
9729,0.8919670267993418
9730,0.8920750057830507
9731,0.8921828768417382
9732,0.8922906400832757
9733,0.8923982956154264
9734,0.8925058435458457
9735,0.8926132839820817
9736,0.8927206170315749
9737,0.8928278428016583
9738,0.8929349613995576
9739,0.8930419729323916
9740,0.8931488775071719
9741,0.8932556752308028
9742,0.8933623662100824
9743,0.8924694503018265
9744,0.8915774268632439
9745,0.8916857952521862
9746,0.8917940553268966
9747,0.8919022071956353
9748,0.8920102509665542
9749,0.892118186747697
9750,0.8922260146469997
9751,0.89233373477229
9752,0.8924413472312883
9753,0.8925488521316068
9754,0.8926562495807506
9755,0.8927635396861172
9756,0.8928707225549967
9757,0.8929777982945719
9758,0.8930847670119186
9759,0.8931916288140057
9760,0.8932983838076949
9761,0.8924055318498662
9762,0.8925130725476674
9763,0.8926205057585144
9764,0.8927278315898401
9765,0.8928350501489707
9766,0.8929421615431247
9767,0.8930491658794134
9768,0.8931560632648413
9769,0.8932628538063058
9770,0.8933695376105973
9771,0.8934761147843998
9772,0.8935825854342905
9773,0.89368894966674
9774,0.8937952075881125
9775,0.8939013593046661
9776,0.8940074049225525
9777,0.8941133445478173
9778,0.8942191782864002
9779,0.894324906244135
9780,0.8944305285267495
9781,0.8945360452398662
9782,0.8946414564890017
9783,0.8947467623795674
9784,0.8948519630168692
9785,0.8949570585061077
9786,0.8950620489523785
9787,0.895166934460672
9788,0.8952717151358737
9789,0.8953763910827643
9790,0.8954809624060199
9791,0.8955854292102118
9792,0.8956897915998068
9793,0.8957940496791673
9794,0.8958982035525515
9795,0.8960022533241131
9796,0.8961061990979021
9797,0.8962100409778643
9798,0.8963137790678414
9799,0.8964174134715717
9800,0.8965209442926896
9801,0.8966243716347259
9802,0.8957281953512329
9803,0.8958324150460343
9804,0.8959365305732246
9805,0.8960405420369195
9806,0.8961444495411305
9807,0.8962482531897651
9808,0.8963519530866269
9809,0.8964555493354158
9810,0.8965590420397282
9811,0.8966624313030569
9812,0.896765717228791
9813,0.8968688999202165
9814,0.8969719794805161
9815,0.8970749560127694
9816,0.8971778296199531
9817,0.8972806004049406
9818,0.8973832684705029
9819,0.8974858339193079
9820,0.8975882968539213
9821,0.8976906573768059
9822,0.8977929155903223
9823,0.8978950715967288
9824,0.8979971254981813
9825,0.8980990773967339
9826,0.8972014271444633
9827,0.8973041743437192
9828,0.8974068188471238
9829,0.8975093607573216
9830,0.8976118001768545
9831,0.897714137208162
9832,0.8978163719535811
9833,0.8979185045153466
9834,0.8980205349955911
9835,0.8981224634963452
9836,0.8982242901195372
9837,0.8983260149669939
9838,0.8984276381404402
9839,0.8985291597414993
9840,0.8986305798716927
9841,0.8987318986324406
9842,0.8988331161250619
9843,0.898934232450774
9844,0.8990352477106932
9845,0.8991361620058349
9846,0.8992369754371135
9847,0.8993376881053422
9848,0.8994383001112339
9849,0.8995388115554006
9850,0.8986397222884787
9851,0.8987410319113788
9852,0.8988422402752855
9853,0.8989433474814071
9854,0.899044353630851
9855,0.8991452588246233
9856,0.8992460631636291
9857,0.899346766748673
9858,0.8994473696804585
9859,0.8995478720595884
9860,0.8996482739865653
9861,0.8997485755617911
9862,0.8998487768855674
9863,0.8999488780580955
9864,0.9000488791794767
9865,0.9001487803497121
9866,0.9002485816687029
9867,0.9003482832362505
9868,0.9004478851520563
9869,0.9005473875157224
9870,0.9006467904267511
9871,0.9007460939845454
9872,0.900845298288409
9873,0.900944403437546
9874,0.9010434095310617
9875,0.9011423166679622
9876,0.9012411249471546
9877,0.9003403342175722
9878,0.9004399440784242
9879,0.8995399541293203
9880,0.8996403639702705
9881,0.8997406734515595
9882,0.8998408826734969
9883,0.899940991736292
9884,0.9000410007400539
9885,0.9001409097847914
9886,0.9002407189704138
9887,0.9003404283967302
9888,0.899440537913575
9889,0.8995410471210578
9890,0.8996414558695625
9891,0.8997417642594979
9892,0.8998419723911726
9893,0.8999420803647946
9894,0.8990425880305969
9895,0.8991434949890871
9896,0.899244301091047
9897,0.8993450064372829
9898,0.8984461108786249
9899,0.8985476140161776
9900,0.8986490157013188
9901,0.8987503160354504
9902,0.8988515151198727
9903,0.8989526130557849
9904,0.8990536099442848
9905,0.8981550056364944
9906,0.8982567997338092
9907,0.8973589918380234
9908,0.8974615815513287
9909,0.89756406872619
9910,0.8976664534650943
9911,0.8977687358704266
9912,0.8968714157945941
9913,0.8969744928402766
9914,0.8970774668604263
9915,0.8971803379580171
9916,0.8972831062359201
9917,0.8973857717969037
9918,0.8974883347436334
9919,0.8975907951786722
9920,0.8976931532044806
9921,0.8977954089234167
9922,0.8978975624377361
9923,0.8979996138495925
9924,0.8981015632610372
9925,0.8982034107740197
9926,0.8973056562405124
9927,0.8974082992627608
9928,0.8975108396932827
9929,0.8976132776346187
9930,0.8977156131892068
9931,0.8978178464593825
9932,0.8979199775473791
9933,0.8970225063054527
9934,0.8961259320862568
9935,0.8962297542430921
9936,0.8963334726296558
9937,0.895437587099791
9938,0.8955420972576124
9939,0.8946470027076298
9940,0.8947523030547486
9941,0.8948574981541442
9942,0.8949625881110116
9943,0.8950675730304408
9944,0.8951724530174169
9945,0.8952772281768198
9946,0.8953818986134247
9947,0.8954864644319019
9948,0.8955909257368175
9949,0.8956952826326328
9950,0.8957995352237046
9951,0.8959036836142856
9952,0.8950082276586492
9953,0.8951131669613391
9954,0.8952180013771699
9955,0.8953227310109758
9956,0.8944278557176115
9957,0.8945333751022017
9958,0.8946387890201405
9959,0.894744097576842
9960,0.8948493008776148
9961,0.8949543990276622
9962,0.8950593921320823
9963,0.8951642802958684
9964,0.8952690636239085
9965,0.895373742220986
9966,0.8954783161917796
9967,0.8955827856408634
9968,0.8956871506727065
9969,0.8957914113916744
9970,0.8958955679020275
9971,0.8950001200580475
9972,0.8951050674642863
9973,0.8952099099755664
9974,0.8953146476967302
9975,0.8954192807325155
9976,0.8955238091875555
9977,0.8956282331663785
9978,0.8947330525235335
9979,0.8948382668638398
9980,0.8949433760423867
9981,0.8950483801642833
9982,0.8951532793345339
9983,0.8952580736580377
9984,0.8953627632395889
9985,0.8954673481838771
9986,0.8955718285954873
9987,0.8956762045789002
9988,0.8957804762384914
9989,0.8958846436785329
9990,0.8959887070031921
9991,0.8960926663165323
9992,0.8951970214726377
9993,0.8953017720758635
9994,0.8954064179808351
9995,0.8955109592921986
9996,0.8956153961144953
9997,0.895719728552162
9998,0.8958239567095311
9999,0.8959280806908309
10000,0.8960321006001853
10001,0.8961360165416145
10002,0.8952403283691591
10003,0.895345035687131
10004,0.8954496383501124
10005,0.8945546362128309
10006,0.8936605286304093
10007,0.8937668149586149
10008,0.8938729950536087
10009,0.892979568771696
10010,0.8930865357194505
10011,0.8931933957537139
10012,0.8933001489813464
10013,0.8934067955091012
10014,0.8935133354436248
10015,0.8936197688914572
10016,0.893726095959032
10017,0.8938323167526762
10018,0.8939384313786105
10019,0.8940444399429497
10020,0.8941503425517023
10021,0.8942561393107711
10022,0.8943618303259527
10023,0.8944674157029383
10024,0.8945728955473132
10025,0.8946782699645572
10026,0.8947835390600449
10027,0.8948887029390454
10028,0.8949937617067225
10029,0.8950987154681351
10030,0.8952035643282369
10031,0.8953083083918768
10032,0.895412947763799
10033,0.8955174825486427
10034,0.895621912850943
10035,0.8957262387751299
10036,0.8948309601756546
10037,0.8949360766572381
10038,0.895041088074872
10039,0.8951459945335678
10040,0.8952507961382319
10041,0.8943559927437909
10042,0.8944615839554413
10043,0.8935675693787742
10044,0.893673948619775
10045,0.8937802215346977
10046,0.8928868879799404
10047,0.8929939475621693
10048,0.8931009001383191
10049,0.8932077458153422
10050,0.8933144847000846
10051,0.8934211168992848
10052,0.8935276425195754
10053,0.8936340616674818
10054,0.8937403744494233
10055,0.8938465809717128
10056,0.8939526813405566
10057,0.8940586756620553
10058,0.8941645640422032
10059,0.8942703465868886
10060,0.8943760234018943
10061,0.8944815945928969
10062,0.8945870602654677
10063,0.8946924205250725
10064,0.8947976754770715
10065,0.8949028252267196
10066,0.8950078698791667
10067,0.8951128095394574
10068,0.8952176443125314
10069,0.8953223743032235
10070,0.8954269996162637
10071,0.8955315203562775
10072,0.8956359366277854
10073,0.895740248535204
10074,0.8958444561828449
10075,0.895948559674916
10076,0.8960525591155208
10077,0.8961564546086588
10078,0.8952607460083503
10079,0.8953654329188866
10080,0.8944705149449547
10081,0.8945759916916364
10082,0.8946813630142834
10083,0.8947866290182671
10084,0.8948917898088535
10085,0.8949968454912035
10086,0.8951017961703727
10087,0.8942071417014368
10088,0.8943128816897412
10089,0.8944185159909009
10090,0.8945240447105502
10091,0.8946294679542178
10092,0.894734785827327
10093,0.8948399984351958
10094,0.8949451058830367
10095,0.8950501082759572
10096,0.8951550057189598
10097,0.8952597983169418
10098,0.895364486174696
10099,0.8954690693969102
10100,0.8955735480881677
10101,0.8956779223529472
10102,0.895782192295623
10103,0.8958863580204649
10104,0.8959904196316388
10105,0.8960943772332064
10106,0.8961982309291252
10107,0.896301980823249
10108,0.8964056270193277
10109,0.8965091696210076
10110,0.8966126087318311
10111,0.8967159444552376
10112,0.8968191768945627
10113,0.8969223061530389
10114,0.8960258320839204
10115,0.896129754290733
10116,0.8962335726272741
10117,0.8963372871973618
10118,0.8964408981047108
10119,0.896544405452932
10120,0.8966478093455328
10121,0.8967511098859171
10122,0.8968543071773855
10123,0.8969574013231352
10124,0.8970603924262605
10125,0.8971632805897525
10126,0.8972660659164994
10127,0.8973687485092865
10128,0.8974713284707965
10129,0.8975738059036092
10130,0.8976761809102023
10131,0.8977784535929507
10132,0.8978806240541272
10133,0.8979826923959021
10134,0.898084658720344
10135,0.8981865231294192
10136,0.898288285724992
10137,0.8983899466088251
10138,0.8984915058825794
10139,0.8985929636478143
10140,0.8986943200059874
10141,0.8987955750584552
10142,0.8988967289064728
10143,0.8989977816511939
10144,0.8990987333936715
10145,0.8991995842348572
10146,0.899300334275602
10147,0.8994009836166559
10148,0.8995015323586683
10149,0.8996019806021879
10150,0.899702328447663
10151,0.8998025759954414
10152,0.8999027233457708
10153,0.9000027705987985
10154,0.9001027178545719
10155,0.9002025652130381
10156,0.9003023127740446
10157,0.9004019606373389
10158,0.900501508902569
10159,0.900600957669283
10160,0.9007003070369299
10161,0.900799557104859
10162,0.9008987079723204
10163,0.900997759738465
10164,0.9010967125023446
10165,0.901195566362912
10166,0.901294321419021
10167,0.9013929777694267
10168,0.9014915355127856
10169,0.9015899947476553
10170,0.9016883555724953
10171,0.9017866180856662
10172,0.9018847823854307
10173,0.901982848569953
10174,0.9020808167372995
10175,0.9021786869854381
10176,0.9022764594122393
10177,0.9023741341154755
10178,0.9024717111928213
10179,0.9025691907418539
10180,0.902666572860053
10181,0.9027638576448006
10182,0.9028610451933815
10183,0.9029581356029833
10184,0.9030551289706965
10185,0.9031520253935144
10186,0.9032488249683335
10187,0.9033455277919533
10188,0.9034421339610768
10189,0.9035386435723101
10190,0.9036350567221628
10191,0.9037313735070482
10192,0.903827594023283
10193,0.9039237183670878
10194,0.9040197466345871
10195,0.9041156789218089
10196,0.9042115153246857
10197,0.9033077556891788
10198,0.9034043996115284
10199,0.9035009469382536
10200,0.9035973977659015
10201,0.9036937521909231
10202,0.9037900103096728
10203,0.9038861722184087
10204,0.9039822380132929
10205,0.904078207790391
10206,0.904174081645673
10207,0.9032703594251377
10208,0.9033670407250626
10209,0.9034636253920041
10210,0.9035601135225468
10211,0.903656505213179
10212,0.9037528005602923
10213,0.9038489996601821
10214,0.9029456023591724
10215,0.903042608253866
10216,0.9031395171911435
10217,0.903236329267914
10218,0.9033330445809895
10219,0.9034296632270855
10220,0.9035261853028206
10221,0.9036226109047168
10222,0.9037189401291998
10223,0.903815173072599
10224,0.9039113098311471
10225,0.904007350500981
10226,0.9041032951781415
10227,0.9041991439585731
10228,0.9032953966882498
10229,0.903392052963424
10230,0.903488612630627
10231,0.9035850757864184
10232,0.9036814425272616
10233,0.9037777129495231
10234,0.9038738871494736
10235,0.9039699652232872
10236,0.904065947267042
10237,0.9041618333767202
10238,0.9032581233983327
10239,0.9033548169281694
10240,0.9034514138127989
10241,0.9035479141488181
10242,0.9036443180327273
10243,0.9037406255609305
10244,0.9038368368297351
10245,0.9039329519353526
10246,0.904028970973898
10247,0.9041248940413904
10248,0.9042207212337529
10249,0.9043164526468126
10250,0.904412088376301
10251,0.9045076285178539
10252,0.9046030731670115
10253,0.9046984224192184
10254,0.9047936763698239
10255,0.9048888351140819
10256,0.9049838987471513
10257,0.9050788673640957
10258,0.9051737410598837
10259,0.9052685199293891
10260,0.9043637038175156
10261,0.9044592923194471
10262,0.904554785280647
10263,0.9046501827966084
10264,0.9047454849627287
10265,0.9038411916244351
10266,0.9039373023774342
10267,0.9040333170677116
10268,0.9041292357912821
10269,0.9042250586440644
10270,0.9043207857218815
10271,0.9044164171204603
10272,0.9045119529354323
10273,0.9046073932623334
10274,0.9037032379467289
10275,0.9037994865844633
10276,0.9038956390216603
10277,0.9039916953544722
10278,0.9040876556789555
10279,0.9041835200910705
10280,0.9032797884368066
10281,0.9033764603124319
10282,0.9034730355644934
10283,0.9035695142895664
10284,0.9036658965841295
10285,0.9037621825445652
10286,0.9038583722671594
10287,0.9039544658481017
10288,0.9040504633834859
10289,0.9031468647194345
10290,0.9032436694523486
10291,0.9033403774289079
10292,0.9034369887458206
10293,0.9035335034996979
10294,0.9036299217870545
10295,0.9037262437043088
10296,0.9038224693477828
10297,0.902919098563827
10298,0.9030161309490705
10299,0.9031130663504208
10300,0.9032099048648131
10301,0.9033066465890862
10302,0.9024037913701066
10303,0.902501338805019
10304,0.9025987887412459
10305,0.9026961412762371
10306,0.9027933965073454
10307,0.9028905545318258
10308,0.9029876154468365
10309,0.9030845793494383
10310,0.9031814463365953
10311,0.9032782165051744
10312,0.9033748899519458
10313,0.903471466773583
10314,0.9035679470666629
10315,0.9036643309276657
10316,0.9037606184529754
10317,0.9038568097388795
10318,0.9039529048815693
10319,0.90404890397714
10320,0.9041448071215906
10321,0.9042406144108244
10322,0.9043363259406486
10323,0.9044319418067749
10324,0.904527462104819
10325,0.9046228869303015
10326,0.904718216378647
10327,0.9038139502953101
10328,0.9039100882760244
10329,0.904006130166803
10330,0.9041020760636878
10331,0.9041979260626246
10332,0.9042936802594636
10333,0.9043893387499589
10334,0.904484901629769
10335,0.9045803689944569
10336,0.90467574093949
10337,0.9047710175602401
10338,0.9048661989519841
10339,0.9049612852099032
10340,0.9050562764290837
10341,0.905151172704517
10342,0.9052459741310991
10343,0.9053406808036317
10344,0.9054352928168214
10345,0.9045303100154053
10346,0.9046257319944004
10347,0.9047210585991037
10348,0.9048162899248418
10349,0.9049114260668459
10350,0.9050064671202523
10351,0.9051014131801022
10352,0.9051962643413415
10353,0.9052910206988214
10354,0.9053856823472983
10355,0.905480249381434
10356,0.9055747218957954
10357,0.905669099984855
10358,0.905763383742991
10359,0.9058575732644873
10360,0.9059516686435334
10361,0.9060456699742245
10362,0.9061395773505622
10363,0.9062333908664536
10364,0.9053276103658374
10365,0.905422235442933
10366,0.9045172656923653
10367,0.9046127007091646
10368,0.9047080403386406
10369,0.9048032846761332
10370,0.9048984338168867
10371,0.9039939876061752
10372,0.9040899456395524
10373,0.9041858077628512
10374,0.9042815740719338
10375,0.9043772446625665
10376,0.90447281963042
10377,0.9045682990710693
10378,0.9046636830799938
10379,0.9047589717525775
10380,0.903854664934234
10381,0.9039507622206566
10382,0.9040467634578174
10383,0.9041426687417177
10384,0.9032389779183876
10385,0.9033356905841363
10386,0.9034323065855515
10387,0.9035288260192491
10388,0.9036252489817486
10389,0.9027220753195979
10390,0.9028193046296233
10391,0.9029164367589291
10392,0.9030134718046473
10393,0.9031104098638131
10394,0.9032072510333645
10395,0.9023044951602677
10396,0.9024021418417667
10397,0.9015001906755081
10398,0.9015986412595406
10399,0.9016969934421897
10400,0.9017952473218077
10401,0.9018934029966484
10402,0.9019914605648677
10403,0.902089420124523
10404,0.9021872817735739
10405,0.9022850456098821
10406,0.9023827117312115
10407,0.9024802802352283
10408,0.9025777512195009
10409,0.9026751247815004
10410,0.9027724010186003
10411,0.902869580028077
10412,0.9029666619071095
10413,0.9030636467527795
10414,0.903160534662072
10415,0.902257825482
10416,0.902355518809854
10417,0.9024531144932024
10418,0.902550612629641
10419,0.9026480133166678
10420,0.9027453166516836
10421,0.9028425227319917
10422,0.9029396316547983
10423,0.9020371432673372
10424,0.9011355569172449
10425,0.9012343719528099
10426,0.9013330882227221
10427,0.9014317058256979
10428,0.9015302248603548
10429,0.901628645425212
10430,0.9017269676186901
10431,0.9008256912892362
10432,0.9009248160355737
10433,0.9010238417067026
10434,0.9011227684016484
10435,0.9002220959694629
10436,0.9003218240094735
10437,0.9004214523712831
10438,0.9005209811545202
10439,0.9006204104587135
10440,0.9007197403832925
10441,0.900818971027587
10442,0.9009181024908278
10443,0.9010171348721463
10444,0.9011160682705749
10445,0.9012149027850471
10446,0.9013136385143974
10447,0.9014122755573615
10448,0.9015108140125765
10449,0.9016092539785809
10450,0.9017075955538147
10451,0.9018058388366196
10452,0.9019039839252386
10453,0.901002530667942
10454,0.9011014786632764
10455,0.9002008275101897
10456,0.8993010765581555
10457,0.8984022249074227
10458,0.8985037719090145
10459,0.8986052174143528
10460,0.8987065615248833
10461,0.8988078043419498
10462,0.8989089459667955
10463,0.8990099865005619
10464,0.8991109260442894
10465,0.8992117646989178
10466,0.8993125025652857
10467,0.8994131397441311
10468,0.8995136763360909
10469,0.899614112441702
10470,0.8987149479115254
10471,0.8988161823463965
10472,0.8979178153475496
10473,0.8980198465166175
10474,0.8971222754556314
10475,0.8972251017670201
10476,0.8973278253034849
10477,0.8974304461677493
10478,0.8975329644624341
10479,0.8976353802900578
10480,0.8977376937530362
10481,0.8978399049536829
10482,0.897942013994209
10483,0.8980440209767235
10484,0.8981459260032335
10485,0.8982477291756441
10486,0.8983494305957584
10487,0.898451030365278
10488,0.8985525285858024
10489,0.89865392535883
10490,0.8987552207857578
10491,0.8988564149678809
10492,0.8989575080063938
10493,0.8990585000023894
10494,0.8991593910568598
10495,0.8992601812706961
10496,0.8993608707446884
10497,0.8994614595795263
10498,0.8995619478757986
10499,0.8996623357339937
10500,0.8997626232544994
10501,0.8998628105376033
10502,0.8999628976834928
10503,0.9000628847922549
10504,0.9001627719638768
10505,0.9002625592982457
10506,0.900362246895149
10507,0.9004618348542742
10508,0.9005613232752094
10509,0.9006607122574432
10510,0.9007600019003642
10511,0.9008591923032624
10512,0.9009582835653281
10513,0.9010572757856526
10514,0.9011561690632282
10515,0.9012549634969481
10516,0.9013536591856068
10517,0.9014522562279
10518,0.9005512544725498
10519,0.9006506535185542
10520,0.9007499532151874
10521,0.9008491536617489
10522,0.9009482549574392
10523,0.9010472572013598
10524,0.9011461604925128
10525,0.9012449649298017
10526,0.9013436706120307
10527,0.9014422776379057
10528,0.9015407861060337
10529,0.9006396958650482
10530,0.9007390065138587
10531,0.900838217901651
10532,0.9009373301276363
10533,0.9010363432909271
10534,0.9011352574905364
10535,0.9012340728253784
10536,0.9013327893942685
10537,0.9004319070460484
10538,0.9005314253798354
10539,0.900630844245023
10540,0.90073016374103
10541,0.9008293839671759
10542,0.8999290047728059
10543,0.9000290257575407
10544,0.9001289467712763
10545,0.9002287679139337
10546,0.899328989035459
10547,0.8994296097360732
10548,0.899530129866272
10549,0.8996305495265756
10550,0.8997308688174036
10551,0.8998310878390754
10552,0.8999312066918099
10553,0.9000312254757261
10554,0.9001311442908428
10555,0.9002309632370789
10556,0.9003306824142532
10557,0.9004303019220851
10558,0.9005298218601939
10559,0.9006292423280998
10560,0.9007285634252231
10561,0.900827785250885
10562,0.9009269079043074
10563,0.901025931484613
10564,0.9011248560908253
10565,0.901223681821869
10566,0.9013224087765698
10567,0.9014210370536546
10568,0.9015195667517519
10569,0.9016179979693913
10570,0.9017163308050041
10571,0.9018145653569232
10572,0.901912701723383
10573,0.90201074000252
10574,0.9021086802923726
10575,0.902206522690881
10576,0.9023042672958876
10577,0.9024019142051372
10578,0.9014999632664014
10579,0.9015984140777293
10580,0.9016967664874468
10581,0.9017950205939061
10582,0.9018931764953615
10583,0.9009917340400938
10584,0.9010906928266604
10585,0.9011895527038951
10586,0.9012883137706579
10587,0.9013869761257097
10588,0.901485539867713
10589,0.9015840050952315
10590,0.9016823719067305
10591,0.9017806404005768
10592,0.900879310425164
10593,0.9009783815791619
10594,0.9010773537115165
10595,0.9011762269212001
10596,0.901275001307086
10597,0.9013736769679486
10598,0.9014722540024633
10599,0.9015707325092075
10600,0.9016691125866596
10601,0.9017673943331996
10602,0.9018655778471095
10603,0.9019636632265727
10604,0.9020616505696746
10605,0.9021595399744026
10606,0.9022573315386461
10607,0.9023550253601966
10608,0.9024526215367481
10609,0.9025501201658968
10610,0.9026475213451413
10611,0.9027448251718827
10612,0.902842031743425
10613,0.9029391411569748
10614,0.9030361535096415
10615,0.9031330688984375
10616,0.9032298874202781
10617,0.9033266091719819
10618,0.9034232342502708
10619,0.9035197627517698
10620,0.9036161947730075
10621,0.9037125304104158
10622,0.9038087697603304
10623,0.9039049129189908
10624,0.90400095998254
10625,0.9040969110470253
10626,0.9041927662083976
10627,0.9042885255625122
10628,0.9033846889552533
10629,0.9034812559827843
10630,0.9035777264915471
10631,0.9036741005780123
10632,0.903770378338554
10633,0.90386655986945
10634,0.9029631450170067
10635,0.9030601333778093
10636,0.9031570247987211
10637,0.9022543191267584
10638,0.9013525157093403
10639,0.9014511138945384
10640,0.9015496135308256
10641,0.9016480147167019
10642,0.9017463175505682
10643,0.9018445221307275
10644,0.9019426285553844
10645,0.9020406369226455
10646,0.9021385473305189
10647,0.9022363598769152
10648,0.9023340746596469
10649,0.9024316917764288
10650,0.9015297110750031
10651,0.9016281321533889
10652,0.9017264548598822
10653,0.9018246792928059
10654,0.9019228055503843
10655,0.9020208337307437
10656,0.9021187639319124
10657,0.9022165962518205
10658,0.9023143307883005
10659,0.9024119676390868
10660,0.9025095069018164
10661,0.9026069486740285
10662,0.9027042930531649
10663,0.90280154013657
10664,0.9028986900214909
10665,0.9029957428050777
10666,0.9030926985843829
10667,0.9031895574563625
10668,0.9032863195178754
10669,0.9033829848656836
10670,0.9034795535964525
10671,0.9035760258067509
10672,0.903672401593051
10673,0.9037686810517286
10674,0.9038648642790632
10675,0.9039609513712381
10676,0.9040569424243403
10677,0.9041528375343609
10678,0.9042486367971951
10679,0.9043443403086422
10680,0.9044399481644056
10681,0.9045354604600934
10682,0.9046308772912177
10683,0.9047261987531955
10684,0.9048214249413482
10685,0.904916555950902
10686,0.9050115918769881
10687,0.9051065328146423
10688,0.9052013788588056
10689,0.905296130104324
10690,0.9053907866459489
10691,0.9054853485783367
10692,0.9055798159960495
10693,0.9056741889935547
10694,0.9057684676652252
10695,0.9058626521053399
10696,0.9059567424080832
10697,0.9060507386675454
10698,0.9061446409777227
10699,0.9052389491826426
10700,0.905333662876613
10701,0.9054282819042225
10702,0.9055228063600904
10703,0.905617236338741
10704,0.9057115719346044
10705,0.904806312992141
10706,0.9049014591060919
10707,0.9049965101214781
10708,0.9050914661333507
10709,0.9051863272366657
10710,0.9052810935262843
10711,0.9053757650969726
10712,0.9054703420434024
10713,0.9055648244601506
10714,0.9056592124416997
10715,0.9057535060824377
10716,0.9058477054766582
10717,0.9059418107185605
10718,0.9060358219022501
10719,0.9051302388718631
10720,0.9052250612218162
10721,0.905319788796807
10722,0.9054144216915628
10723,0.9055089600007167
10724,0.9056034038188069
10725,0.9056977532402773
10726,0.9057920083594775
10727,0.9058861692706625
10728,0.9059802360679932
10729,0.9060742088455364
10730,0.906168087697265
10731,0.9062618727170578
10732,0.9063555639987
10733,0.9064491616358827
10734,0.9065426657222037
10735,0.9056365761012919
10736,0.9057308923670577
10737,0.9058251143636924
10738,0.9059192421854179
10739,0.9060132759263619
10740,0.9061072156805585
10741,0.9062010615419472
10742,0.906294813604374
10743,0.906388471961591
10744,0.9064820367072566
10745,0.9065755079349355
10746,0.9066688857380989
10747,0.9067621702101247
10748,0.9068553614442976
10749,0.9069484595338085
10750,0.9070414645717557
10751,0.9071343766511443
10752,0.9072271958648862
10753,0.9073199223058008
10754,0.9074125560666146
10755,0.9075050972399613
10756,0.9075975459183822
10757,0.9076899021943258
10758,0.9077821661601485
10759,0.9078743379081143
10760,0.9079664175303951
10761,0.9080584051190703
10762,0.9081503007661277
10763,0.9082421045634629
10764,0.9083338166028797
10765,0.9084254369760902
10766,0.9085169657747149
10767,0.9086084030902823
10768,0.9086997490142301
10769,0.9087910036379041
10770,0.9088821670525589
10771,0.9089732393493579
10772,0.9090642206193735
10773,0.909155110953587
10774,0.9092459104428888
10775,0.9093366191780784
10776,0.9094272372498644
10777,0.909517764748865
10778,0.9096082017656077
10779,0.9096985483905297
10780,0.9097888047139774
10781,0.9098789708262073
10782,0.9099690468173854
10783,0.9100590327775879
10784,0.9101489287968008
10785,0.9102387349649199
10786,0.9103284513717516
10787,0.9094185778571371
10788,0.9095091140112029
10789,0.9095995596743601
10790,0.9096899149370544
10791,0.9097801798896411
10792,0.9098703546223851
10793,0.908960938975586
10794,0.9080524322899532
10795,0.9081443339068549
10796,0.9082361436680675
10797,0.9073283614155258
10798,0.9064214864915722
10799,0.9065150182392068
10800,0.9066084565018363
10801,0.9067018013728989
10802,0.9067950529457396
10803,0.9068882113136099
10804,0.9069812765696682
10805,0.9070742488069798
10806,0.9071671281185171
10807,0.9072599145971593
10808,0.9073526083356929
10809,0.9074452094268116
10810,0.9075377179631167
10811,0.9076301340371166
10812,0.9077224577412274
10813,0.9078146891677729
10814,0.9079068284089845
10815,0.9079988755570015
10816,0.907091330453996
10817,0.9071841926924228
10818,0.9072769621150191
10819,0.9073696388145542
10820,0.9074622228837051
10821,0.9065552141651807
10822,0.9056491120020971
10823,0.9057434157382269
10824,0.9058376252177489
10825,0.9059317405348726
10826,0.9060257617837133
10827,0.9051201888084173
10828,0.9052150212034114
10829,0.9053097588134029
10830,0.9054044017331296
10831,0.9054989500572345
10832,0.9055934038802658
10833,0.9056877632966773
10834,0.9057820284008286
10835,0.9058761992869846
10836,0.9059702760493165
10837,0.9050647585320258
10838,0.90416014607972
10839,0.9042559380376612
10840,0.9043516342515167
10841,0.9044472348169824
10842,0.904542739829659
10843,0.9046381493850517
10844,0.9047334635785699
10845,0.9048286825055278
10846,0.9049238062611445
10847,0.9050188349405437
10848,0.905113768638754
10849,0.9042091072008343
10850,0.9043048502221228
10851,0.9044004975482376
10852,0.9044960492748261
10853,0.9045915054974399
10854,0.9046868663115355
10855,0.9047821318124735
10856,0.9048773020955194
10857,0.9049723772558438
10858,0.9050673573885216
10859,0.9051622425885331
10860,0.9052570329507634
10861,0.905351728570003
10862,0.9054463295409475
10863,0.9055408359581979
10864,0.9056352479162607
10865,0.9057295655095478
10866,0.9058237888323768
10867,0.9059179179789711
10868,0.9060119530434599
10869,0.9061058941198783
10870,0.9061997413021673
10871,0.9062934946841741
10872,0.9063871543596521
10873,0.9064807204222611
10874,0.9065741929655672
10875,0.9066675720830428
10876,0.9057613576181922
10877,0.9058555491648007
10878,0.9059496465669349
10879,0.906043649918692
10880,0.9061375593140756
10881,0.906231374846995
10882,0.9063250966112659
10883,0.90641872470061
10884,0.9065122592086554
10885,0.9066057002289366
10886,0.9066990478548946
10887,0.9067923021798773
10888,0.9068854632971388
10889,0.9069785312998403
10890,0.9070715062810498
10891,0.9071643883337425
10892,0.9062576773009251
10893,0.9063513727758867
10894,0.9064449746021976
10895,0.9065384828734598
10896,0.9066318976831815
10897,0.9067252191247775
10898,0.9068184472915694
10899,0.9069115822767851
10900,0.90700462417356
10901,0.9070975730749358
10902,0.9071904290738614
10903,0.9072831922631929
10904,0.9073758627356935
10905,0.9074684405840336
10906,0.9075609259007912
10907,0.9076533187784516
10908,0.9077456193094077
10909,0.90783782758596
10910,0.9079299437003169
10911,0.9080219677445944
10912,0.9081138998108167
10913,0.9082057399909158
10914,0.908297488376732
10915,0.9083891450600136
10916,0.9084807101324174
10917,0.9085721836855084
10918,0.9086635658107602
10919,0.9077553563496801
10920,0.9078475548940582
10921,0.9069401610360932
10922,0.9070331743683909
10923,0.9071260947338398
10924,0.9072189222253602
10925,0.9073116569357796
10926,0.9074042989578328
10927,0.9074968483841618
10928,0.9075893053073161
10929,0.9076816698197525
10930,0.9077739420138358
10931,0.9078661219818379
10932,0.907958209815939
10933,0.9080502056082269
10934,0.9081421094506974
10935,0.9072344211853793
10936,0.9073271404045844
10937,0.9074197669509066
10938,0.9075123009169727
10939,0.9066052421454415
10940,0.9066985902292541
10941,0.9067918450116337
10942,0.9068850065858349
10943,0.9069780750450195
10944,0.9070710504822559
10945,0.9071639329905195
10946,0.9072567226626929
10947,0.9073494195915657
10948,0.907442023869835
10949,0.907534535590105
10950,0.9066274545950125
10951,0.9067207804774763
10952,0.9068140130806972
10953,0.9069071524979079
10954,0.9070001988222478
10955,0.9060936518968883
10956,0.9061875113152822
10957,0.906281276921164
10958,0.9063749488082993
10959,0.90646852707036
10960,0.9065620118009243
10961,0.9066554030934771
10962,0.9067487010414097
10963,0.90684190573802
10964,0.9069350172765128
10965,0.9070280357499996
10966,0.9061214610016237
10967,0.9062152926248105
10968,0.9063090304632665
10969,0.9064026746107295
10970,0.9064962251608437
10971,0.9065896822071597
10972,0.9066830458431346
10973,0.905776815912257
10974,0.9058709920082967
10975,0.9059650739753049
10976,0.9060590619073635
10977,0.9061529558984606
10978,0.90624675604249
10979,0.9063404624332522
10980,0.9064340751644533
10981,0.9065275943297062
10982,0.9066210200225301
10983,0.9067143523363507
10984,0.9068075913645003
10985,0.9069007372002179
10986,0.9069937899366495
10987,0.9060872494169727
10988,0.906181115234647
10989,0.9062748872334129
10990,0.9063685655070426
10991,0.9064621501492145
10992,0.9065556412535132
10993,0.9066490389134297
10994,0.9067423432223618
10995,0.9068355542736138
10996,0.9069286721603969
10997,0.9070216969758288
10998,0.9071146288129344
10999,0.9072074677646456
11000,0.9063007136739263
11001,0.9063943661340224
11002,0.905488424738586
11003,0.905582889081676
11004,0.9056772590076313
11005,0.905771534610822
11006,0.9058657159855239
11007,0.9049603029760431
11008,0.9050552951769666
11009,0.9051501924331615
11010,0.9052449948395251
11011,0.9053397024908599
11012,0.9054343154818736
11013,0.9055288339071791
11014,0.9056232578612948
11015,0.9057175874386448
11016,0.9058118227335588
11017,0.9059059638402719
11018,0.9060000108529253
11019,0.906093963865566
11020,0.9061878229721471
11021,0.9062815882665277
11022,0.9063752598424732
11023,0.9064688377936552
11024,0.9065623222136515
11025,0.9066557131959467
11026,0.9067490108339318
11027,0.9068422152209044
11028,0.9069353264500689
11029,0.9070283446145366
11030,0.9071212698073257
11031,0.9072141021213613
11032,0.907306841649476
11033,0.9063999882345339
11034,0.9064935414696819
11035,0.9065870011983479
11036,0.9056808672641167
11037,0.9057751392608542
11038,0.9058693170327073
11039,0.9059634006738541
11040,0.906057390278378
11041,0.9051517856903936
11042,0.9052465865042962
11043,0.9053412925647617
11044,0.9054359039664961
11045,0.9045309205542358
11046,0.9046263419229972
11047,0.9047216679180766
11048,0.9048168986348002
11049,0.9049120341683986
11050,0.9050070746140074
11051,0.904102519816792
11052,0.9031988691223225
11053,0.9032956218768229
11054,0.903392277926921
11055,0.9024893371193978
11056,0.9025867990513124
11057,0.9026841635700018
11058,0.9027814307728304
11059,0.9018791005071903
11060,0.9019771723707514
11061,0.9020751462114602
11062,0.9011735218774158
11063,0.9012722989669937
11064,0.9013709773288457
11065,0.9014695570616506
11066,0.9015680382639877
11067,0.9016664210343385
11068,0.9017647054710858
11069,0.901862891672514
11070,0.9019609797368093
11071,0.9020589697620599
11072,0.9011573615963807
11073,0.9012561548381635
11074,0.9013548493360763
11075,0.9014534451888139
11076,0.901551942494972
11077,0.9016503413530479
11078,0.9017486418614407
11079,0.9018468441184507
11080,0.9019449482222803
11081,0.9020429542710336
11082,0.9021408623627167
11083,0.9022386725952377
11084,0.9023363850664069
11085,0.9024339998739367
11086,0.902531517115442
11087,0.90262893688844
11088,0.9027262592903507
11089,0.9018239841686212
11090,0.9019221111209764
11091,0.9020201399954182
11092,0.9021180708899755
11093,0.9022159039025792
11094,0.9023136391310624
11095,0.9024112766731603
11096,0.9025088166265105
11097,0.9026062590886529
11098,0.90270360415703
11099,0.902800851928987
11100,0.9028980025017715
11101,0.9029950559725344
11102,0.9030920124383289
11103,0.9021893717462367
11104,0.9022871334936168
11105,0.902384797528106
11106,0.9024823639473682
11107,0.901580332599095
11108,0.9016787030812548
11109,0.9017769752420931
11110,0.9018751491798821
11111,0.9019732249927958
11112,0.90207120277891
11113,0.9021690826362024
11114,0.902266864662553
11115,0.9023645489557439
11116,0.9024621356134593
11117,0.902559624733286
11118,0.902657016412713
11119,0.902754310749132
11120,0.9028515078398376
11121,0.9029486077820267
11122,0.9030456106727993
11123,0.9031425166091583
11124,0.9032393256880098
11125,0.9033360380061627
11126,0.9034326536603294
11127,0.9035291727471257
11128,0.9036255953630706
11129,0.9027224213547117
11130,0.9018201500689998
11131,0.9019182808535385
11132,0.9020163135563336
11133,0.9021142482754178
11134,0.9022120851087256
11135,0.9023098241540942
11136,0.9024074655092625
11137,0.9025050092718719
11138,0.9026024555394663
11139,0.9026998044094918
11140,0.9027970559792974
11141,0.9028942103461347
11142,0.9029912676071581
11143,0.9030882278594248
11144,0.90218559095002
11145,0.9022833564763069
11146,0.9023810242859257
11147,0.9024785944765444
11148,0.9025760671457334
11149,0.902673442390965
11150,0.9027707203096147
11151,0.9028679009989604
11152,0.9019654843063077
11153,0.90206346982924
11154,0.9021613574156175
11155,0.9022591471633281
11156,0.9023568391701614
11157,0.9024544335338094
11158,0.9025519303518665
11159,0.9026493297218297
11160,0.9027466317410981
11161,0.9028438365069741
11162,0.9029409441166623
11163,0.9030379546672703
11164,0.9031348682558088
11165,0.9032316849791913
11166,0.9033284049342345
11167,0.9034250282176586
11168,0.9025220546762116
11169,0.90261948390692
11170,0.9027168157570881
11171,0.9028140503240475
11172,0.902911187705033
11173,0.9030082279971818
11174,0.9031051712975344
11175,0.9032020177030341
11176,0.9032987673105273
11177,0.9033954202167637
11178,0.9034919765183961
11179,0.9035884363119809
11180,0.903684799693978
11181,0.9037810667607507
11182,0.903877237608566
11183,0.9039733123335949
11184,0.9040692910319121
11185,0.9041651737994965
11186,0.9042609607322306
11187,0.9043566519259015
11188,0.9044522474762005
11189,0.904547747478723
11190,0.9046431520289692
11191,0.9047384612223435
11192,0.9048336751541552
11193,0.9049287939196183
11194,0.9050238176138516
11195,0.9051187463318788
11196,0.9052135801686286
11197,0.9053083192189348
11198,0.9054029635775366
11199,0.9054975133390782
11200,0.9055919685981096
11201,0.905686329449086
11202,0.9057805959863683
11203,0.905874768304223
11204,0.9059688464968224
11205,0.9060628306582449
11206,0.9061567208824746
11207,0.9062505172634017
11208,0.9063442198948225
11209,0.9064378288704399
11210,0.9065313442838627
11211,0.9066247662286064
11212,0.9067180947980931
11213,0.9068113300856512
11214,0.9069044721845161
11215,0.90699752118783
11216,0.9070904771886417
11217,0.9071833402799074
11218,0.9062766103046151
11219,0.9063702868560348
11220,0.906463869777718
11221,0.9065573591632475
11222,0.9066507551061128
11223,0.9067440576997099
11224,0.9068372670373414
11225,0.9069303832122165
11226,0.9070234063174517
11227,0.9071163364460699
11228,0.9072091736910014
11229,0.9073019181450833
11230,0.9073945699010603
11231,0.9074871290515839
11232,0.9075795956892135
11233,0.9076719699064157
11234,0.9077642517955647
11235,0.9078564414489425
11236,0.9079485389587386
11237,0.9080405444170507
11238,0.9081324579158843
11239,0.9082242795471528
11240,0.9083160094026779
11241,0.9084076475741895
11242,0.9084991941533257
11243,0.9085906492316332
11244,0.9086820129005672
11245,0.9087732852514911
11246,0.9088644663756775
11247,0.9079560561144325
11248,0.9080480540593456
11249,0.9081399600522898
11250,0.9082317741851711
11251,0.9083234965498036
11252,0.9084151272379097
11253,0.9085066663411202
11254,0.9085981139509741
11255,0.9076899699090442
11256,0.907782233807186
11257,0.9078744054875386
11258,0.9079664850422737
11259,0.9080584725634708
11260,0.9081503681431176
11261,0.9082421718731094
11262,0.9083338838452503
11263,0.907426003901377
11264,0.9075185316336095
11265,0.9076109668843505
11266,0.9077033097460353
11267,0.9077955603110068
11268,0.9078877186715155
11269,0.9079797849197199
11270,0.9080717591476861
11271,0.9081636414473886
11272,0.9082554319107096
11273,0.9083471306294395
11274,0.9084387376952772
11275,0.9085302531998296
11276,0.9076221769847373
11277,0.907714508641924
11278,0.9078067480135963
11279,0.9078988951919935
11280,0.9079909502692629
11281,0.9080829133374595
11282,0.9081747844885465
11283,0.908266563814395
11284,0.9083582514067844
11285,0.9084498473574023
11286,0.9085413517578447
11287,0.908632764699616
11288,0.908724086274129
11289,0.9088153165727056
11290,0.908906455686576
11291,0.9089975037068793
11292,0.9090884607246635
11293,0.9091793268308858
11294,0.9092701021164121
11295,0.9093607866720179
11296,0.9094513805883877
11297,0.9095418839561155
11298,0.9096322968657046
11299,0.9097226194075679
11300,0.9098128516720282
11301,0.9099029937493175
11302,0.9099930457295781
11303,0.9100830077028619
11304,0.9101728797591309
11305,0.9102626619882571
11306,0.9103523544800229
11307,0.9104419573241209
11308,0.9105314706101538
11309,0.9106208944276349
11310,0.9107102288659882
11311,0.9107994740145479
11312,0.9108886299625593
11313,0.9109776967991784
11314,0.910067174363597
11315,0.9101570622452925
11316,0.9102468602840278
11317,0.910336568569601
11318,0.9104261871917203
11319,0.9105157162400045
11320,0.9106051558039825
11321,0.910694505973094
11322,0.910783766836689
11323,0.9108729384840287
11324,0.9109620210042846
11325,0.9110510144865391
11326,0.911139919019786
11327,0.9112287346929296
11328,0.9113174615947858
11329,0.9114060998140814
11330,0.9114946494394546
11331,0.9115831105594551
11332,0.9116714832625441
11333,0.9117597676370943
11334,0.9118479637713901
11335,0.9119360717536276
11336,0.9120240916719148
11337,0.9111125233643966
11338,0.9112013664195047
11339,0.9112901206759569
11340,0.9113787862225077
11341,0.9114673631478225
11342,0.9115558515404784
11343,0.9116442514889637
11344,0.9117325630816784
11345,0.9118207864069341
11346,0.9119089215529541
11347,0.9119969686078737
11348,0.9120849276597399
11349,0.9121727987965118
11350,0.9112610818561855
11351,0.9113497764270438
11352,0.9114383823476565
11353,0.9115268997066294
11354,0.9106158283426048
11355,0.9107051678445113
11356,0.9107944180515632
11357,0.910883579053011
11358,0.9109726509380155
11359,0.9110616337956486
11360,0.9111505277148934
11361,0.9112393327846435
11362,0.9113280490937044
11363,0.9114166767307921
11364,0.9115052157845344
11365,0.9115936663434704
11366,0.9116820284960506
11367,0.9117703023306373
11368,0.9118584879355042
11369,0.911946585398837
11370,0.9120345948087332
11371,0.9121225162532022
11372,0.9122103498201655
11373,0.9112985953475816
11374,0.911387252423696
11375,0.9114758208870406
11376,0.911564300826184
11377,0.9116526923296061
11378,0.9117409954856984
11379,0.9118292103827642
11380,0.9119173371090183
11381,0.9120053757525876
11382,0.9120933264015105
11383,0.9121811891437379
11384,0.9122689640671324
11385,0.9123566512594691
11386,0.9124442508084352
11387,0.9125317628016302
11388,0.9126191873265661
11389,0.9127065244706675
11390,0.9127937743212715
11391,0.9118814367157531
11392,0.9119695112417743
11393,0.9120574977372847
11394,0.9121453962902709
11395,0.9122332069886314
11396,0.912320929920177
11397,0.9124085651726306
11398,0.9124961128336274
11399,0.9125835729907152
11400,0.9126709457313542
11401,0.911758730893042
11402,0.9118469280635637
11403,0.9119350370809914
11404,0.9120230580334342
11405,0.912110991008913
11406,0.9121988360953609
11407,0.9122865933806229
11408,0.9123742629524564
11409,0.9114623446486558
11410,0.9115508380573029
11411,0.9116392430167658
11412,0.9117275596154497
11413,0.9118157879416712
11414,0.9119039280836585
11415,0.9119919801295518
11416,0.9120799441674033
11417,0.9121678202851771
11418,0.912255608570749
11419,0.9123433091119078
11420,0.9114314217464786
11421,0.9115199460625741
11422,0.9116083818985935
11423,0.9116967293429727
11424,0.9117849884840592
11425,0.9118731594101122
11426,0.9119612422093024
11427,0.9120492369697129
11428,0.9121371437793383
11429,0.9122249627260856
11430,0.9123126938977736
11431,0.9124003373821337
11432,0.9114883930169342
11433,0.9115768603902306
11434,0.9116652393403653
11435,0.9117535299557172
11436,0.9118417323245771
11437,0.9119298465351472
11438,0.9120178726755418
11439,0.9121058108337872
11440,0.9121936610978214
11441,0.9122814235554948
11442,0.9113695980446948
11443,0.9114581841535956
11444,0.9115466817206584
11445,0.9116350908343809
11446,0.911723411583172
11447,0.9108121438054777
11448,0.9099017868401549
11449,0.9099918400267214
11450,0.9100818032051055
11451,0.9101716764652703
11452,0.9102614598970892
11453,0.9093516533404704
11454,0.9094422563856074
11455,0.9095327688729781
11456,0.9096231908930951
11457,0.9097135225363804
11458,0.9098037638931656
11459,0.9098939150536922
11460,0.9099839761081113
11461,0.910073947146484
11462,0.9101638282587814
11463,0.9102536195348846
11464,0.9093438208147098
11465,0.9094344316884582
11466,0.9095249519966156
11467,0.9096153818297025
11468,0.9097057212781485
11469,0.9097959704322933
11470,0.909886129382386
11471,0.9099761982185856
11472,0.9100661770309608
11473,0.9091565656596156
11474,0.9082478634450633
11475,0.9083395697284765
11476,0.9084311843514365
11477,0.9085227074055581
11478,0.9086141389823641
11479,0.9087054791732863
11480,0.9087967280696648
11481,0.9088878857627486
11482,0.9089789523436954
11483,0.9090699279035718
11484,0.9091608125333533
11485,0.9092516063239247
11486,0.9093423093660796
11487,0.9094329217505214
11488,0.9095234435678622
11489,0.909613874908624
11490,0.909704215863238
11491,0.9097944665220454
11492,0.9098846269752967
11493,0.9099746973131525
11494,0.9100646776256831
11495,0.9101545680028689
11496,0.9102443685346001
11497,0.9103340793106774
11498,0.9104237004208117
11499,0.910513231954624
11500,0.9096031737517708
11501,0.9086940251523188
11502,0.9087852854969941
11503,0.9088764546269321
11504,0.908967532633302
11505,0.9090585196071818
11506,0.9091494156395584
11507,0.9092402208213279
11508,0.9083314349934206
11509,0.9074235574971753
11510,0.9075160876745894
11511,0.907608525368068
11512,0.906701370420174
11513,0.906794622423752
11514,0.9068877812219291
11515,0.9069808469078643
11516,0.9070738195746231
11517,0.9071666993151781
11518,0.9072594862224094
11519,0.9073521803891036
11520,0.9074447819079551
11521,0.9065377906216903
11522,0.9056317058734427
11523,0.9057260270070024
11524,0.9048207536166906
11525,0.9049158852972335
11526,0.9050109218936381
11527,0.9051058635009408
11528,0.9042012099642083
11529,0.9042969608787867
11530,0.9043926160903022
11531,0.9044881756944099
11532,0.9045836397866693
11533,0.9046790084625447
11534,0.9037747815675297
11535,0.9038709586973972
11536,0.9039670396981994
11537,0.9040630246660173
11538,0.9041589136968359
11539,0.9032552066366691
11540,0.9033519030818099
11541,0.9034485028788296
11542,0.903545006124328
11543,0.9036414129148084
11544,0.9027382230968026
11545,0.9028354362671207
11546,0.9029325522728507
11547,0.9020300709612337
11548,0.9021279919297882
11549,0.9022258150263102
11550,0.9023235403486227
11551,0.9014216677445761
11552,0.9015201968122977
11553,0.9016186274001914
11554,0.901716959606688
11555,0.9018151935301195
11556,0.9009138290188451
11557,0.9010128656715
11558,0.9011118033369957
11559,0.90121064211427
11560,0.9013093821021618
11561,0.9014080233994111
11562,0.9015065661046591
11563,0.9016050103164485
11564,0.9017033561332236
11565,0.9018016036533303
11566,0.9018997529750161
11567,0.9019978041964304
11568,0.9010962571657493
11569,0.9011951114814257
11570,0.9012938669921889
11571,0.9013925237967945
11572,0.9014910819938992
11573,0.9015895416820612
11574,0.9016879029597403
11575,0.9017861659252978
11576,0.9018843306769967
11577,0.9019823973130017
11578,0.9010808656815045
11579,0.9011797353809732
11580,0.9012785062601526
11581,0.9013771784178136
11582,0.9014757519526284
11583,0.9015742269631705
11584,0.9016726035479149
11585,0.9017708818052383
11586,0.901869061833419
11587,0.9019671437306369
11588,0.9020651275949741
11589,0.9021630135244144
11590,0.9022608016168437
11591,0.9023584919700502
11592,0.9024560846817243
11593,0.9025535798494587
11594,0.9026509775707486
11595,0.9027482779429917
11596,0.9028454810634885
11597,0.9029425870294421
11598,0.9030395959379584
11599,0.9031365078860464
11600,0.9032333229706181
11601,0.9033300412884885
11602,0.9034266629363761
11603,0.9035231880109025
11604,0.9036196166085927
11605,0.9037159488258755
11606,0.903812184759083
11607,0.9039083245044512
11608,0.9040043681581199
11609,0.9041003158161328
11610,0.9041961675744375
11611,0.9032924232790108
11612,0.9033890825261083
11613,0.903485645162264
11614,0.9025826110341658
11615,0.9026799797387793
11616,0.9027772511233483
11617,0.902874425285144
11618,0.9029715023213408
11619,0.9030684823290156
11620,0.9031653654051485
11621,0.9032621516466226
11622,0.9023593409003491
11623,0.9024569327635171
11624,0.9025544270835936
11625,0.9026518239580728
11626,0.9027491234843515
11627,0.9028463257597295
11628,0.9029434308814088
11629,0.9020409386966198
11630,0.901139348552995
11631,0.9012381597988192
11632,0.9013368722827784
11633,0.9014354861035851
11634,0.9015340013598534
11635,0.9016324181500984
11636,0.9017307365727371
11637,0.9018289567260876
11638,0.9019270787083704
11639,0.9010256023678324
11640,0.901124527302997
11641,0.9012233533626641
11642,0.90132208064566
11643,0.9014207092507118
11644,0.9015192392764483
11645,0.9006181705715243
11646,0.9007175027348711
11647,0.9008167356156958
11648,0.9009158693132313
11649,0.9010149039266114
11650,0.9011138395548707
11651,0.9012126762969448
11652,0.9013114142516705
11653,0.9014100535177858
11654,0.9015085941939299
11655,0.9016070363786436
11656,0.901705380170369
11657,0.9018036256674501
11658,0.9019017729681323
11659,0.901999822170563
11660,0.9020977733727913
11661,0.9021956266727685
11662,0.902293382168348
11663,0.9023910399572852
11664,0.902488600137238
11665,0.9025860628057665
11666,0.9026834280603334
11667,0.9027806959983041
11668,0.9028778667169465
11669,0.9029749403134313
11670,0.9030719168848321
11671,0.9031687965281257
11672,0.9032655793401915
11673,0.9033622654178125
11674,0.9034588548576747
11675,0.9035553477563677
11676,0.9036517442103843
11677,0.903748044316121
11678,0.903844248169878
11679,0.9029408556179841
11680,0.9030378662570466
11681,0.9031347799339511
11682,0.9032315967456113
11683,0.9033283167888441
11684,0.9034249401603694
11685,0.9035214669568109
11686,0.9036178972746951
11687,0.9037142312104526
11688,0.9038104688604172
11689,0.9039066103208265
11690,0.9040026556878222
11691,0.9030991048075745
11692,0.9031959572765325
11693,0.9032927129414234
11694,0.9023898716491282
11695,0.9014879327469302
11696,0.9015863955827653
11697,0.9016847600049714
11698,0.901783026111913
11699,0.9018811940018561
11700,0.9019792637729687
11701,0.9020772355233205
11702,0.9021751093508834
11703,0.9022728853535312
11704,0.9023705636290399
11705,0.9024681442750878
11706,0.9025656273892556
11707,0.9026630130690265
11708,0.9027603014117861
11709,0.9028574925148228
11710,0.9029545864753278
11711,0.9030515833903949
11712,0.9031484833570212
11713,0.9032452864721067
11714,0.9033419928324544
11715,0.9034386025347708
11716,0.9035351156756656
11717,0.903631532351652
11718,0.9037278526591466
11719,0.9038240766944697
11720,0.9029207043039705
11721,0.9030177350842764
11722,0.9031146688822931
11723,0.9032115057949545
11724,0.9033082459190974
11725,0.9034048893514621
11726,0.903501436188692
11727,0.9035978865273341
11728,0.9036942404638385
11729,0.9037904980945594
11730,0.9038866595157542
11731,0.9039827248235845
11732,0.9040786941141157
11733,0.9041745674833169
11734,0.9042703450270617
11735,0.9043660268411277
11736,0.9034621127713215
11737,0.903558602413729
11738,0.9036549956147147
11739,0.9037512924706721
11740,0.9038474930778978
11741,0.9039435975325926
11742,0.9040396059308609
11743,0.9041355183687111
11744,0.9042313349420557
11745,0.9043270557467112
11746,0.9044226808783987
11747,0.9045182104327432
11748,0.9046136445052742
11749,0.9047089831914258
11750,0.9038047263366618
11751,0.9039008735367251
11752,0.9039969246376379
11753,0.9030933794855763
11754,0.903190237676995
11755,0.9032869990586272
11756,0.9033836637272342
11757,0.9034802317794809
11758,0.9035767033119352
11759,0.9036730784210687
11760,0.9037693572032566
11761,0.9038655397547776
11762,0.9029621259219393
11763,0.9030591153013277
11764,0.9031560077398071
11765,0.90325280333427
11766,0.9033495021815121
11767,0.9034461043782323
11768,0.9035426100210326
11769,0.9036390192064189
11770,0.9037353320308003
11771,0.9038315485904896
11772,0.9039276689817035
11773,0.9040236933005624
11774,0.9041196216430906
11775,0.9042154541052164
11776,0.9033116905328974
11777,0.9034083305223698
11778,0.9035048739201486
11779,0.9036013208227771
11780,0.9036976713267024
11781,0.9027944252783999
11782,0.9028915822746234
11783,0.9029886421624049
11784,0.9030856050388043
11785,0.9031824710007845
11786,0.9032792401452115
11787,0.9023764123189795
11788,0.9024739871192603
11789,0.9025714643935039
11790,0.9026688442391876
11791,0.9027661267536912
11792,0.9028633120342971
11793,0.9029604001781909
11794,0.9030573912824605
11795,0.9031542854440973
11796,0.9032510827599952
11797,0.9033477833269518
11798,0.9034443872416674
11799,0.9035408946007463
11800,0.9036373055006955
11801,0.9027341197880512
11802,0.9028313370596274
11803,0.9029284571625164
11804,0.9020259799439632
11805,0.9021239050014904
11806,0.9022217321828983
11807,0.9023194615860138
11808,0.9024170933085666
11809,0.9025146274481882
11810,0.9026120641024129
11811,0.9027094033686773
11812,0.9028066453443209
11813,0.9029037901265854
11814,0.9030008378126158
11815,0.9030977884994598
11816,0.9021951420341929
11817,0.9022928980141688
11818,0.9023905562870181
11819,0.9024881169503994
11820,0.9025855801018733
11821,0.9026829458389029
11822,0.902780214258854
11823,0.9028773854589951
11824,0.9029744595364974
11825,0.9020719363385599
11826,0.9021698154626593
11827,0.9022675967565497
11828,0.9023652803180123
11829,0.9024628662447309
11830,0.9025603546342914
11831,0.9026577455841822
11832,0.9027550391917942
11833,0.9028522355544211
11834,0.9029493347692592
11835,0.9030463369334079
11836,0.9031432421438692
11837,0.9032400504975485
11838,0.9033367620912541
11839,0.9034333770216977
11840,0.9035298953854941
11841,0.9036263172791618
11842,0.9037226427991226
11843,0.9038188720417022
11844,0.9039150051031297
11845,0.9040110420795384
11846,0.9041069830669651
11847,0.904202828161351
11848,0.904298577458541
11849,0.9043942310542846
11850,0.9044897890442354
11851,0.9045852515239513
11852,0.9046806185888949
11853,0.9047758903344333
11854,0.9048710668558382
11855,0.9039666479984111
11856,0.9040626333577331
11857,0.9041585227796644
11858,0.9042543163600945
11859,0.904350014194817
11860,0.9044456163795298
11861,0.9045411230098351
11862,0.9036370339313645
11863,0.9037333487400289
11864,0.9038295672820178
11865,0.90392568965355
11866,0.9040217159507479
11867,0.9041176462696376
11868,0.9042134807061497
11869,0.9043092193561185
11870,0.9044048623152828
11871,0.9045004096792856
11872,0.903596361293799
11873,0.9036927167547748
11874,0.9037889759084432
11875,0.9038851388510635
11876,0.9029817054289235
11877,0.9030786752385898
11878,0.902176047877032
11879,0.9022738229416226
11880,0.9013720000301367
11881,0.9014705787407513
11882,0.90156905892192
11883,0.9016674406721229
11884,0.901765724089742
11885,0.9018639092730606
11886,0.901961996320264
11887,0.9020599853294391
11888,0.9011583761487001
11889,0.9012571683764375
11890,0.9013558618613187
11891,0.9014544567020369
11892,0.9015529529971873
11893,0.900651850595391
11894,0.9007511490955455
11895,0.9008503483468243
11896,0.9009494484484267
11897,0.9010484494994527
11898,0.9011473515989036
11899,0.9012461548456813
11900,0.900345359088714
11901,0.9004449639272061
11902,0.9005444692106371
11903,0.9006438750385125
11904,0.9007431815102381
11905,0.9008423887251205
11906,0.8999419965324916
11907,0.8990425042820843
11908,0.8991434113242811
11909,0.899244217509864
11910,0.8993449229396393
11911,0.8994455277143123
11912,0.8995460319344879
11913,0.8996464357006703
11914,0.8997467391132633
11915,0.8998469422725703
11916,0.8999470452787947
11917,0.9000470482320392
11918,0.900146951232307
11919,0.9002467543795011
11920,0.9003464577734246
11921,0.900446061513781
11922,0.9005455657001741
11923,0.9006449704321079
11924,0.9007442758089873
11925,0.9008434819301178
11926,0.9009425888947054
11927,0.901041596801857
11928,0.9011405057505808
11929,0.9012393158397857
11930,0.9013380271682816
11931,0.9014366398347801
11932,0.9015351539378937
11933,0.9016335695761367
11934,0.9017318868479247
11935,0.901830105851575
11936,0.9019282266853065
11937,0.9020262494472402
11938,0.9021241742353989
11939,0.9022220011477073
11940,0.9023197302819925
11941,0.9014178614861085
11942,0.9015163943581863
11943,0.9016148287466339
11944,0.9017131647498856
11945,0.9018114024662776
11946,0.9019095419940474
11947,0.9020075834313347
11948,0.9011060266263059
11949,0.900205370927529
11950,0.9003051156842231
11951,0.900404760746008
11952,0.9005043062125286
11953,0.9006037521833307
11954,0.90070309875786
11955,0.9008023460354634
11956,0.900901494115388
11957,0.9010005430967819
11958,0.9010994930786942
11959,0.9011983441600748
11960,0.9012970964397748
11961,0.9013957500165467
11962,0.9014943049890439
11963,0.9015927614558215
11964,0.9016911195153359
11965,0.9017893792659453
11966,0.9008880405560343
11967,0.9009871029842642
11968,0.9010860663995723
11969,0.9001854306510471
11970,0.9002851953380525
11971,0.9003848603102284
11972,0.8994849254173646
11973,0.8995853902595261
11974,0.8996857546870528
11975,0.8997860188003092
11976,0.8998861826995592
11977,0.899986246484967
11978,0.9000862102565962
11979,0.9001860741144107
11980,0.9002858381582743
11981,0.9003855024879512
11982,0.9004850672031057
11983,0.9005845324033025
11984,0.9006838981880069
11985,0.9007831646565846
11986,0.9008823319083021
11987,0.9009814000423269
11988,0.9010803691577268
11989,0.9011792393534712
11990,0.9012780107284303
11991,0.9013766833813753
11992,0.9014752574109791
11993,0.9015737329158157
11994,0.9016721099943605
11995,0.9017703887449908
11996,0.9018685692659854
11997,0.9019666516555246
11998,0.902064636011691
11999,0.9021625224324689
12000,0.9022603110157448
12001,0.9023580018593073
12002,0.9024555950608472
12003,0.9025530907179578
12004,0.9026504889281347
12005,0.9017482895389012
12006,0.9018464921480577
12007,0.9019445966036818
12008,0.902042603003878
12009,0.9021405114466526
12010,0.9022383220299144
12011,0.9013365346015987
12012,0.9014351487599179
12013,0.9005341641034862
12014,0.9006335802313188
12015,0.9007328969927068
12016,0.9008321144869669
12017,0.9009312328133168
12018,0.9010302520708747
12019,0.90112917235866
12020,0.9012279937755928
12021,0.9013267164204948
12022,0.9014253403920884
12023,0.9005243655391229
12024,0.900623791460623
12025,0.8997236177560147
12026,0.8998238440251242
12027,0.8999239701180526
12028,0.9000239961349261
12029,0.9001239221757708
12030,0.9002237483405127
12031,0.9003234747289779
12032,0.900423101440893
12033,0.9005226285758846
12034,0.9006220562334799
12035,0.9007213845131066
12036,0.9008206135140929
12037,0.900919743335668
12038,0.9010187740769617
12039,0.9011177058370048
12040,0.9002170384648539
12041,0.9003167715598416
12042,0.9004164049715758
12043,0.8995164385498151
12044,0.8996168718945929
12045,0.8997172048562175
12046,0.8998174375350219
12047,0.8999175700312387
12048,0.9000176024450006
12049,0.9001175348763399
12050,0.9002173674251892
12051,0.9003171001913809
12052,0.9004167332746479
12053,0.8995167665247482
12054,0.8996171995417149
12055,0.8997175321758561
12056,0.8998177645275045
12057,0.8999178966968923
12058,0.9000179287841518
12059,0.900117860889315
12060,0.9002176931123141
12061,0.9003174255529814
12062,0.9004170583110495
12063,0.9005165914861508
12064,0.9006160251778188
12065,0.9007153594854872
12066,0.9008145945084902
12067,0.9009137303460629
12068,0.9010127670973412
12069,0.9011117048613619
12070,0.9012105437370628
12071,0.9013092838232826
12072,0.9014079252187616
12073,0.9015064680221411
12074,0.901604912331964
12075,0.9017032582466747
12076,0.901801505864619
12077,0.9009001550341696
12078,0.9009992053539756
12079,0.9010981566729621
12080,0.9011970090900806
12081,0.9012957627041834
12082,0.9013944176140243
12083,0.9014929739182581
12084,0.9015914317154413
12085,0.9016897911040316
12086,0.9017880521823883
12087,0.9018862150487728
12088,0.9019842798013477
12089,0.9020822465381779
12090,0.9021801153572302
12091,0.9022778863563734
12092,0.9023755596333786
12093,0.9024731352859189
12094,0.9025706134115702
12095,0.9026679941078105
12096,0.9017657772221456
12097,0.9018639623523583
12098,0.9019620493465089
12099,0.9020600383026843
12100,0.9021579293188735
12101,0.9022557224929676
12102,0.9023534179227597
12103,0.9024510157059453
12104,0.9025485159401223
12105,0.9026459187227909
12106,0.9027432241513538
12107,0.9028404323231165
12108,0.9029375433352873
12109,0.9030345572849772
12110,0.9031314742692
12111,0.903228294384873
12112,0.9023255174789411
12113,0.9024231431486273
12114,0.9025206712414322
12115,0.902618101854884
12116,0.9027154350864134
12117,0.9028126710333535
12118,0.9029098097929403
12119,0.9030068514623127
12120,0.9031037961385123
12121,0.9032006439184839
12122,0.9032973948990751
12123,0.903394049177037
12124,0.903490606849024
12125,0.9035870680115937
12126,0.9036834327612073
12127,0.9037797011942296
12128,0.903875873406929
12129,0.9039719494954778
12130,0.904067929555952
12131,0.904163813684332
12132,0.9042596019765016
12133,0.9043552945282491
12134,0.9044508914352674
12135,0.9045463927931532
12136,0.9046417986974079
12137,0.9047371092434375
12138,0.9048323245265525
12139,0.9049274446419683
12140,0.9050224696848049
12141,0.9041178995002125
12142,0.9042137336836206
12143,0.9043094720807384
12144,0.9044051147873043
12145,0.9045006618989612
12146,0.904596113511256
12147,0.9046914697196405
12148,0.904786730619471
12149,0.9048818963060082
12150,0.9039774666245429
12151,0.9040734411706454
12152,0.9041693197901649
12153,0.9042651025789803
12154,0.9043607896328744
12155,0.9044563810475341
12156,0.9045518769185511
12157,0.9046472773414211
12158,0.9047425824115447
12159,0.9038382919743517
12160,0.9039344056255518
12161,0.9040304232111335
12162,0.9041263448271143
12163,0.904222170569416
12164,0.9043179005338644
12165,0.9044135348161894
12166,0.9045090735120253
12167,0.9046045167169108
12168,0.9046998645262891
12169,0.9047951170355082
12170,0.9048902743398205
12171,0.9049853365343834
12172,0.9050803037142591
12173,0.9051751759744148
12174,0.9052699534097227
12175,0.9053646361149603
12176,0.9054592241848104
12177,0.9055537177138611
12178,0.9056481167966058
12179,0.9057424215274438
12180,0.9058366320006798
12181,0.9059307483105241
12182,0.9060247705510933
12183,0.9061186988164096
12184,0.9062125332004012
12185,0.9063062737969025
12186,0.9063999206996542
12187,0.9064934740023033
12188,0.9065869337984029
12189,0.906680300181413
12190,0.9067735732447
12191,0.9068667530815369
12192,0.9069598397851035
12193,0.9070528334484868
12194,0.9071457341646801
12195,0.9062390417767094
12196,0.9063327558778821
12197,0.9064263763117872
12198,0.9065199031720453
12199,0.9066133365521832
12200,0.9067066765456343
12201,0.9067999232457387
12202,0.9068930767457429
12203,0.9069861371388006
12204,0.9070791045179722
12205,0.9071719789762251
12206,0.9072647606064338
12207,0.9073574495013799
12208,0.9074500457537523
12209,0.9075425494561473
12210,0.9076349607010687
12211,0.9077272795809278
12212,0.9078195061880433
12213,0.9079116406146419
12214,0.9080036829528582
12215,0.9080956332947344
12216,0.9081874917322209
12217,0.9082792583571762
12218,0.9083709332613669
12219,0.9084625165364679
12220,0.9085540082740626
12221,0.9086454085656428
12222,0.9087367175026086
12223,0.9088279351762693
12224,0.9089190616778422
12225,0.909010097098454
12226,0.9091010415291403
12227,0.9091918950608453
12228,0.9092826577844226
12229,0.9093733297906351
12230,0.9094639111701547
12231,0.9095544020135629
12232,0.9096448024113504
12233,0.9097351124539177
12234,0.9088258319816999
12235,0.9089169605854163
12236,0.9090079981060705
12237,0.9090989446347001
12238,0.9091898002622516
12239,0.9092805650795807
12240,0.9093712391774521
12241,0.9094618226465401
12242,0.9095523155774281
12243,0.909642718060609
12244,0.9097330301864854
12245,0.9098232520453695
12246,0.9099133837274831
12247,0.9100034253229579
12248,0.9100933769218355
12249,0.9091837383641924
12250,0.9092745092403901
12251,0.9093651893910744
12252,0.9094557789069253
12253,0.9095462778785326
12254,0.9096366863963952
12255,0.9097270045509215
12256,0.9098172324324298
12257,0.9099073701311481
12258,0.9099974177372139
12259,0.910087375340675
12260,0.9101772430314888
12261,0.9102670208995234
12262,0.9103567090345563
12263,0.910446307526276
12264,0.9105358164642807
12265,0.9106252359380795
12266,0.910714566037092
12267,0.9108038068506481
12268,0.9108929584679888
12269,0.9109820209782656
12270,0.9110709944705412
12271,0.911159879033789
12272,0.9112486747568936
12273,0.9113373817286509
12274,0.9114260000377676
12275,0.9115145297728623
12276,0.9116029710224647
12277,0.911691323875016
12278,0.911779588418869
12279,0.9118677647422884
12280,0.9119558529334505
12281,0.9120438530804436
12282,0.9121317652712677
12283,0.9122195895938352
12284,0.9123073261359703
12285,0.9123949749854097
12286,0.912482536229802
12287,0.9125700099567088
12288,0.9126573962536036
12289,0.9127446952078729
12290,0.9128319069068156
12291,0.9129190314376434
12292,0.9130060688874808
12293,0.9130930193433654
12294,0.9131798828922476
12295,0.913266659620991
12296,0.9133533496163723
12297,0.9134399529650815
12298,0.912526969503847
12299,0.9126143988196853
12300,0.9127017407499005
12301,0.9127889953818347
12302,0.9128761628027424
12303,0.9129632430997912
12304,0.9130502363600612
12305,0.9121376424206709
12306,0.912225460869026
12307,0.9123131915428201
12308,0.9124008345297838
12309,0.9124883899175601
12310,0.9125758577937044
12311,0.9126632382456847
12312,0.9117510311110064
12313,0.9118392359774622
12314,0.9109278524332568
12315,0.9110168800670067
12316,0.9101063184677393
12317,0.9101961672248929
12318,0.9102859261781914
12319,0.9103755954173935
12320,0.9104651750321687
12321,0.9105546651120966
12322,0.9106440657466672
12323,0.9107333770252812
12324,0.9108225990372499
12325,0.9109117318717954
12326,0.9100012753681754
12327,0.9100912291159334
12328,0.910181092954898
12329,0.9102708669749331
12330,0.9103605512658127
12331,0.9104501459172212
12332,0.9105396510187532
12333,0.9096295664100389
12334,0.9087203914311183
12335,0.9088116254226913
12336,0.908902768225867
12337,0.9079943196819131
12338,0.908086279382381
12339,0.9081781471691052
12340,0.9082699231339536
12341,0.9083616073687023
12342,0.9084531999650355
12343,0.9085447010145457
12344,0.9086361106087341
12345,0.9087274288390101
12346,0.9088186557966923
12347,0.9089097915730074
12348,0.9090008362590913
12349,0.9090917899459888
12350,0.9091826527246535
12351,0.9092734246859482
12352,0.9093641059206449
12353,0.9094546965194248
12354,0.9095451965728787
12355,0.9096356061715065
12356,0.909725925405718
12357,0.9098161543658322
12358,0.9099062931420783
12359,0.9099963418245949
12360,0.9090868002535558
12361,0.9091776680194193
12362,0.9082689447130531
12363,0.9083606299257337
12364,0.9084522234990213
12365,0.9085437255245096
12366,0.9086351360937005
12367,0.9077269550481296
12368,0.9078191819796158
12369,0.9079113167302608
12370,0.9080033593921996
12371,0.9080953100574747
12372,0.908187168818037
12373,0.908278935765745
12374,0.9083706109923659
12375,0.908462194589575
12376,0.9085536866489557
12377,0.9086450872620002
12378,0.9087363965201092
12379,0.9078281142647168
12380,0.9079202400875407
12381,0.9080122738305816
12382,0.9081042155858734
12383,0.9081960654453578
12384,0.9082878235008847
12385,0.9083794898442121
12386,0.9084710645670065
12387,0.9085625477608427
12388,0.9086539395172036
12389,0.9087452399274812
12390,0.908836449082976
12391,0.9089275670748971
12392,0.9090185939943625
12393,0.9091095299323991
12394,0.909200374979943
12395,0.9092911292278391
12396,0.9093817927668417
12397,0.9094723656876145
12398,0.9095628480807303
12399,0.9096532400366716
12400,0.9087440413959553
12401,0.9088352517493826
12402,0.9079268706881639
12403,0.9070193975540428
12404,0.9071123316894211
12405,0.9072051729371078
12406,0.9072979213899443
12407,0.9073905771406789
12408,0.9064836400320926
12409,0.9065771096572479
12410,0.9066704858594895
12411,0.9057642684823186
12412,0.9058584571195177
12413,0.9059525516151504
12414,0.9060465520633112
12415,0.9061404585580005
12416,0.9062342711931249
12417,0.9063279900624971
12418,0.9064216152598359
12419,0.9065151468787666
12420,0.9066085850128207
12421,0.9067019297554366
12422,0.9057956809500839
12423,0.9058898381905136
12424,0.905983901320758
12425,0.9060778704348802
12426,0.9061717456268493
12427,0.9062655269905406
12428,0.9063592146197355
12429,0.9064528086081215
12430,0.9065463090492928
12431,0.9066397160367498
12432,0.9067330296638995
12433,0.9058267497741804
12434,0.9059208759613127
12435,0.9060149080692973
12436,0.9061088461921666
12437,0.9062026904238586
12438,0.9062964408582176
12439,0.906390097588994
12440,0.9064836607098447
12441,0.9065771303143325
12442,0.9066705064959274
12443,0.9067637893480054
12444,0.9068569789638494
12445,0.9069500754366492
12446,0.9070430788595011
12447,0.9061364890755336
12448,0.9062303056781568
12449,0.9063240285110622
12450,0.9064176576679727
12451,0.9065111932425174
12452,0.906604635328232
12453,0.9066979840185586
12454,0.9067912394068459
12455,0.9068844015863493
12456,0.906977470650231
12457,0.9070704466915601
12458,0.9061638295534377
12459,0.9062576188292463
12460,0.9063513143626504
12461,0.9054454159974703
12462,0.9045404230779326
12463,0.9046358349489192
12464,0.9047311514557169
12465,0.9048263726936422
12466,0.9049214987579164
12467,0.9050165297436656
12468,0.9041119654960458
12469,0.9042078056104925
12470,0.9043035499327209
12471,0.9043991985584753
12472,0.9044947515834043
12473,0.9045902091030611
12474,0.9046855712129032
12475,0.9047808380082926
12476,0.9048760095844962
12477,0.9049710860366856
12478,0.9050660674599373
12479,0.9051609539492328
12480,0.9052557455994584
12481,0.905350442505406
12482,0.9054450447617723
12483,0.9055395524631599
12484,0.9056339657040763
12485,0.9057282845789347
12486,0.9058225091820542
12487,0.9059166396076593
12488,0.9060106759498806
12489,0.9051051180528792
12490,0.9051999655110972
12491,0.905294718169257
12492,0.9053893761221113
12493,0.9054839394643182
12494,0.9055784082904408
12495,0.9056727826949481
12496,0.9047675625223395
12497,0.9048627473673946
12498,0.9049578370751733
12499,0.9050528317407653
12500,0.9051477314591654
12501,0.9052425363252732
12502,0.9053372464338936
12503,0.9054318618797368
12504,0.9055263827574183
12505,0.9056208091614588
12506,0.9057151411862849
12507,0.9058093789262287
12508,0.9059035224755279
12509,0.905997571928326
12510,0.9060915273786725
12511,0.9061853889205229
12512,0.9062791566477388
12513,0.9063728306540879
12514,0.9064664110332442
12515,0.9065598978787882
12516,0.9066532912842067
12517,0.9067465913428931
12518,0.9068397981481476
12519,0.9069329117931769
12520,0.9070259323710947
12521,0.9071188599749217
12522,0.9072116946975854
12523,0.9073044366319207
12524,0.9073970858706695
12525,0.9074896425064809
12526,0.9075821066319117
12527,0.907674478339426
12528,0.9077667577213956
12529,0.9068594446202248
12530,0.9069525386286004
12531,0.9070455395894913
12532,0.9071384475958986
12533,0.9072312627407303
12534,0.9073239851168016
12535,0.9074166148168348
12536,0.9075091519334596
12537,0.9076015965592132
12538,0.9076939487865404
12539,0.9067867084579182
12540,0.9068798751661062
12541,0.9069729487541461
12542,0.9070659293151115
12543,0.907158816941983
12544,0.9072516117276481
12545,0.9073443137649019
12546,0.9074369231464462
12547,0.9075294399648905
12548,0.9076218643127517
12549,0.9077141962824541
12550,0.9078064359663297
12551,0.9078985834566182
12552,0.9079906388454672
12553,0.908082602224932
12554,0.908174473686976
12555,0.9082662533234708
12556,0.908357941226196
12557,0.9084495374868394
12558,0.9085410421969975
12559,0.908632455448175
12560,0.908723777331785
12561,0.9088150079391495
12562,0.9089061473614992
12563,0.9089971956899735
12564,0.9090881530156207
12565,0.9091790194293983
12566,0.9092697950221725
12567,0.9083609796348441
12568,0.9084525728585974
12569,0.9085440745349006
12570,0.9076359845053805
12571,0.9077283023619469
12572,0.9078205279467926
12573,0.9079126613521431
12574,0.908004702670132
12575,0.9080966519928005
12576,0.907189009162223
12577,0.9072817737707565
12578,0.9073744456610405
12579,0.9074670249257472
12580,0.9075595116574555
12581,0.9076519059486524
12582,0.9077442078917323
12583,0.9078364175789969
12584,0.906929034852781
12585,0.9070220593057018
12586,0.9061154905307836
12587,0.9052098278715823
12588,0.9053045706723104
12589,0.9053992187775854
12590,0.9054937722820556
12591,0.9055882312802744
12592,0.9046830956168259
12593,0.9047783648865743
12594,0.9048735389346636
12595,0.9049686178562681
12596,0.9050636017464668
12597,0.9051584907002435
12598,0.9052532848124871
12599,0.9053479841779919
12600,0.9054425888914571
12601,0.9055370990474877
12602,0.9056315147405937
12603,0.9057258360651907
12604,0.9058200631156004
12605,0.9049146957361744
12606,0.9050097335215456
12607,0.9051046763166265
12608,0.90519952421636
12609,0.905294277315594
12610,0.9053889357090816
12611,0.9054834994914813
12612,0.9055779687573569
12613,0.9056723436011775
12614,0.9047671238674433
12615,0.9048623091509341
12616,0.9049573992967103
12617,0.905052394399862
12618,0.9051472945553843
12619,0.9052420998581776
12620,0.905336810403047
12621,0.9054314262847032
12622,0.905525947597762
12623,0.9056203744367447
12624,0.9057147068960782
12625,0.9058089450700951
12626,0.9059030890530335
12627,0.9059971389390374
12628,0.9060910948221569
12629,0.9061849567963476
12630,0.9062787249554717
12631,0.9063723993932973
12632,0.9064659802034989
12633,0.9065594674796573
12634,0.9066528613152599
12635,0.9067461618037004
12636,0.9068393690382794
12637,0.9069324831122042
12638,0.9070255041185888
12639,0.9071184321504543
12640,0.9062117670508536
12641,0.9063055084131216
12642,0.9063991560808746
12643,0.9054932098978853
12644,0.9055876694582072
12645,0.905682034606175
12646,0.9057763054361538
12647,0.9058704820424146
12648,0.9059645645191339
12649,0.9060585529603941
12650,0.9061524474601838
12651,0.9062462481123975
12652,0.9063399550108359
12653,0.9064335682492058
12654,0.9055275876712456
12655,0.9056220128709745
12656,0.9057163436926927
12657,0.905810580230731
12658,0.905904722579326
12659,0.90599877083262
12660,0.9060927250846614
12661,0.9061865854294044
12662,0.9062803519607094
12663,0.9053745245224679
12664,0.9054691027088523
12665,0.9055635863643157
12666,0.9056579755833418
12667,0.90575227046032
12668,0.9058464710895451
12669,0.9059405775652177
12670,0.9060345899814444
12671,0.9061285084322376
12672,0.9062223330115157
12673,0.9063160638131034
12674,0.9064097009307315
12675,0.9065032444580371
12676,0.9065966944885638
12677,0.9066900511157616
12678,0.9067833144329872
12679,0.906876484533504
12680,0.906969561510482
12681,0.9060630452071232
12682,0.9061569352169112
12683,0.9062507313836109
12684,0.9063444338010186
12685,0.9064380425628367
12686,0.9065315577626739
12687,0.9066249794940455
12688,0.9067183078503733
12689,0.9068115429249857
12690,0.9069046848111176
12691,0.9069977336019112
12692,0.907090689390415
12693,0.907183552269585
12694,0.9072763223322841
12695,0.9063694994214072
12696,0.9064630831301315
12697,0.9055570730520404
12698,0.9056514687811238
12699,0.9057457701616524
12700,0.9058399772879275
12701,0.9059340902541565
12702,0.9060281091544522
12703,0.9061220340828335
12704,0.9062158651332255
12705,0.9053101021495841
12706,0.9054047447261462
12707,0.9054992927074293
12708,0.9055937461879816
12709,0.9046886050123815
12710,0.9047838687754876
12711,0.9048790373224386
12712,0.9049741107484032
12713,0.9050690891484547
12714,0.9051639726175718
12715,0.9052587612506376
12716,0.9053534551424411
12717,0.904448554137801
12718,0.9045440578318162
12719,0.9046394660698654
12720,0.9047347789473569
12721,0.9048299965596034
12722,0.9049251190018227
12723,0.9050201463691372
12724,0.9051150787565744
12725,0.9052099162590665
12726,0.9053046589714513
12727,0.9053993069884714
12728,0.9054938604047748
12729,0.9055883193149149
12730,0.9056826838133508
12731,0.9057769539944469
12732,0.9058711299524734
12733,0.9059652117816064
12734,0.9060591995759276
12735,0.906153093429425
12736,0.9062468934359923
12737,0.9063405996894296
12738,0.9064342122834431
12739,0.9065277313116455
12740,0.906621156867556
12741,0.9057149887947248
12742,0.9058092266869839
12743,0.9059033703884463
12744,0.9049979197433804
12745,0.9050928743463356
12746,0.9041882337922663
12747,0.9032844974266568
12748,0.9033811645956457
12749,0.9034777351457749
12750,0.9035742091736152
12751,0.9036705867756406
12752,0.9037668680482287
12753,0.9038630530876608
12754,0.903959141990122
12755,0.9040551348517011
12756,0.9041510317683911
12757,0.9042468328360889
12758,0.9043425381505955
12759,0.9044381478076164
12760,0.9045336619027613
12761,0.9046290805315441
12762,0.9047244037893837
12763,0.9048196317716032
12764,0.9049147645734307
12765,0.9040103020401239
12766,0.9041062437672203
12767,0.9042020896005364
12768,0.9042978396359181
12769,0.9043934939691156
12770,0.9044890526957832
12771,0.9045845159114796
12772,0.904679883711668
12773,0.9047751561917162
12774,0.9048703334468969
12775,0.9049654155723873
12776,0.9050604026632695
12777,0.9051552948145306
12778,0.9052500921210628
12779,0.9053447946776634
12780,0.905439402579035
12781,0.9055339159197856
12782,0.9056283347944285
12783,0.9057226592973826
12784,0.9058168895229725
12785,0.9059110255654282
12786,0.9060050675188861
12787,0.9060990154773879
12788,0.9061928695348818
12789,0.9062866297852217
12790,0.906380296322168
12791,0.9064738692393872
12792,0.9065673486304523
12793,0.9056612343389676
12794,0.9057555259588187
12795,0.9058497233341722
12796,0.9059438265592256
12797,0.9050383354782069
12798,0.9051332496856249
12799,0.905228069026269
12800,0.9053227935949584
12801,0.9054174234864177
12802,0.9045124585454019
12803,0.9046078983669457
12804,0.904703242796364
12805,0.9047984919290014
12806,0.9048936458601069
12807,0.9049887046848344
12808,0.9050836684982428
12809,0.9051785373952961
12810,0.905273311470863
12811,0.9053679908197176
12812,0.9044630752866645
12813,0.9045585644667877
12814,0.9046539582054516
12815,0.9047492565980498
12816,0.9048444597398808
12817,0.9049395677261478
12818,0.9050345806519587
12819,0.9051294986123266
12820,0.9052243217021694
12821,0.9053190500163102
12822,0.9054136836494773
12823,0.9055082226963044
12824,0.9056026672513305
12825,0.9056970174090003
12826,0.905791273263664
12827,0.9058854349095774
12828,0.9059795024409022
12829,0.9060734759517058
12830,0.9061673555359621
12831,0.9062611412875503
12832,0.9063548333002565
12833,0.9064484316677724
12834,0.9065419364836967
12835,0.9066353478415341
12836,0.906728665834696
12837,0.9068218905565004
12838,0.906915022100172
12839,0.9070080605588425
12840,0.9071010060255503
12841,0.907193858593241
12842,0.907286618354767
12843,0.9073792854028881
12844,0.9074718598302716
12845,0.9075643417294916
12846,0.9066572309431553
12847,0.9057510268142767
12848,0.9058452286865263
12849,0.905939336403981
12850,0.9060333500607487
12851,0.9061272697508429
12852,0.9062210955681834
12853,0.906314827606596
12854,0.9064084659598127
12855,0.9065020107214721
12856,0.9065954619851188
12857,0.9066888198442041
12858,0.906782084392086
12859,0.9068752557220289
12860,0.9069683339272042
12861,0.9070613191006903
12862,0.9061547110855972
12863,0.9062485094753168
12864,0.9063422141135223
12865,0.9064358250939186
12866,0.9065293425101166
12867,0.9066227664556338
12868,0.905716596774019
12869,0.9058108330591024
12870,0.9059049751549954
12871,0.9059990231558399
12872,0.9060929771556842
12873,0.906186837248482
12874,0.9062806035280937
12875,0.9063742760882855
12876,0.90646785502273
12877,0.9065613404250061
12878,0.9066547323885993
12879,0.9067480310069015
12880,0.9058417361233364
12881,0.9059358473316089
12882,0.9060298644757052
12883,0.9061237876496425
12884,0.905218116697469
12885,0.9053128512135135
12886,0.9054074910423855
12887,0.9055020362787249
12888,0.9055964870170771
12889,0.9056908433518925
12890,0.9047856051276528
12891,0.9048807719391194
12892,0.9049758436313342
12893,0.9050708202993688
12894,0.9051657020382
12895,0.9052604889427096
12896,0.9053551811076844
12897,0.9054497786278167
12898,0.905544281597704
12899,0.9056386901118492
12900,0.9057330042646609
12901,0.9058272241504532
12902,0.9059213498634463
12903,0.9060153814977657
12904,0.9061093191474431
12905,0.9062031629064161
12906,0.9062969128685286
12907,0.9063905691275306
12908,0.9064841317770783
12909,0.9055781006608593
12910,0.9046729751229674
12911,0.9047682545081518
12912,0.9038639384116919
12913,0.9039600264292714
12914,0.9040560184068533
12915,0.9041519144404297
12916,0.9032482143760215
12917,0.9033449178099285
12918,0.9034415245887292
12919,0.9025385345591552
12920,0.9026359473182165
12921,0.9027332627132008
12922,0.9028304808414235
12923,0.9029276018001027
12924,0.9030246256863594
12925,0.9031215525972176
12926,0.9032183826296042
12927,0.9033151158803492
12928,0.9034117524461859
12929,0.9035082924237509
12930,0.9036047359095842
12931,0.9037010830001294
12932,0.9037973337917334
12933,0.9038934883806472
12934,0.9039895468630254
12935,0.9040855093349264
12936,0.9041813758923127
12937,0.9042771466310511
12938,0.9033733213970371
12939,0.9034698997864453
12940,0.9035663816457292
12941,0.9036627670713707
12942,0.9037590561597552
12943,0.9038552490071717
12944,0.9039513457098133
12945,0.9040473463637765
12946,0.9041432510650621
12947,0.9042390599095748
12948,0.9043347729931234
12949,0.9044303904114211
12950,0.9045259122600854
12951,0.904621338634638
12952,0.9047166696305055
12953,0.9048119053430187
12954,0.9049070458674134
12955,0.9050020912988304
12956,0.9050970417323148
12957,0.9051918972628172
12958,0.9052866579851933
12959,0.9053813239942036
12960,0.9054758953845142
12961,0.9055703722506966
12962,0.9046652544373526
12963,0.9037610412894892
12964,0.903857232152768
12965,0.903953326873255
12966,0.9040493255470449
12967,0.9041452282701363
12968,0.904241035138432
12969,0.904336746247739
12970,0.9044323616937682
12971,0.9035283813222602
12972,0.9036248047292345
12973,0.9037211317609893
12974,0.9038173625138519
12975,0.903913497084053
12976,0.9040095355677271
12977,0.9041054780609128
12978,0.9042013246595526
12979,0.9042970754594931
12980,0.9033932303066101
12981,0.9034897887970583
12982,0.9035862507772712
12983,0.9036826163437107
12984,0.9037788855927424
12985,0.9038750586206358
12986,0.9039711355235637
12987,0.9040671163976031
12988,0.904163001338735
12989,0.9042587904428442
12990,0.9043544838057199
12991,0.9044500815230555
12992,0.9045455836904488
12993,0.9046409904034018
12994,0.9047363017573214
12995,0.904831517847519
12996,0.9049266387692106
12997,0.9050216646175173
12998,0.9051165954874648
12999,0.9052114314739841
13000,0.9053061726719112
13001,0.9054008191759872
13002,0.9054953710808589
13003,0.9055898284810779
13004,0.9056841914711018
13005,0.9047789598954186
13006,0.9048741333487964
13007,0.9049692116762839
13008,0.9050641949729592
13009,0.9051590833338058
13010,0.9052538768537121
13011,0.9053485756274715
13012,0.9054431797497828
13013,0.9055376893152504
13014,0.9056321044183835
13015,0.9057264251535975
13016,0.9058206516152131
13017,0.9059147838974567
13018,0.9060088220944608
13019,0.9061027663002634
13020,0.9061966166088089
13021,0.9062903731139476
13022,0.9063840359094358
13023,0.9064776050889366
13024,0.9055715804961441
13025,0.9056659617250334
13026,0.905760248619861
13027,0.9058544412749137
13028,0.905948539784384
13029,0.9060425442423706
13030,0.9051369544930029
13031,0.9052317701306911
13032,0.9053264910001257
13033,0.9054211171960277
13034,0.9055156488130232
13035,0.9056100859456439
13036,0.9057044286883269
13037,0.9057986771354151
13038,0.9058928313811567
13039,0.9059868915197062
13040,0.9060808576451238
13041,0.9061747298513756
13042,0.9062685082323337
13043,0.9063621928817767
13044,0.9064557838933891
13045,0.9065492813607621
13046,0.906642685377393
13047,0.906735996036686
13048,0.9068292134319517
13049,0.9069223376564075
13050,0.9070153688031777
13051,0.9071083069652934
13052,0.907201152235693
13053,0.9072939047072215
13054,0.9073865644726316
13055,0.9074791316245829
13056,0.9075716062556428
13057,0.9076639884582859
13058,0.9077562783248943
13059,0.907848475947758
13060,0.9079405814190745
13061,0.9080325948309496
13062,0.9081245162753964
13063,0.9082163458443365
13064,0.9083080836295996
13065,0.9083997297229233
13066,0.9084912842159538
13067,0.9085827472002457
13068,0.9086741187672619
13069,0.908765399008374
13070,0.9088565880148625
13071,0.9089476858779161
13072,0.9090386926886328
13073,0.9091296085380195
13074,0.909220433516992
13075,0.9093111677163753
13076,0.9094018112269037
13077,0.9094923641392206
13078,0.9095828265438791
13079,0.9096731985313415
13080,0.9097634801919798
13081,0.9098536716160758
13082,0.9099437728938208
13083,0.9100337841153162
13084,0.9101237053705733
13085,0.9102135367495132
13086,0.9103032783419674
13087,0.9103929302376776
13088,0.9104824925262957
13089,0.9095724650475088
13090,0.9096628473912893
13091,0.9097531393978947
13092,0.909843341157617
13093,0.9099334527606578
13094,0.9100234742971289
13095,0.9101134058570518
13096,0.9102032475303581
13097,0.9092934991570144
13098,0.9093841603272723
13099,0.9094747308816679
13100,0.9095652109107717
13101,0.9086561002551887
13102,0.9087473985058082
13103,0.9088386055038034
13104,0.9089297213403813
13105,0.9090207461066577
13106,0.9091116798936576
13107,0.9092025227923146
13108,0.9092932748934717
13109,0.909383936287881
13110,0.9094745070662039
13111,0.9095649873190114
13112,0.9096553771367835
13113,0.9097456766099101
13114,0.9098358858286908
13115,0.9099260048833347
13116,0.9100160338639611
13117,0.9101059728605988
13118,0.9101958219631869
13119,0.9102855812615746
13120,0.9093757505956459
13121,0.9094663295555703
13122,0.9095568179818015
13123,0.9096472159648282
13124,0.9097375235950483
13125,0.9098277409627694
13126,0.909917868158209
13127,0.9100079052714941
13128,0.910097852392662
13129,0.9101877096116598
13130,0.9102774770183448
13131,0.9093676544526094
13132,0.9094582415046307
13133,0.909548738014871
13134,0.9096391440738266
13135,0.9097294597719038
13136,0.9098196851994181
13137,0.9089103201967201
13138,0.9090013643544446
13139,0.9090923175135106
13140,0.9091831797648714
13141,0.9092739511993893
13142,0.9093646319078357
13143,0.9094552219808913
13144,0.9095457215091464
13145,0.9096361305831002
13146,0.909726449293162
13147,0.9098166777296506
13148,0.9099068159827943
13149,0.9099968641427315
13150,0.9100868222995104
13151,0.9101766905430891
13152,0.910266468963336
13153,0.9103561576500293
13154,0.9104457566928579
13155,0.9105352661814208
13156,0.9106246862052274
13157,0.9107140168536979
13158,0.9108032582161629
13159,0.9108924103818639
13160,0.910981473439953
13161,0.9100709472296181
13162,0.9101608313403331
13163,0.910250625611857
13164,0.9103403301339841
13165,0.9104299449964188
13166,0.9105194702887762
13167,0.9106089061005815
13168,0.9106982525212706
13169,0.9107875096401898
13170,0.9108766775465964
13171,0.9109657563296583
13172,0.9110547460784542
13173,0.9111436468819739
13174,0.9112324588291184
13175,0.9103216817588244
13176,0.9104113152603148
13177,0.909501358923223
13178,0.9085923120877176
13179,0.9086836740946265
13180,0.9087749447851866
13181,0.9088661242506687
13182,0.9089572125822523
13183,0.9090482098710256
13184,0.9091391162079862
13185,0.9092299316840401
13186,0.909320656390003
13187,0.9094112904165997
13188,0.9095018338544643
13189,0.9085927865442649
13190,0.9086841480769543
13191,0.908775418293769
13192,0.9088665972859791
13193,0.9079581848948887
13194,0.9080501807120852
13195,0.9081420845794395
13196,0.9082338965888553
13197,0.9083256168321449
13198,0.9084172454010283
13199,0.9085087823871342
13200,0.9086002278819996
13201,0.90869158197707
13202,0.9087828447636996
13203,0.9088740163331512
13204,0.9089650967765963
13205,0.9090560861851155
13206,0.909146984649698
13207,0.9092377922612426
13208,0.9093285091105566
13209,0.9084196350384821
13210,0.9085111696361448
13211,0.9086026127449542
13212,0.9086939644563535
13213,0.9087852248616946
13214,0.9088763940522376
13215,0.908967472119152
13216,0.9090584591535156
13217,0.9091493552463157
13218,0.9092401604884482
13219,0.9093308749707186
13220,0.9094214987838414
13221,0.9095120320184402
13222,0.9086029745151735
13223,0.9086943258649834
13224,0.9087855859090964
13225,0.9088767547387725
13226,0.9089678324451805
13227,0.9090588191193982
13228,0.9091497148524124
13229,0.9082410194852435
13230,0.9083327326091962
13231,0.9084243540658586
13232,0.9085158839468522
13233,0.908607322343707
13234,0.9086986693478613
13235,0.907790424800787
13236,0.9078825882942395
13237,0.9079746596702573
13238,0.9080666390209117
13239,0.9081585264381821
13240,0.908250322013956
13241,0.908342025840029
13242,0.908433638008105
13243,0.908525158609796
13244,0.9086165877366228
13245,0.9077084252301394
13246,0.9078006706821833
13247,0.9078928239348748
13248,0.9079848850803672
13249,0.9070773539608467
13250,0.9071702301687818
13251,0.907263013546924
13252,0.9073557041880564
13253,0.9074483021848699
13254,0.9075408076299625
13255,0.9076332206158396
13256,0.9077255412349142
13257,0.907817769579507
13258,0.9079099057418463
13259,0.9080019498140683
13260,0.9080939018882171
13261,0.9081857620562449
13262,0.9082775304100118
13263,0.9083692070412861
13264,0.9084607920417446
13265,0.9085522855029722
13266,0.9086436875164624
13267,0.9087349981736174
13268,0.9088262175657477
13269,0.9079178455341977
13270,0.9070103814207203
13271,0.9071033245677261
13272,0.9071961748180333
13273,0.907288932264492
13274,0.9073815969998599
13275,0.9074741691168016
13276,0.9075666487078892
13277,0.9076590358656024
13278,0.9077513306823284
13279,0.907843533250362
13280,0.9079356436619059
13281,0.9080276620090705
13282,0.908119588383874
13283,0.9082114228782429
13284,0.9083031655840117
13285,0.9073953163430482
13286,0.9074878747475029
13287,0.9075803406398093
13288,0.9076727141124332
13289,0.9077649952577481
13290,0.9078571841680352
13291,0.9079492809354834
13292,0.9080412856521896
13293,0.9081331984101584
13294,0.9082250193013026
13295,0.9083167484174433
13296,0.9084083858503094
13297,0.9084999316915384
13298,0.9085913860326763
13299,0.9076832487153024
13300,0.9077755193312791
13301,0.9078676977227521
13302,0.9079597839818998
13303,0.9080517782008084
13304,0.9081436804714723
13305,0.9082354908857937
13306,0.908327209535583
13307,0.908418836512559
13308,0.9085103719083485
13309,0.9086018158144871
13310,0.9086931683224186
13311,0.9087844295234957
13312,0.9088755995089794
13313,0.90896667837004
13314,0.9090576661977561
13315,0.9081490628332406
13316,0.90824086786789
13317,0.9083325811433844
13318,0.908424202751437
13319,0.9085157327836695
13320,0.9086071713316118
13321,0.9086985184867027
13322,0.9087897743402892
13323,0.9088809389836272
13324,0.9089720125078814
13325,0.9090629950041254
13326,0.9091538865633416
13327,0.9092446872764217
13328,0.9093353972341665
13329,0.9094260165272857
13330,0.9095165452463989
13331,0.9096069834820347
13332,0.9096973313246314
13333,0.9097875888645368
13334,0.9098777561920085
13335,0.9099678333972139
13336,0.9100578205702301
13337,0.9101477178010444
13338,0.9102375251795541
13339,0.9103272427955665
13340,0.9104168707387994
13341,0.9105064090988806
13342,0.9105958579653485
13343,0.910685217427652
13344,0.9107744875751506
13345,0.9108636684971144
13346,0.9109527602827245
13347,0.9110417630210726
13348,0.9111306768011616
13349,0.911219501711905
13350,0.911308237842128
13351,0.9113968852805666
13352,0.9114854441158684
13353,0.9115739144365922
13354,0.9116622963312083
13355,0.9117505898880987
13356,0.9118387951955568
13357,0.9119269123417881
13358,0.9120149414149098
13359,0.9121028825029509
13360,0.9121907356938525
13361,0.9122785010754678
13362,0.9123661787355622
13363,0.9124537687618136
13364,0.9125412712418118
13365,0.9126286862630594
13366,0.9127160139129714
13367,0.9128032542788755
13368,0.9128904074480121
13369,0.9129774735075343
13370,0.9130644525445083
13371,0.9131513446459131
13372,0.9132381498986408
13373,0.9133248683894968
13374,0.9134115002051995
13375,0.9134980454323807
13376,0.9135845041575856
13377,0.9136708764672732
13378,0.9137571624478157
13379,0.912843861935624
13380,0.9129309745173975
13381,0.9120184997802486
13382,0.9121064373117026
13383,0.9121942869495719
13384,0.9122820487817063
13385,0.9123697228958675
13386,0.9124573093797297
13387,0.9115453080710043
13388,0.9116337185576899
13389,0.911722040678072
13390,0.9118102745204728
13391,0.9118984201731261
13392,0.9119864777241774
13393,0.9110749470118095
13394,0.9111638276244913
13395,0.9112526194009786
13396,0.911341322430063
13397,0.9114299368004478
13398,0.9115184626007472
13399,0.9116068999194871
13400,0.9116952488451048
13401,0.9117835094659492
13402,0.9118716818702811
13403,0.9119597661462728
13404,0.9120477623820087
13405,0.912135670665485
13406,0.9122234910846099
13407,0.9113117234773289
13408,0.9114003674318744
13409,0.9114889227867651
13410,0.9115773896305565
13411,0.9116657680517153
13412,0.9117540581386201
13413,0.911842259979561
13414,0.9119303736627399
13415,0.9120183992762704
13416,0.9121063369081781
13417,0.9121941866464008
13418,0.9122819485787882
13419,0.9123696227931023
13420,0.9124572093770172
13421,0.9125447084181196
13422,0.9126321200039086
13423,0.9117199439719207
13424,0.9118081799099798
13425,0.9118963276561967
13426,0.9119843872987192
13427,0.912072358925607
13428,0.9121602426248318
13429,0.9122480384842772
13430,0.9123357465917391
13431,0.9124233670349258
13432,0.9125108999014576
13433,0.9115988450289924
13434,0.9116872020054752
13435,0.9117754706691379
13436,0.9118636511082492
13437,0.9119517434109896
13438,0.9120397476654514
13439,0.9121276639596388
13440,0.9122154923814683
13441,0.9123032330187681
13442,0.9123908859592791
13443,0.9124784512906541
13444,0.9125659291004585
13445,0.9116538192262952
13446,0.911742121256054
13447,0.911830335027912
13448,0.911918460630083
13449,0.9120064981506926
13450,0.9120944476777784
13451,0.9121823092992898
13452,0.9122700831030885
13453,0.9123577691769486
13454,0.9124453676085558
13455,0.9125328784855087
13456,0.9126203018953183
13457,0.9127076379254079
13458,0.9127948866631136
13459,0.9128820481956842
13460,0.9129691226102812
13461,0.913056109993979
13462,0.9131430104337651
13463,0.91322982401654
13464,0.9133165508291171
13465,0.9134031909582234
13466,0.913489744490499
13467,0.9135762115124976
13468,0.913662592110686
13469,0.9137488863714449
13470,0.9138350943810687
13471,0.9139212162257653
13472,0.9140072519916566
13473,0.9140932017647784
13474,0.9141790656310804
13475,0.9142648436764267
13476,0.9143505359865952
13477,0.9144361426472782
13478,0.9135221634942075
13479,0.9136085981134037
13480,0.9136949463411764
13481,0.9137812082638739
13482,0.913867383967758
13483,0.9139534735390047
13484,0.9140394770637034
13485,0.9141253946278576
13486,0.9142112263173849
13487,0.9132974719682422
13488,0.9133841311666747
13489,0.9134707037492168
13490,0.9135571898024409
13491,0.9136435894128333
13492,0.9137299026667934
13493,0.9138161296506347
13494,0.9139022704505841
13495,0.9139883251527825
13496,0.9140742938432844
13497,0.9141601766080587
13498,0.9142459735329882
13499,0.9143316847038697
13500,0.9144173102064146
13501,0.9145028501262482
13502,0.9145883045489106
13503,0.9146736735598562
13504,0.914758957244454
13505,0.9148441556879878
13506,0.914929268975656
13507,0.9140147969426968
13508,0.9141007391746382
13509,0.9141865955072972
13510,0.9132728657766552
13511,0.9133595495689825
13512,0.9134461467208376
13513,0.9125331570689427
13514,0.912620580200308
13515,0.9127079159522318
13516,0.9127951644120497
13517,0.9128823256670101
13518,0.9129693998042745
13519,0.913056386910917
13520,0.9131432870739246
13521,0.9132301003801975
13522,0.9133168269165491
13523,0.913403466769706
13524,0.913490020026308
13525,0.9135764867729084
13526,0.9136628670959739
13527,0.913749161081885
13528,0.9138353688169356
13529,0.9139214903873335
13530,0.9140075258792002
13531,0.9140934753785713
13532,0.9141793389713964
13533,0.9142651167435389
13534,0.9143508087807768
13535,0.914436415168802
13536,0.9145219359932211
13537,0.9146073713395547
13538,0.9146927212932383
13539,0.9147779859396219
13540,0.91486316536397
13541,0.9149482596514623
13542,0.9150332688871929
13543,0.9151181931561713
13544,0.9152030325433215
13545,0.915287787133483
13546,0.9153724570114106
13547,0.9154570422617739
13548,0.9155415429691585
13549,0.9156259592180649
13550,0.9157102910929094
13551,0.9157945386780239
13552,0.915878702057656
13553,0.9159627813159692
13554,0.9160467765370427
13555,0.9161306878048717
13556,0.9162145152033676
13557,0.9162982588163577
13558,0.9163819187275858
13559,0.9164654950207116
13560,0.9165489877793116
13561,0.9166323970868785
13562,0.9167157230268217
13563,0.9167989656824671
13564,0.9168821251370574
13565,0.9169652014737519
13566,0.9170481947756273
13567,0.9171311051256766
13568,0.9172139326068104
13569,0.917296677301856
13570,0.9173793392935583
13571,0.9174619186645793
13572,0.9175444154974982
13573,0.917626829874812
13574,0.9177091618789351
13575,0.9177914115921996
13576,0.9178735790968551
13577,0.9169561642251941
13578,0.9170391665598016
13579,0.9171220859335549
13580,0.9172049224293735
13581,0.9172876761300938
13582,0.9173703471184694
13583,0.9174529354771717
13584,0.9175354412887887
13585,0.9176178646358264
13586,0.9177002056007081
13587,0.9177824642657748
13588,0.9168651404634103
13589,0.9159487335264154
13590,0.9160327427882581
13591,0.9161166680828225
13592,0.9162005094940341
13593,0.9162842671057342
13594,0.9163679410016805
13595,0.9164515312655469
13596,0.9155355377310486
13597,0.9156199599821919
13598,0.9157042978532742
13599,0.9157885514286332
13600,0.9158727207925227
13601,0.9159568060291119
13602,0.916040807222486
13603,0.9161247244566465
13604,0.9162085578155105
13605,0.9162923073829112
13606,0.9163759732425985
13607,0.916459555478238
13608,0.9165430541734122
13609,0.9166264694116196
13610,0.9167098012762757
13611,0.9167930498507122
13612,0.9168762152181777
13613,0.9169592974618377
13614,0.9160427964148993
13615,0.9161267116608613
13616,0.9162105430335141
13617,0.916294290616689
13618,0.9163779544941336
13619,0.9164615347495118
13620,0.9165450314664038
13621,0.9166284447283064
13622,0.916711774618633
13623,0.9167950212207133
13624,0.915878684367919
13625,0.915962763643913
13626,0.9160467588826497
13627,0.9161306701681243
13628,0.9162144975842481
13629,0.9152987409649735
13630,0.9143838996446687
13631,0.9144694729583672
13632,0.9145549607415173
13633,0.9146403630796067
13634,0.9147256800580379
13635,0.9148109117621278
13636,0.9148960582771082
13637,0.9149811196881256
13638,0.9150660960802414
13639,0.915150987538432
13640,0.915235794147589
13641,0.915320515992519
13642,0.9154051531579437
13643,0.9154897057285004
13644,0.9155741737887418
13645,0.915658557423136
13646,0.9157428567160664
13647,0.9158270717518324
13648,0.9159112026146492
13649,0.9159952493886475
13650,0.9160792121578742
13651,0.9161630910062921
13652,0.91624688601778
13653,0.9163305972761331
13654,0.9164142248650625
13655,0.9164977688681959
13656,0.9165812293690773
13657,0.9166646064511671
13658,0.9157483999479675
13659,0.9158326094432719
13660,0.9159167347711648
13661,0.9150012757658962
13662,0.9150862320120072
13663,0.915171103344329
13664,0.915255889847733
13665,0.9143410913571306
13666,0.9144267074577231
13667,0.9145122379850018
13668,0.9145976830244971
13669,0.914683042661654
13670,0.9147683169818323
13671,0.9148535060703061
13672,0.9149386100122648
13673,0.9150236288928123
13674,0.9151085627969674
13675,0.9151934118096641
13676,0.9152781760157513
13677,0.9153628554999935
13678,0.9144479500971949
13679,0.9145334593924501
13680,0.9146188832211434
13681,0.9147042216686985
13682,0.9147894748204539
13683,0.9148746427616629
13684,0.9149597255774933
13685,0.914045223103153
13686,0.9141311349241393
13687,0.9142169608762392
13688,0.9143027010452784
13689,0.9143883555169973
13690,0.9134744241271752
13691,0.9135609064618806
13692,0.9136473023574709
13693,0.9137336119003421
13694,0.9138198351768035
13695,0.9139059722730786
13696,0.9139920232753044
13697,0.9140779882695319
13698,0.9141638673417263
13699,0.9142496605777666
13700,0.914335368063446
13701,0.914420989884472
13702,0.9145065261264664
13703,0.9145919768749657
13704,0.9146773422154205
13705,0.9147626222331962
13706,0.9148478170135728
13707,0.9149329266417451
13708,0.9140184509529478
13709,0.9141043895327049
13710,0.913190741966955
13711,0.9122780075921755
13712,0.9113661854956315
13713,0.911454775015376
13714,0.9115432759898734
13715,0.9116316885076247
13716,0.9117200126570423
13717,0.9118082485264505
13718,0.9118963962040852
13719,0.9119844557780942
13720,0.9120724273365368
13721,0.9121603109673848
13722,0.9122481067585219
13723,0.9123358147977437
13724,0.9124234351727585
13725,0.9125109679711865
13726,0.9125984132805606
13727,0.9126857711883262
13728,0.912773041781841
13729,0.912860225148376
13730,0.9129473213751143
13731,0.9130343305491521
13732,0.9121217525076237
13733,0.912209586837951
13734,0.912297333377843
13735,0.9123849922150465
13736,0.9124725634372204
13737,0.9125600471319358
13738,0.9126474433866766
13739,0.9127347522888388
13740,0.9128219739257315
13741,0.9129091083845764
13742,0.9129961557525078
13743,0.9120836158666982
13744,0.9121714883146075
13745,0.9122592729339832
13746,0.91234696981261
13747,0.9124345790381846
13748,0.9125221006983163
13749,0.9126095348805269
13750,0.9126968816722505
13751,0.9117846409109589
13752,0.9118728121844112
13753,0.9119608953306536
13754,0.9110493901878943
13755,0.9111382963446281
13756,0.9112271136396359
13757,0.9113158421617352
13758,0.9114044819996545
13759,0.9114930332420337
13760,0.911581495977424
13761,0.9116698702942881
13762,0.9117581562810005
13763,0.9118463540258471
13764,0.9119344636170257
13765,0.9120224851426458
13766,0.9121104186907292
13767,0.9121982643492093
13768,0.9122860222059317
13769,0.9123736923486544
13770,0.9124612748650476
13771,0.9125487698426937
13772,0.9126361773690879
13773,0.9127234975316375
13774,0.9128107304176628
13775,0.9128978761143968
13776,0.9129849347089851
13777,0.9130719062884863
13778,0.9131587909398722
13779,0.9132455887500273
13780,0.9133322998057494
13781,0.9134189241937496
13782,0.9135054620006524
13783,0.9135919133129956
13784,0.9136782782172305
13785,0.913764556799722
13786,0.9138507491467488
13787,0.9129373550946281
13788,0.9130243742299659
13789,0.913111306389656
13790,0.9131981516606308
13791,0.9132849101297356
13792,0.9133715818837288
13793,0.9134581670092823
13794,0.9135446655929812
13795,0.913631077721324
13796,0.913717403480723
13797,0.9138036429575038
13798,0.9138897962379061
13799,0.9139758634080831
13800,0.914061844554102
13801,0.914147739761944
13802,0.9142335491175042
13803,0.9143192727065922
13804,0.9144049106149315
13805,0.9144904629281599
13806,0.91457592973183
13807,0.9146613111114084
13808,0.9147466071522765
13809,0.9148318179397306
13810,0.9149169435589812
13811,0.9150019840951542
13812,0.91508693963329
13813,0.9151718102583442
13814,0.9152565960551874
13815,0.9153412971086055
13816,0.9154259135032995
13817,0.9155104453238859
13818,0.9155948926548966
13819,0.9146797553309037
13820,0.9147650329367699
13821,0.9148502253076477
13822,0.9149353325287295
13823,0.9150203546851226
13824,0.9151052918618491
13825,0.9141906438939712
13826,0.9142764103668408
13827,0.9143620911160993
13828,0.9144476862274276
13829,0.9145331957864207
13830,0.9146186198785882
13831,0.9147039585893542
13832,0.9137897117541824
13833,0.9138758789588259
13834,0.9139619600393268
13835,0.9140479550817663
13836,0.9141338641721394
13837,0.9142196873963552
13838,0.9143054248402369
13839,0.914391076589522
13840,0.9144766427298623
13841,0.914562123346824
13842,0.9146475185258877
13843,0.9147328283524485
13844,0.9148180529118164
13845,0.9149031922892159
13846,0.9149882465697864
13847,0.9150732158385823
13848,0.9151581001805726
13849,0.915242899680642
13850,0.9153276144235899
13851,0.915412244494131
13852,0.9154967899768955
13853,0.9155812509564288
13854,0.915665627517192
13855,0.9157499197435617
13856,0.91583412771983
13857,0.915918251530205
13858,0.9160022912588105
13859,0.9160862469896862
13860,0.916170118806788
13861,0.9162539067939877
13862,0.9153381107851981
13863,0.9154227303646232
13864,0.9155072653667575
13865,0.9155917158761361
13866,0.9156760819772094
13867,0.9157603637543437
13868,0.9158445612918206
13869,0.9159286746738378
13870,0.9160127039845086
13871,0.9160966493078624
13872,0.9151810104779695
13873,0.9152657870791909
13874,0.9153504789461783
13875,0.9154350861636233
13876,0.9155196088161335
13877,0.9156040469882313
13878,0.915688400764355
13879,0.9147731699789833
13880,0.9148583542168853
13881,0.9149434533131203
13882,0.9150284673527874
13883,0.9151133964209006
13884,0.915198240602389
13885,0.9152829999820967
13886,0.9153676746447833
13887,0.9154522646751233
13888,0.9155367701577068
13889,0.9156211911770394
13890,0.9157055278175421
13891,0.9157897801635516
13892,0.9158739482993202
13893,0.9159580323090161
13894,0.9160420322767232
13895,0.9151264480365666
13896,0.9152112791729619
13897,0.9152960255206151
13898,0.9153806871642726
13899,0.9154652641885961
13900,0.9155497566781627
13901,0.915634164717465
13902,0.9157184883909107
13903,0.9158027277828239
13904,0.9158868829774438
13905,0.9159709540589256
13906,0.9160549411113404
13907,0.9161388442186754
13908,0.9162226634648336
13909,0.9163063989336344
13910,0.9163900507088132
13911,0.9164736188740218
13912,0.9165571035128284
13913,0.9156410044588426
13914,0.9157253212959652
13915,0.915809553858388
13916,0.9158937022303436
13917,0.9159777664959804
13918,0.9160617467393627
13919,0.9161456430444708
13920,0.916229455495201
13921,0.9163131841753657
13922,0.9153973289188186
13923,0.9154818893097044
13924,0.9155663651824584
13925,0.9156507566215564
13926,0.9157350637113899
13927,0.9158192865362661
13928,0.9159034251804078
13929,0.9159874797279536
13930,0.9160714502629581
13931,0.9161553368693919
13932,0.9152396393812665
13933,0.9153243573828844
13934,0.9154089907088385
13935,0.9154935394437622
13936,0.9155780036722042
13937,0.9156623834786288
13938,0.9157466789474158
13939,0.9158308901628607
13940,0.9149155169592996
13941,0.9150005589213593
13942,0.9150855158839567
13943,0.9151703879320487
13944,0.9152551751505075
13945,0.9153398776241202
13946,0.9154244954375893
13947,0.9155090286755327
13948,0.9155934774224838
13949,0.914678341513016
13950,0.9147636205319934
13951,0.9148488143145702
13952,0.91493392294594
13953,0.9150189465112114
13954,0.9151038850954081
13955,0.9151887387834686
13956,0.9152735076602467
13957,0.9153581918105114
13958,0.9144432910690716
13959,0.9145288050210266
13960,0.9146142335017652
13961,0.914699576596716
13962,0.914784834391222
13963,0.9148700069705412
13964,0.914955094419846
13965,0.9150400968242239
13966,0.9151250142686775
13967,0.9152098468381241
13968,0.9142950943675213
13969,0.9143807564421165
13970,0.9144663328974467
13971,0.9145518238190885
13972,0.9146372292925327
13973,0.9147225494031848
13974,0.9138082839864899
13975,0.9128949323783075
13976,0.9129819939151608
13977,0.9130689684339862
13978,0.9131558560217583
13979,0.9132426567653648
13980,0.9133293707516063
13981,0.9134159980671969
13982,0.9135025387987639
13983,0.913588993032848
13984,0.9136753608559036
13985,0.9137616423542985
13986,0.9128483373644392
13987,0.9129354454730204
13988,0.9130224665170253
13989,0.9131094005834751
13990,0.9131962477593037
13991,0.9132830081313584
13992,0.9123701815365245
13993,0.9124577675619753
13994,0.9115457657952967
13995,0.9116341758244868
13996,0.9117224974878306
13997,0.9118107308736499
13998,0.911898876070178
13999,0.9119869331655602
14000,0.9120749022478535
14001,0.912162783405027
14002,0.911251076475087
14003,0.9113397810463263
14004,0.9114283969573245
14005,0.9115169242966975
14006,0.9116053631529727
14007,0.911693713614589
14008,0.9117819757698967
14009,0.9118701497071582
14010,0.9119582355145474
14011,0.91204623328015
14012,0.912134143091964
14013,0.912221965037899
14014,0.9123096992057771
14015,0.9123973456833325
14016,0.9124849045582117
14017,0.9125723759179737
14018,0.9126597598500896
14019,0.9127470564419436
14020,0.9128342657808323
14021,0.9129213879539648
14022,0.9120089227985886
14023,0.9120968699022381
14024,0.9121847291027356
14025,0.9122725004879403
14026,0.9123601841456235
14027,0.912447780163469
14028,0.9125352886290726
14029,0.9126227096299431
14030,0.9127100432535014
14031,0.9127972895870811
14032,0.9128844487179285
14033,0.912971520733203
14034,0.9130585057199764
14035,0.9131454037652338
14036,0.9132322149558733
14037,0.913318939378706
14038,0.9134055771204564
14039,0.9134921282677624
14040,0.9135785929071749
14041,0.9136649711251588
14042,0.9137512630080922
14043,0.913837468642267
14044,0.913923588113889
14045,0.9140096215090775
14046,0.914095568913866
14047,0.914181430414202
14048,0.9142672060959469
14049,0.9143528960448765
14050,0.9144385003466807
14051,0.9145240190869639
14052,0.9146094523512448
14053,0.9146948002249567
14054,0.9147800627934476
14055,0.9138657398921048
14056,0.9139518311066055
14057,0.9140378362729157
14058,0.9141237554770407
14059,0.9142095888048998
14060,0.9142953363423262
14061,0.9143809981750675
14062,0.9144665743887855
14063,0.9145520650690566
14064,0.9146374703013714
14065,0.9147227901711352
14066,0.9148080247636678
14067,0.9148931741642039
14068,0.9149782384578928
14069,0.915063217729799
14070,0.9151481120649017
14071,0.9152329215480951
14072,0.915317646264189
14073,0.915402286297908
14074,0.915486841733892
14075,0.9155713126566968
14076,0.915655699150793
14077,0.9157400013005673
14078,0.9158242191903219
14079,0.9149088526543995
14080,0.9149939012774335
14081,0.9140793646444726
14082,0.9141652423409798
14083,0.914251034202708
14084,0.914336740315449
14085,0.9144223607649088
14086,0.914507895636708
14087,0.9145933450163815
14088,0.9146787089893785
14089,0.9147639876410633
14090,0.9148491810567144
14091,0.9149342893215253
14092,0.9150193125206042
14093,0.9141047504890993
14094,0.9141906028124486
14095,0.9142763693263791
14096,0.9143620501166576
14097,0.9144476452689648
14098,0.9145331548688959
14099,0.9146185790019604
14100,0.9147039177535826
14101,0.9147891712091013
14102,0.9148743394537698
14103,0.9149594225727565
14104,0.9150444206511446
14105,0.915129333773932
14106,0.915214162026032
14107,0.9152989054922729
14108,0.9153835642573981
14109,0.9154681384060663
14110,0.9155526280228519
14111,0.9156370331922443
14112,0.9157213539986488
14113,0.9158055905263863
14114,0.9158897428596933
14115,0.915973811082722
14116,0.9160577952795409
14117,0.916141695534134
14118,0.9162255119304018
14119,0.9163092445521606
14120,0.9163928934831429
14121,0.9164764588069978
14122,0.9165599406072906
14123,0.9156438387176282
14124,0.9157281527219084
14125,0.9158123824543203
14126,0.9158965279990936
14127,0.9159805894403739
14128,0.9160645668622226
14129,0.9161484603486172
14130,0.9162322699834512
14131,0.9163159958505342
14132,0.9163996380335921
14133,0.9164831966162672
14134,0.916566671682118
14135,0.9166500633146196
14136,0.9167333715971637
14137,0.9168165966130586
14138,0.9168997384455293
14139,0.9169827971777177
14140,0.9170657728926825
14141,0.9171486656733995
14142,0.9162319753528864
14143,0.9163157015144527
14144,0.9163993439916996
14145,0.9164829028682696
14146,0.9155668779778465
14147,0.9156512689044054
14148,0.9157355754822121
14149,0.9158197977955732
14150,0.9159039359287111
14151,0.9159879899657639
14152,0.9160719599907856
14153,0.9161558460877464
14154,0.9162396483405322
14155,0.9163233668329455
14156,0.9164070016487046
14157,0.9164905528714445
14158,0.9165740205847165
14159,0.9166574048719881
14160,0.9167407058166438
14161,0.9168239235019845
14162,0.9169070580112278
14163,0.9169901094275085
14164,0.9170730778338778
14165,0.9171559633133042
14166,0.9172387659486732
14167,0.9173214858227874
14168,0.9174041230183668
14169,0.9174866776180486
14170,0.9175691497043874
14171,0.9176515393598553
14172,0.917733846666842
14173,0.9168165714577797
14174,0.9168997133153931
14175,0.9169827720726991
14176,0.9170657478127563
14177,0.9171486406185406
14178,0.9172314505729449
14179,0.917314177758779
14180,0.9173968222587702
14181,0.917479384155563
14182,0.9175618635317193
14183,0.9176442604697186
14184,0.9177265750519578
14185,0.9178088073607514
14186,0.9178909574783319
14187,0.9179730254868493
14188,0.9180550114683718
14189,0.9181369155048852
14190,0.9182187376782937
14191,0.9183004780704193
14192,0.9183821367630025
14193,0.9184637138377022
14194,0.9185452093760953
14195,0.9186266234596774
14196,0.9187079561698626
14197,0.9187892075879837
14198,0.918870377795292
14199,0.9189514668729579
14200,0.9190324749020704
14201,0.9191134019636376
14202,0.9191942481385864
14203,0.9182755132578881
14204,0.9183571969028078
14205,0.918438798904904
14206,0.9185203193457786
14207,0.9186017583069522
14208,0.9186831158698638
14209,0.918764392115871
14210,0.91884558712625
14211,0.9189267009821958
14212,0.9190077337648223
14213,0.9190886855551622
14214,0.9191695564341675
14215,0.9192503464827091
14216,0.9193310557815769
14217,0.9194116844114804
14218,0.9194922324530481
14219,0.9195726999868282
14220,0.9196530870932882
14221,0.9197333938528152
14222,0.9198136203457159
14223,0.9198937666522169
14224,0.9199738328524646
14225,0.920053819026525
14226,0.9201337252543846
14227,0.9202135516159494
14228,0.9202932981910459
14229,0.9203729650594207
14230,0.9204525523007406
14231,0.920532059994593
14232,0.9206114882204854
14233,0.9206908370578463
14234,0.9207701065860243
14235,0.9208492968842892
14236,0.9209284080318311
14237,0.9210074401077613
14238,0.9210863931911119
14239,0.9211652673608359
14240,0.9212440626958076
14241,0.9203232790249473
14242,0.920402915927471
14243,0.9204824732328909
14244,0.9205619510207641
14245,0.9206413493705684
14246,0.9207206683617023
14247,0.9207999080734847
14248,0.9208790685851553
14249,0.9209581499758748
14250,0.9210371523247245
14251,0.9211160757107067
14252,0.9211949202127451
14253,0.9212736859096838
14254,0.9213523728802888
14255,0.9214309812032471
14256,0.9215095109571668
14257,0.9215879622205779
14258,0.9216663350719316
14259,0.9207451293397259
14260,0.9208243446027546
14261,0.9209034806901082
14262,0.9209825376809226
14263,0.9210615156542551
14264,0.9201409144392084
14265,0.9202207336151812
14266,0.9203004730118677
14267,0.9203801327090072
14268,0.9204597127862596
14269,0.9205392133232049
14270,0.9206186343993435
14271,0.9206979760940969
14272,0.9207772384868064
14273,0.9208564216567346
14274,0.9199360254331896
14275,0.9200160493957752
14276,0.9200959933743901
14277,0.9201758574489783
14278,0.9202556416994041
14279,0.9203353462054517
14280,0.9194154707969505
14281,0.919496015054025
14282,0.9195764788070945
14283,0.9196568621366226
14284,0.9197371651229928
14285,0.919817387846508
14286,0.9198975303873911
14287,0.9199775928257845
14288,0.9200575752417507
14289,0.9191379774653972
14290,0.9192187990771259
14291,0.9192995399076335
14292,0.9193802000376609
14293,0.9194607795478681
14294,0.9195412785188347
14295,0.9196216970310598
14296,0.9197020351649617
14297,0.9197822930008788
14298,0.9198624706190688
14299,0.9189430678498344
14300,0.9190240842737726
14301,0.9181055194718998
14302,0.918187373025651
14303,0.9182691447667548
14304,0.918350834776983
14305,0.9184324431380255
14306,0.9185139699314908
14307,0.9185954152389056
14308,0.9186767791417153
14309,0.9187580617212838
14310,0.9188392630588937
14311,0.9189203832357464
14312,0.9180019220830871
14313,0.9180838791824543
14314,0.9181657543656802
14315,0.91824754771464
14316,0.9183292593111271
14317,0.9184108892368531
14318,0.9184924375734479
14319,0.9185739044024599
14320,0.9186552898053559
14321,0.9187365938635215
14322,0.9188178166582606
14323,0.918898958270796
14324,0.9189800187822695
14325,0.9190609982737415
14326,0.9191418968261916
14327,0.9192227145205183
14328,0.9193034514375392
14329,0.9193841076579915
14330,0.9194646832625313
14331,0.9195451783317341
14332,0.9196255929460951
14333,0.9197059271860291
14334,0.9197861811318702
14335,0.9198663548638722
14336,0.9199464484622092
14337,0.9200264620069746
14338,0.920106395578182
14339,0.920186249255765
14340,0.9202660231195773
14341,0.9203457172493928
14342,0.9204253317249057
14343,0.9195053663758553
14344,0.9195858207822762
14345,0.9196661947744978
14346,0.9197464884328942
14347,0.9198267018377588
14348,0.9199068350693053
14349,0.9199868882076667
14350,0.9200668613328964
14351,0.9201467545249674
14352,0.920226567863773
14353,0.9203063014291265
14354,0.9203859553007616
14355,0.920465529558332
14356,0.9205450242814122
14357,0.9206244395494967
14358,0.9207037754420009
14359,0.9207830320382607
14360,0.9208622094175328
14361,0.9209413076589945
14362,0.9210203268417442
14363,0.9200997667949259
14364,0.9201796270979794
14365,0.9202594075806401
14366,0.9203391083226884
14367,0.9204187294038252
14368,0.9204982709036714
14369,0.9205777329017687
14370,0.920657115477579
14371,0.920736418710485
14372,0.9208156426797898
14373,0.9198952872148425
14374,0.9199753518952875
14375,0.9200553365510643
14376,0.9191357410122827
14377,0.9182170646094718
14378,0.9182988066738302
14379,0.9183804670369748
14380,0.9184620457805661
14381,0.9185435429861828
14382,0.917625458485447
14383,0.9177077918602741
14384,0.9177900429428725
14385,0.9178722118154933
14386,0.9179542985603054
14387,0.9180363032593956
14388,0.9181182259947684
14389,0.9182000668483469
14390,0.9182818259019717
14391,0.918363503237402
14392,0.9184450989363152
14393,0.9185266130803069
14394,0.9186080457508913
14395,0.918689397029501
14396,0.9187706669974876
14397,0.9188518557361207
14398,0.9189329633265894
14399,0.919013989850001
14400,0.9190949353873824
14401,0.9191758000196789
14402,0.9192565838277552
14403,0.9193372868923951
14404,0.9184184090444267
14405,0.9184999498649721
14406,0.9185814091854468
14407,0.9186627870873104
14408,0.9187440836519408
14409,0.9178257987107595
14410,0.9179079318454814
14411,0.9179899828881145
14412,0.9170724516708351
14413,0.9171553377761116
14414,0.9172381410367052
14415,0.9173208615354191
14416,0.9174034993549739
14417,0.9174860545780074
14418,0.9175685272870748
14419,0.917650917564649
14420,0.9177332254931201
14421,0.9178154511547961
14422,0.9178975946319028
14423,0.9179796560065836
14424,0.9180616353608999
14425,0.918143532776831
14426,0.9182253483362744
14427,0.9183070821210458
14428,0.9183887342128789
14429,0.9184703046934257
14430,0.9185517936442569
14431,0.9186332011468613
14432,0.9187145272826466
14433,0.9187957721329388
14434,0.9188769357789829
14435,0.9179585180520674
14436,0.9180405185337744
14437,0.9171229368061045
14438,0.9172057724514757
14439,0.9172885253025986
14440,0.9173711954422262
14441,0.9174537829530286
14442,0.9175362879175932
14443,0.9176187104184252
14444,0.917701050537947
14445,0.9177833083584989
14446,0.9178654839623385
14447,0.9179475774316415
14448,0.9180295888485014
14449,0.9181115182949297
14450,0.9181933658528557
14451,0.9182751316041272
14452,0.9183568156305099
14453,0.9184384180136878
14454,0.9185199388352633
14455,0.9186013781767572
14456,0.918682736119609
14457,0.9187640127451766
14458,0.9188452081347367
14459,0.9189263223694846
14460,0.9190073555305346
14461,0.9190883076989198
14462,0.9191691789555926
14463,0.9192499693814241
14464,0.9193306790572048
14465,0.9194113080636444
14466,0.9194918564813719
14467,0.9195723243909357
14468,0.9196527118728038
14469,0.9197330190073637
14470,0.9198132458749225
14471,0.9188938923058322
14472,0.9189749578807389
14473,0.9190559424305832
14474,0.9181373457864747
14475,0.9182191675298165
14476,0.9183009074923054
14477,0.9183825657556814
14478,0.9184641424016028
14479,0.9175461372617711
14480,0.9176285499181812
14481,0.9177108802031205
14482,0.9177931281989196
14483,0.9168757937379511
14484,0.9169588764028808
14485,0.917041876026666
14486,0.9171247926923065
14487,0.917207626482719
14488,0.9172903774807373
14489,0.9173730457691124
14490,0.9174556314305126
14491,0.9175381345475235
14492,0.9176205552026484
14493,0.9177028934783079
14494,0.9177851494568403
14495,0.9178673232205017
14496,0.9179494148514658
14497,0.9180314244318241
14498,0.9181133520435864
14499,0.9181951977686802
14500,0.9182769616889513
14501,0.9183586438861638
14502,0.9184402444419998
14503,0.9185217634380598
14504,0.9186032009558628
14505,0.9186845570768465
14506,0.9187658318823668
14507,0.9188470254536988
14508,0.9189281378720359
14509,0.9190091692184906
14510,0.9190901195740944
14511,0.9191709890197974
14512,0.9192517776364693
14513,0.9193324855048985
14514,0.9194131127057932
14515,0.9194936593197804
14516,0.9195741254274068
14517,0.9196545111091385
14518,0.9197348164453613
14519,0.9198150415163804
14520,0.919895186402421
14521,0.9199752511836279
14522,0.919055735690191
14523,0.9181371392527194
14524,0.9182189612024918
14525,0.9183007013712049
14526,0.917382859590724
14527,0.917465435443207
14528,0.9175479287611049
14529,0.9176303396269109
14530,0.9177126681230359
14531,0.9177949143318085
14532,0.9178770783354748
14533,0.9179591602161989
14534,0.9180411600560628
14535,0.9181230779370663
14536,0.9182049139411271
14537,0.9182866681500815
14538,0.9183683406456836
14539,0.9174504312597309
14540,0.9175329395743139
14541,0.9176153654218159
14542,0.9166982086347876
14543,0.9167814687960721
14544,0.9168646457388047
14545,0.9169477395461622
14546,0.9170307503012385
14547,0.9171136780870444
14548,0.9171965229865076
14549,0.917279285082473
14550,0.9173619644577029
14551,0.9174445611948766
14552,0.9175270753765908
14553,0.9176095070853598
14554,0.9176918564036153
14555,0.9167746231638315
14556,0.9168578069487752
14557,0.916940907591505
14558,0.9170239251751218
14559,0.9171068597826428
14560,0.917189711497003
14561,0.917272480401054
14562,0.9173551665775647
14563,0.9174377701092212
14564,0.9175202910786273
14565,0.9176027295683038
14566,0.9176850856606893
14567,0.9167678591882649
14568,0.9168510497338038
14569,0.9169341571303717
14570,0.917017181461076
14571,0.917100122808941
14572,0.9171829812569081
14573,0.9172657568878357
14574,0.9173484497844996
14575,0.9174310600295925
14576,0.9175135877057249
14577,0.9175960328954244
14578,0.9176783956811361
14579,0.9177606761452229
14580,0.9178428743699654
14581,0.9179249904375616
14582,0.9180070244301277
14583,0.9180889764296978
14584,0.9181708465182238
14585,0.9182526347775759
14586,0.9183343412895424
14587,0.9184159661358297
14588,0.9184975093980627
14589,0.9185789711577849
14590,0.9186603514964577
14591,0.9187416504954617
14592,0.9188228682360959
14593,0.9189040047995781
14594,0.9189850602670449
14595,0.9190660347195515
14596,0.9191469282380726
14597,0.9192277409035019
14598,0.9193084727966518
14599,0.9193891239982543
14600,0.9194696945889608
14601,0.9195501846493416
14602,0.9186310940100119
14603,0.9187124222518809
14604,0.9187936692061519
14605,0.9188748349540719
14606,0.9189559195768064
14607,0.9190369231554403
14608,0.918118345521102
14609,0.9182001862552139
14610,0.9182819451894916
14611,0.918363622405694
14612,0.9184452179854984
14613,0.9185267320105004
14614,0.9186081645622141
14615,0.9186895157220719
14616,0.9187707855714252
14617,0.9188519741915437
14618,0.9189330816636162
14619,0.9190141080687501
14620,0.9190950534879717
14621,0.9191759180022266
14622,0.9192567016923794
14623,0.9193374046392135
14624,0.9194180269234322
14625,0.9194985686256577
14626,0.9195790298264317
14627,0.9196594106062154
14628,0.9197397110453895
14629,0.9198199312242548
14630,0.918900570973156
14631,0.9189816298727331
14632,0.9190626077539198
14633,0.918144004447819
14634,0.9172263192859521
14635,0.9173090516005089
14636,0.9173917012240966
14637,0.917474268239365
14638,0.9175567527288808
14639,0.9176391547751288
14640,0.916721974210636
14641,0.9168052106182215
14642,0.9168883638309969
14643,0.9169714339321153
14644,0.917054421004647
14645,0.9171373251315789
14646,0.9172201463958152
14647,0.9173028848801772
14648,0.9173855406674034
14649,0.9174681138401496
14650,0.917550604480989
14651,0.9176330126724123
14652,0.9177153384968276
14653,0.9177975820365609
14654,0.9178797433738557
14655,0.9179618225908733
14656,0.9180438197696931
14657,0.9181257349923121
14658,0.9182075683406457
14659,0.9182893198965271
14660,0.9183709897417079
14661,0.9184525779578582
14662,0.9185340846265659
14663,0.918615509829338
14664,0.9176973533977245
14665,0.9177796149135689
14666,0.9178617942090076
14667,0.91794389136622
14668,0.9180259064673032
14669,0.9181078395942724
14670,0.9181896908290608
14671,0.9172719600036444
14672,0.9173546467002924
14673,0.9174372507515665
14674,0.9165202719901956
14675,0.9166037099992009
14676,0.9166870646118954
14677,0.9167703359116337
14678,0.9168535239816871
14679,0.9169366289052436
14680,0.9170196507654083
14681,0.917102589645203
14682,0.9161859453776915
14683,0.9162697175462295
14684,0.9163534059844642
14685,0.916437010776084
14686,0.9165205320046936
14687,0.9166039697538144
14688,0.916687324106884
14689,0.916770595147257
14690,0.9168537829582043
14691,0.9169368876229137
14692,0.91701990922449
14693,0.9171028478459547
14694,0.9171857035702466
14695,0.9172684764802214
14696,0.9173511666586519
14697,0.9174337741882285
14698,0.9165167989016835
14699,0.9156007401321665
14700,0.9156850972134937
14701,0.915769369979897
14702,0.9158535585156492
14703,0.9159376629049389
14704,0.9160216832318705
14705,0.9161056195804643
14706,0.9151899717847817
14707,0.9152747394291747
14708,0.9153594223482859
14709,0.9154440206267984
14710,0.9155285343493104
14711,0.9156129636003355
14712,0.9156973084643032
14713,0.9147820687756832
14714,0.9148672441192358
14715,0.9139528340801362
14716,0.9140388382439741
14717,0.9141247564466288
14718,0.9142105887740185
14719,0.9142963353119755
14720,0.9143819961462464
14721,0.914467571362492
14722,0.9145530610462876
14723,0.914638465283123
14724,0.9137242839085271
14725,0.9138105165083187
14726,0.9138966629186053
14727,0.9139827232255332
14728,0.9140686975151628
14729,0.9141545858734685
14730,0.9142403883863386
14731,0.9133266048897006
14732,0.9134132349697709
14733,0.9134997784630545
14734,0.913586235456095
14735,0.9136726060353493
14736,0.913758890287188
14737,0.9138450882978955
14738,0.9139312001536697
14739,0.9140172259406225
14740,0.9141031657447798
14741,0.9141890196520813
14742,0.9142747877483811
14743,0.9143604701194472
14744,0.914446066850962
14745,0.9145315780285223
14746,0.9146170037376392
14747,0.9147023440637385
14748,0.9147875990921606
14749,0.9148727689081604
14750,0.9149578535969078
14751,0.9150428532434877
14752,0.9151277679328995
14753,0.915212597750058
14754,0.9152973427797931
14755,0.9153820031068498
14756,0.9154665788158884
14757,0.9155510699914847
14758,0.9146359764682549
14759,0.9147212978311052
14760,0.914806533915232
14761,0.9148916848058715
14762,0.9149767505881744
14763,0.9150617313472067
14764,0.9151466271679491
14765,0.9152314381352975
14766,0.9153161643340628
14767,0.9154008058489713
14768,0.9154853627646645
14769,0.9155698351656993
14770,0.9156542231365482
14771,0.9157385267615992
14772,0.9158227461251558
14773,0.9159068813114375
14774,0.9159909324045795
14775,0.9160748994886329
14776,0.9161587826475648
14777,0.9162425819652583
14778,0.916326297525513
14779,0.9164099294120442
14780,0.916493477708484
14781,0.9165769424983805
14782,0.9166603238651987
14783,0.91674362189232
14784,0.9168268366630423
14785,0.9169099682605805
14786,0.9169930167680661
14787,0.9170759822685478
14788,0.9161593645951159
14789,0.9162431633311527
14790,0.916326878310332
14791,0.9164105096163686
14792,0.916494057332894
14793,0.9165775215434558
14794,0.9166609023315183
14795,0.9167441997804623
14796,0.9168274139735852
14797,0.9169105449941014
14798,0.9169935929251418
14799,0.9160770575998793
14800,0.9161609386017785
14801,0.9152452355147203
14802,0.9153299479230014
14803,0.9154145756612093
14804,0.9154991188139717
14805,0.9155835774658319
14806,0.9156679517012483
14807,0.9157522416045953
14808,0.915836447260163
14809,0.9159205687521569
14810,0.9160046061646985
14811,0.9160885595818252
14812,0.9161724290874905
14813,0.916256214765564
14814,0.9163399166998313
14815,0.9164235349739943
14816,0.9165070696716715
14817,0.9165905208763975
14818,0.9166738886716235
14819,0.9157576728908422
14820,0.9158418731178378
14821,0.9159259891866856
14822,0.9160100211815014
14823,0.9160939691863175
14824,0.9161778332850817
14825,0.9162616135616584
14826,0.9163453100998277
14827,0.9154294227334111
14828,0.9155139510465211
14829,0.9155983948735611
14830,0.9156827542989748
14831,0.9157670294071217
14832,0.9158512202822771
14833,0.9159353270086316
14834,0.9160193496702921
14835,0.9161032883512813
14836,0.9161871431355378
14837,0.9162709141069166
14838,0.9163546013491886
14839,0.9164382049460409
14840,0.9165217249810773
14841,0.9166051615378179
14842,0.9166885146996991
14843,0.9167717845500742
14844,0.9168549711722132
14845,0.9169380746493024
14846,0.9170210950644455
14847,0.917104032500663
14848,0.9171868870408922
14849,0.9172696587679878
14850,0.9173523477647215
14851,0.9174349541137823
14852,0.9175174778977765
14853,0.917599919199228
14854,0.9176822781005781
14855,0.9177645546841857
14856,0.9178467490323274
14857,0.9179288612271976
14858,0.9180108913509086
14859,0.9180928394854905
14860,0.9181747057128913
14861,0.9182564901149773
14862,0.9183381927735331
14863,0.9184198137702613
14864,0.9185013531867827
14865,0.917583310854762
14866,0.9176656863561565
14867,0.9177479795232169
14868,0.9178301904382361
14869,0.9179123191834253
14870,0.9179943658409131
14871,0.9180763304927463
14872,0.9181582132208894
14873,0.9182400141072253
14874,0.9183217332335549
14875,0.9184033706815974
14876,0.9184849265329901
14877,0.918566400869289
14878,0.9186477937719684
14879,0.9187291053224211
14880,0.9188103356019589
14881,0.918891484691812
14882,0.9189725526731296
14883,0.9190535396269796
14884,0.9191344456343489
14885,0.9192152707761436
14886,0.9192960151331889
14887,0.9193766787862292
14888,0.9194572618159281
14889,0.9195377643028687
14890,0.9196181863275535
14891,0.9196985279704045
14892,0.9197787893117635
14893,0.9198589704318917
14894,0.9189395711610953
14895,0.9190205910799747
14896,0.919101530019425
14897,0.9191823880603851
14898,0.9192631652837131
14899,0.9193438617701861
14900,0.9194244776005007
14901,0.9195050128552729
14902,0.9195854676150377
14903,0.91966584196025
14904,0.9197461359712843
14905,0.9188268494785594
14906,0.9189079820627888
14907,0.9189890335549799
14908,0.9190700040361842
14909,0.9191508935873725
14910,0.9192317022894341
14911,0.9193124302231778
14912,0.9193930774693315
14913,0.9194736441085426
14914,0.9195541302213777
14915,0.9196345358883228
14916,0.9197148611897837
14917,0.9197951062060858
14918,0.919875271017474
14919,0.9199553557041132
14920,0.9200353603460881
14921,0.9201152850234033
14922,0.9201951298159836
14923,0.9202748948036737
14924,0.9203545800662388
14925,0.920434185683364
14926,0.920513711734655
14927,0.9205931582996378
14928,0.9206725254577591
14929,0.9207518132883861
14930,0.9208310218708065
14931,0.9209101512842289
14932,0.920989201607783
14933,0.9200686726706437
14934,0.9201485640522823
14935,0.920228375582465
14936,0.9193086070911282
14937,0.9193892581585034
14938,0.9194698286151165
14939,0.9195503185415381
14940,0.9196307280182582
14941,0.9187115568758112
14942,0.9187928046950258
14943,0.9188739713070248
14944,0.9189550567929747
14945,0.9190360612339613
14946,0.9191169847109888
14947,0.9191978273049808
14948,0.91927858909678
14949,0.919359270167148
14950,0.919439870596766
14951,0.9195203904662346
14952,0.9196008298560734
14953,0.919681188846722
14954,0.9187619672686643
14955,0.9178436644528036
14956,0.9179257797307119
14957,0.9180078129343794
14958,0.9180897641458393
14959,0.9171721331971678
14960,0.9172549196707339
14961,0.916338123149324
14962,0.9164217432161412
14963,0.9165052797046808
14964,0.9165887326984792
14965,0.9166721022809895
14966,0.9167553885355813
14967,0.9168385915455407
14968,0.9169217113940709
14969,0.9170047481642917
14970,0.9170877019392399
14971,0.9171705728018694
14972,0.9172533608350509
14973,0.9173360661215726
14974,0.9174186887441398
14975,0.917501228785375
14976,0.9175836863278184
14977,0.9176660614539275
14978,0.9177483542460775
14979,0.9168310645366861
14980,0.9169141919084635
14981,0.916997236194412
14982,0.917080197477576
14983,0.9171630758409167
14984,0.9162463711174376
14985,0.9163300828904336
14986,0.9164137109934917
14987,0.9164972555102398
14988,0.9165807165242226
14989,0.916664094118901
14990,0.9167473883776528
14991,0.9168305993837721
14992,0.9169137272204699
14993,0.9169967719708743
14994,0.9160802334681547
14995,0.9161641112957727
14996,0.916247905287481
14997,0.9163316155270738
14998,0.9164152420982611
14999,0.9164987850846696
15000,0.9165822445698424
15001,0.9166656206372389
15002,0.9167489133702351
15003,0.9168321228521239
15004,0.9169152491661148
15005,0.916998292395334
15006,0.9170812526228249
15007,0.9171641299315477
15008,0.9172469244043797
15009,0.9173296361241154
15010,0.9174122651734666
15011,0.9164953113851874
15012,0.9165787743423236
15013,0.9166621538782134
15014,0.9167454500762361
15015,0.9168286630196881
15016,0.9169117927917824
15017,0.9169948394756486
15018,0.9170778031543336
15019,0.9171606839108011
15020,0.9172434818279317
15021,0.9173261969885235
15022,0.9174088294752916
15023,0.9174913793708684
15024,0.916574346507929
15025,0.9166577304694403
15026,0.9167410310886612
15027,0.9168242484488924
15028,0.9169073826333513
15029,0.916990433725172
15030,0.9170734018074057
15031,0.9171562869630205
15032,0.9172390892749016
15033,0.9173218088258512
15034,0.917404445698589
15035,0.9174869999757519
15036,0.9175694717398941
15037,0.9176518610734874
15038,0.9177341680589212
15039,0.9178163927785025
15040,0.917898535314456
15041,0.9179805957489243
15042,0.9170630739140928
15043,0.9161464691425645
15044,0.9162302807676094
15045,0.9163140086229141
15046,0.9163976527922065
15047,0.9164812133591309
15048,0.9165646904072478
15049,0.9166480840200341
15050,0.9167313942808836
15051,0.9168146212731065
15052,0.91689776507993
15053,0.9169808257844978
15054,0.9170638034698706
15055,0.9171466982190262
15056,0.9172295101148592
15057,0.9173122392401817
15058,0.9173948856777228
15059,0.9174774495101289
15060,0.9175599308199638
15061,0.9176423296897089
15062,0.9177246462017632
15063,0.917806880438443
15064,0.9178890324819828
15065,0.9179711024145346
15066,0.9180530903181683
15067,0.9181349962748717
15068,0.9182168203665511
15069,0.9182985626750303
15070,0.9183802232820517
15071,0.9184618022692761
15072,0.9185432997182823
15073,0.9186247157105679
15074,0.9187060503275488
15075,0.9187873036505597
15076,0.9188684757608541
15077,0.9189495667396038
15078,0.9190305766679001
15079,0.9191115056267528
15080,0.9181928534472158
15081,0.9182746197106368
15082,0.9183563042486572
15083,0.9184379071429614
15084,0.9185194284751523
15085,0.9186008683267514
15086,0.9186822267791984
15087,0.9187635039138519
15088,0.9188446998119889
15089,0.9189258145548055
15090,0.9190068482234164
15091,0.9180883006489802
15092,0.9181701714129492
15093,0.9172524600971942
15094,0.9173351662840036
15095,0.9174177898059586
15096,0.9175003307456827
15097,0.917582789185717
15098,0.9176651652085199
15099,0.9167479586465924
15100,0.9168311690827278
15101,0.9159147961001364
15102,0.9159988392824451
15103,0.9160827984635721
15104,0.9161666737274766
15105,0.9162504651580339
15106,0.9163341728390353
15107,0.9164177968541887
15108,0.915501837037243
15109,0.9155862929722383
15110,0.9146711642436304
15111,0.9147564504362904
15112,0.9148416513853795
15113,0.9149267671760988
15114,0.9150117978935639
15115,0.9150967436228057
15116,0.91518160444877
15117,0.9152663804563174
15118,0.9153510717302241
15119,0.9154356783551815
15120,0.915520200415796
15121,0.9156046379965898
15122,0.9146894909321254
15123,0.9147747588072557
15124,0.9148599414571235
15125,0.9149450389669115
15126,0.9150300514217171
15127,0.915114978906553
15128,0.9151998215063466
15129,0.9152845793059404
15130,0.9153692523900924
15131,0.9154538408434756
15132,0.9155383447506785
15133,0.915622764196205
15134,0.9157070992644747
15135,0.9157913500398226
15136,0.9148760163566244
15137,0.9149610977995464
15138,0.9150460942035449
15139,0.9151310056536163
15140,0.9152158322346722
15141,0.9153005740315391
15142,0.9153852311289589
15143,0.9154698036115886
15144,0.9155542915640008
15145,0.9156386950706835
15146,0.9157230142160402
15147,0.9158072490843899
15148,0.9158913997599677
15149,0.9159754663269243
15150,0.9160594488693261
15151,0.9151438472212808
15152,0.9142291607173115
15153,0.9143148886926066
15154,0.9144005309827689
15155,0.9144860876734408
15156,0.9145715588501789
15157,0.9146569445984546
15158,0.9147422450036535
15159,0.9148274601510762
15160,0.9149125901259377
15161,0.9149976350133681
15162,0.9140830946485371
15163,0.9141689686169043
15164,0.9142547567542187
15165,0.9143404591462685
15166,0.914426075878756
15167,0.9135121067874229
15168,0.9135985514583
15169,0.913684909727707
15170,0.9137711816820021
15171,0.9138573674074574
15172,0.9139434669902585
15173,0.9140294805165051
15174,0.9141154080722108
15175,0.9142012497433031
15176,0.9142870056156236
15177,0.9143726757749283
15178,0.9144582603068874
15179,0.9145437592970854
15180,0.9146291728310214
15181,0.9147145009941089
15182,0.914799743871676
15183,0.9148849015489656
15184,0.9149699741111356
15185,0.9150549616432584
15186,0.9151398642303216
15187,0.9152246819572278
15188,0.9153094149087948
15189,0.9153940631697556
15190,0.9154786268247583
15191,0.9155631059583668
15192,0.9156475006550601
15193,0.915731810999233
15194,0.9158160370751958
15195,0.9159001789671746
15196,0.9159842367593113
15197,0.9160682105356638
15198,0.9161521003802059
15199,0.9152364061269523
15200,0.9153211273602088
15201,0.9144062636646964
15202,0.9144918146255512
15203,0.9145772800781993
15204,0.9146626601081062
15205,0.9137484545507767
15206,0.9138346629920053
15207,0.9139207852678753
15208,0.9140068214645092
15209,0.914092771667943
15210,0.914178635964127
15211,0.9132649141890504
15212,0.9133516059289915
15213,0.9134382110205167
15214,0.9135247295502313
15215,0.9136111616046539
15216,0.9136975072702165
15217,0.9137837666332648
15218,0.9138699397800581
15219,0.9139560267967697
15220,0.9140420277694865
15221,0.9141279427842096
15222,0.914213771926854
15223,0.914299515283249
15224,0.9143851729391379
15225,0.9144707449801782
15226,0.9145562314919422
15227,0.9146416325599163
15228,0.9147269482695015
15229,0.9148121787060137
15230,0.9148973239546834
15231,0.9149823841006557
15232,0.9150673592289909
15233,0.915152249424664
15234,0.9152370547725653
15235,0.9153217753575003
15236,0.9154064112641894
15237,0.9154909625772687
15238,0.9155754293812894
15239,0.9156598117607184
15240,0.9157441097999381
15241,0.9158283235832465
15242,0.9159124531948575
15243,0.9159964987189007
15244,0.9160804602394215
15245,0.9161643378403815
15246,0.9162481316056585
15247,0.9163318416190462
15248,0.9164154679642545
15249,0.9164990107249099
15250,0.9165824699845552
15251,0.9166658458266496
15252,0.916749138334569
15253,0.9168323475916058
15254,0.9169154736809695
15255,0.9169985166857861
15256,0.9170814766890987
15257,0.9171643537738672
15258,0.9172471480229688
15259,0.9173298595191978
15260,0.9164129880953905
15261,0.9164965333346755
15262,0.9165799950704729
15263,0.9166633733862446
15264,0.9167466683653688
15265,0.9168298800911405
15266,0.9169130086467716
15267,0.9169960541153905
15268,0.9170790165800429
15269,0.917161896123691
15270,0.9172446928292146
15271,0.9173274067794103
15272,0.9174100380569921
15273,0.9174925867445912
15274,0.9165755526748814
15275,0.9166589354308285
15276,0.9167422348456903
15277,0.916825451002766
15278,0.9159090837353969
15279,0.9159931326272156
15280,0.9160770975121459
15281,0.9161609784741528
15282,0.9162447755971171
15283,0.9163284889648362
15284,0.9164121186610232
15285,0.9164956647693081
15286,0.9165791273732369
15287,0.9166625065562721
15288,0.916745802401793
15289,0.9168290149930955
15290,0.9169121444133923
15291,0.9169951907458127
15292,0.9170781540734031
15293,0.9171610344791268
15294,0.9172438320458642
15295,0.9173265468564131
15296,0.9174091789934882
15297,0.9164922282898466
15298,0.9165756943285374
15299,0.9156595766930266
15300,0.9157438749671964
15301,0.9158280889852203
15302,0.915912218831312
15303,0.9159962645896016
15304,0.9160802263441348
15305,0.9151646039289982
15306,0.9152493969285694
15307,0.9153341051775163
15308,0.9154187287605473
15309,0.9155032677622859
15310,0.915587722267271
15311,0.9156720923599574
15312,0.915756378124715
15313,0.9158405796458298
15314,0.9159246970075031
15315,0.9160087302938524
15316,0.916092679588911
15317,0.9161765449766283
15318,0.9162603265408695
15319,0.9163440243654164
15320,0.9164276385339667
15321,0.9165111691301346
15322,0.9165946162374509
15323,0.9166779799393625
15324,0.9167612603192332
15325,0.9158449572104683
15326,0.9149295699468897
15327,0.9150145978629848
15328,0.9150995407936564
15329,0.9151843988238476
15330,0.9152691720384165
15331,0.9153538605221362
15332,0.9154384643596952
15333,0.9155229836356975
15334,0.9156074184346623
15335,0.9156917688410244
15336,0.9157760349391344
15337,0.9148607165633832
15338,0.9149458132984523
15339,0.9150308249793134
15340,0.9151157516909783
15341,0.9152005935183736
15342,0.9152853505463412
15343,0.9153700228596382
15344,0.9154546105429369
15345,0.915539113680825
15346,0.9156235323578057
15347,0.9157078666582976
15348,0.9157921166666352
15349,0.9158762824670683
15350,0.9159603641437629
15351,0.9160443617808006
15352,0.9161282754621791
15353,0.9162121052718121
15354,0.9162958512935294
15355,0.9163795136110772
15356,0.9164630923081176
15357,0.9165465874682295
15358,0.916629999174908
15359,0.9167133275115648
15360,0.9167965725615282
15361,0.9168797344080435
15362,0.9169628131342723
15363,0.9170458088232936
15364,0.9171287215581029
15365,0.917211551421613
15366,0.9162947982467788
15367,0.916378461616847
15368,0.9164620413653559
15369,0.9165455375758853
15370,0.9166289503319314
15371,0.9167122797169069
15372,0.9167955258141414
15373,0.9168786887068808
15374,0.9169617684782883
15375,0.9170447652114434
15376,0.917127678989343
15377,0.9172105098949008
15378,0.9172932580109479
15379,0.9163764231703572
15380,0.9164600049562939
15381,0.9165435032022147
15382,0.9166269179916178
15383,0.916710249407918
15384,0.9167934975344468
15385,0.9158771622045774
15386,0.9159612430019741
15387,0.9160452397605928
15388,0.9161291525644303
15389,0.9162129814973994
15390,0.9162967266433291
15391,0.9163803880859644
15392,0.916463965908967
15393,0.9165474601959145
15394,0.9166308710303014
15395,0.9167141984955385
15396,0.9167974426749532
15397,0.9168806036517898
15398,0.9169636815092093
15399,0.9170466763302895
15400,0.9171295881980253
15401,0.9172124171953285
15402,0.9172951634050284
15403,0.9173778269098709
15404,0.9174604077925197
15405,0.9175429061355557
15406,0.9176253220214772
15407,0.9177076555327001
15408,0.9177899067515579
15409,0.9178720757603019
15410,0.9179541626411012
15411,0.9180361674760427
15412,0.9181180903471311
15413,0.9181999313362894
15414,0.9182816905253586
15415,0.9173638677462228
15416,0.9174464625810592
15417,0.9175289748623375
15418,0.9176114046725701
15419,0.9176937520941867
15420,0.9167765169596598
15421,0.9168596988517541
15422,0.9169427976035265
15423,0.9170258132980756
15424,0.9171087460184174
15425,0.9171915958474844
15426,0.9172743628681266
15427,0.917357047163111
15428,0.9164401485652468
15429,0.9165236666576354
15430,0.9156076010237947
15431,0.915691951247659
15432,0.9157762171634535
15433,0.915860398855444
15434,0.9159444964078124
15435,0.9160285099046561
15436,0.9161124394299888
15437,0.9161962850677399
15438,0.9162800469017551
15439,0.9163637250157963
15440,0.9164473194935416
15441,0.9165308304185855
15442,0.916614257874439
15443,0.9156981016946544
15444,0.9157823614630755
15445,0.915866537013837
15446,0.9149511281812395
15447,0.9140366342999988
15448,0.9141225547054961
15449,0.9142083892335265
15450,0.9142941379699249
15451,0.9143798010004397
15452,0.914465378410734
15453,0.9145508702863855
15454,0.9146362767128858
15455,0.9147215977756415
15456,0.9148068335599737
15457,0.9148919841511182
15458,0.9149770496342255
15459,0.9150620300943613
15460,0.9141474253666307
15461,0.9142332350364292
15462,0.9143189589394413
15463,0.9144045971613909
15464,0.9144901497879162
15465,0.91457561690457
15466,0.9146609985968193
15467,0.9147462949500458
15468,0.914831506049546
15469,0.914916631980531
15470,0.9140021725782516
15471,0.9140881274282483
15472,0.914173996366351
15473,0.9142597794784286
15474,0.9143454768502642
15475,0.9144310885675553
15476,0.9145166147159135
15477,0.9146020553808651
15478,0.9146874106478508
15479,0.9147726806022257
15480,0.91485786532926
15481,0.9149429649141383
15482,0.9150279794419602
15483,0.9151129089977403
15484,0.9151977536664082
15485,0.9152825135328087
15486,0.9153671886817014
15487,0.9154517791977617
15488,0.9155362851655799
15489,0.9156207066696623
15490,0.9157050437944303
15491,0.9157892966242209
15492,0.9158734652432872
15493,0.9159575497357976
15494,0.9160415501858368
15495,0.9161254666774051
15496,0.9162092992944192
15497,0.9162930481207117
15498,0.9163767132400313
15499,0.9164602947360433
15500,0.915544292442454
15501,0.9156287059432612
15502,0.9157130350727531
15503,0.9157972799152592
15504,0.9158814405550241
15505,0.9159655170762084
15506,0.9160495095628889
15507,0.9161334180990579
15508,0.915217742518749
15509,0.9153024824062864
15510,0.9153871375962851
15511,0.9154717081734003
15512,0.9155561942222025
15513,0.9156405958271778
15514,0.9157249130727279
15515,0.9158091460431699
15516,0.915893294822737
15517,0.9159773594955778
15518,0.9160613401457571
15519,0.9161452368572556
15520,0.91622904971397
15521,0.9153132785498381
15522,0.9153979229490886
15523,0.915482482746241
15524,0.915566958025855
15525,0.9156513488724058
15526,0.9157356553702845
15527,0.9158198776037975
15528,0.915904015657167
15529,0.915988069614531
15530,0.9160720395599438
15531,0.9151564253275001
15532,0.9152412265015856
15533,0.9143264426670012
15534,0.9144120734089632
15535,0.9144976185629773
15536,0.9145830782145885
15537,0.9146684524492565
15538,0.9147537413523558
15539,0.914838945009175
15540,0.914924063504918
15541,0.9150090969247031
15542,0.915094045353564
15543,0.9151789088764489
15544,0.9142641873283466
15545,0.9143498802945351
15546,0.9134359873607075
15547,0.9135225081129706
15548,0.9136089423877203
15549,0.9136952902713907
15550,0.9137815518503298
15551,0.9138677272107992
15552,0.9139538164389743
15553,0.9140398196209444
15554,0.9131262365928375
15555,0.9132130669410706
15556,0.9132998105023489
15557,0.912386967113541
15558,0.9124745363618033
15559,0.9125620180845802
15560,0.9126494123693532
15561,0.9127367193035167
15562,0.9128239389743777
15563,0.912911071469156
15564,0.9129981168749839
15565,0.9130850752789069
15566,0.9131719467678835
15567,0.9132587314287851
15568,0.9133454293483965
15569,0.9134320406134155
15570,0.9135185653104536
15571,0.9136050035260354
15572,0.9136913553465991
15573,0.9137776208584966
15574,0.9138638001479933
15575,0.9139498933012686
15576,0.9130364001545408
15577,0.9131233202943164
15578,0.9122106533075155
15579,0.912298398781471
15580,0.9123860565538033
15581,0.9124736267121704
15582,0.9125611093441423
15583,0.9116490042873265
15584,0.9117373111296181
15585,0.9118255297091987
15586,0.911913660114287
15587,0.9120017024330134
15588,0.9120896567534201
15589,0.9121775231634617
15590,0.9122653017510044
15591,0.912352992603827
15592,0.9124405958096202
15593,0.9125281114559874
15594,0.9126155396304443
15595,0.9127028804204188
15596,0.9117906336633769
15597,0.9118787989470717
15598,0.9119668761095434
15599,0.9120548652388693
15600,0.9121427664230383
15601,0.9122305797499518
15602,0.9123183053074231
15603,0.9124059431831778
15604,0.9124934934648538
15605,0.9115814559901263
15606,0.9116698303469578
15607,0.9117581163735975
15608,0.9118463141583315
15609,0.9119344237893576
15610,0.9120224453547856
15611,0.9121103789426369
15612,0.9111987243909702
15613,0.9112874812881306
15614,0.9113761494727503
15615,0.9114647290334972
15616,0.911553220058951
15617,0.9116416226376027
15618,0.911729936857855
15619,0.9118181628080221
15620,0.9119063005763299
15621,0.9119943502509164
15622,0.911082811669956
15623,0.91117168442191
15624,0.9112604683455263
15625,0.9103496632797137
15626,0.910439268813667
15627,0.9105287847868667
15628,0.9106182112888289
15629,0.91070754840898
15630,0.9097972959867822
15631,0.9098874536119828
15632,0.9099775211246145
15633,0.9100674986147448
15634,0.9091578859224761
15635,0.9092486826381958
15636,0.9093393886025755
15637,0.909430003906321
15638,0.9095205286400478
15639,0.9096109628942807
15640,0.9097013067594538
15641,0.9097915603259111
15642,0.9098817236839062
15643,0.9089722966737274
15644,0.9090632788859475
15645,0.9091541701614239
15646,0.9092449705910476
15647,0.9093356802656193
15648,0.9094262992758485
15649,0.9095168277123544
15650,0.9096072656656654
15651,0.9096976132262194
15652,0.9087883702344891
15653,0.9088795362812312
15654,0.9089706112074868
15655,0.9090615951043309
15656,0.9081529878128723
15657,0.9082447889245037
15658,0.908336498280901
15659,0.9084281159737737
15660,0.9085196420947395
15661,0.9086110767353244
15662,0.9087024199869632
15663,0.9077941716911242
15664,0.9078863314395589
15665,0.907978399074302
15666,0.9080703746874211
15667,0.9081622583708919
15668,0.9082540502165982
15669,0.9083457503163318
15670,0.9074378585119177
15671,0.907530374395464
15672,0.9076227978093616
15673,0.9077151288460339
15674,0.907807367597812
15675,0.9078995141569346
15676,0.9079915686155483
15677,0.9080835310657077
15678,0.9081754015993752
15679,0.9082671803084212
15680,0.9083588672846247
15681,0.9084504626196725
15682,0.9085419664051602
15683,0.9076338784827163
15684,0.9077261984442527
15685,0.9068189258820896
15686,0.906912060388954
15687,0.9070051018078555
15688,0.9070980502318357
15689,0.9071909057538428
15690,0.9072836684667325
15691,0.9073763384632675
15692,0.9074689158361178
15693,0.9075614006778607
15694,0.9076537930809813
15695,0.9077460931378718
15696,0.9078383009408324
15697,0.907930416582071
15698,0.908022440153703
15699,0.9081143717477523
15700,0.9082062114561504
15701,0.908297959370737
15702,0.90838961558326
15703,0.9084811801853757
15704,0.9085726532686487
15705,0.908664034924552
15706,0.9087553252444676
15707,0.9088465243196855
15708,0.9089376322414049
15709,0.9090286491007338
15710,0.9091195749886891
15711,0.9092104099961966
15712,0.9093011542140915
15713,0.9093918077331179
15714,0.9094823706439293
15715,0.9095728430370889
15716,0.9096632250030687
15717,0.9097535166322511
15718,0.9098437180149276
15719,0.9099338292412995
15720,0.9100238504014782
15721,0.9091142813356096
15722,0.9092051216341247
15723,0.9092958711377388
15724,0.9093865299372014
15725,0.9094770981231712
15726,0.9095675757862165
15727,0.909657963016815
15728,0.9097482599053539
15729,0.9098384665421302
15730,0.9099285830173505
15731,0.9100186094211312
15732,0.9101085458434989
15733,0.9101983923743899
15734,0.9102881491036509
15735,0.9103778161210385
15736,0.9104673935162199
15737,0.9105568813787723
15738,0.9106462797981838
15739,0.9107355888638528
15740,0.9108248086650883
15741,0.9109139392911102
15742,0.9110029808310491
15743,0.9110919333739467
15744,0.9111807970087553
15745,0.9112695718243388
15746,0.9113582579094719
15747,0.9114468553528408
15748,0.9115353642430428
15749,0.911623784668587
15750,0.9117121167178938
15751,0.9118003604792951
15752,0.9108890157911599
15753,0.9109780822421433
15754,0.9100675594213116
15755,0.9101574469181418
15756,0.9102472445723966
15757,0.9103369524738735
15758,0.9104265707122804
15759,0.9105160993772357
15760,0.9106055385582679
15761,0.9096953880949413
15762,0.9097856475771053
15763,0.9098758168448944
15764,0.9099658959884777
15765,0.9100558850979344
15766,0.9101457842632539
15767,0.90923609332446
15768,0.9093268118718618
15769,0.9094174397460528
15770,0.909507977037661
15771,0.9095984238372236
15772,0.9096887802351874
15773,0.9097790463219089
15774,0.9098692221876541
15775,0.9099593079225989
15776,0.9100493036168292
15777,0.9101392093603407
15778,0.910229025243039
15779,0.91031875135474
15780,0.9104083877851701
15781,0.9104979346239656
15782,0.9105873919606733
15783,0.9106767598847506
15784,0.9107660384855655
15785,0.9108552278523965
15786,0.909944827824558
15787,0.9100348379916499
15788,0.9091252579436822
15789,0.9092160872710747
15790,0.9093068258145319
15791,0.9093974736647923
15792,0.9094880309125036
15793,0.9085789973983482
15794,0.9086703727132924
15795,0.9087616566985864
15796,0.9088528494455144
15797,0.9089439510452689
15798,0.9090349615889518
15799,0.9091258811675735
15800,0.9082172096221787
15801,0.9083089465440956
15802,0.908400591774936
15803,0.9084921454063454
15804,0.9075841072800022
15805,0.9076764769878682
15806,0.9077687543721882
15807,0.9078609395252395
15808,0.9079530325392072
15809,0.9080450335061845
15810,0.9071374422682973
15811,0.9072302584179541
15812,0.9073229817978462
15813,0.9074156125006969
15814,0.907508150619137
15815,0.9076005962457047
15816,0.9076929494728454
15817,0.9077852103929125
15818,0.9078773790981669
15819,0.9079694556807775
15820,0.9080614402328206
15821,0.9081533328462811
15822,0.9082451336130514
15823,0.9083368426249324
15824,0.9084284599736331
15825,0.9085199857507709
15826,0.9086114200478715
15827,0.9087027629563694
15828,0.9087940145676074
15829,0.9088851749728373
15830,0.9089762442632192
15831,0.9090672225298226
15832,0.9091581098636259
15833,0.9082494061056413
15834,0.908341110847165
15835,0.9084327239297765
15836,0.908524245445089
15837,0.9086156754846242
15838,0.9087070141398119
15839,0.9087982615019911
15840,0.9088894176624088
15841,0.9089804827122215
15842,0.9090714567424942
15843,0.9091623398442009
15844,0.9092531321082247
15845,0.9093438336253579
15846,0.9094344444863021
15847,0.9095249647816681
15848,0.9096153946019763
15849,0.9097057340376564
15850,0.9097959831790481
15851,0.9098861421164004
15852,0.9099762109398722
15853,0.9100661897395326
15854,0.9101560786053601
15855,0.9102458776272437
15856,0.9103355868949826
15857,0.910425206498286
15858,0.9095152362768983
15859,0.9096056758208495
15860,0.9096960249704539
15861,0.9097862838160606
15862,0.9098764524479287
15863,0.9099665309562266
15864,0.9100565194310329
15865,0.9101464179623363
15866,0.9102362266400351
15867,0.9103259455539381
15868,0.9104155747937642
15869,0.9105051144491427
15870,0.9105945646096133
15871,0.9106839253646262
15872,0.9107731968035421
15873,0.9108623790156325
15874,0.9109514720900797
15875,0.9110404761159766
15876,0.9111293911823275
15877,0.9112182173780473
15878,0.9113069547919623
15879,0.9113956035128099
15880,0.9114841636292389
15881,0.9115726352298094
15882,0.911661018402993
15883,0.9117493132371729
15884,0.911837519820644
15885,0.9119256382416129
15886,0.912013668588198
15887,0.9121016109484297
15888,0.9121894654102504
15889,0.9122772320615145
15890,0.9123649109899887
15891,0.9124525022833521
15892,0.9125400060291958
15893,0.9116279220651486
15894,0.9117162499791265
15895,0.9118044896093322
15896,0.9118926410440056
15897,0.911980704371298
15898,0.9120686796792726
15899,0.9121565670559051
15900,0.9122443665890826
15901,0.9123320783666048
15902,0.9124197024761834
15903,0.9125072390054426
15904,0.9125946880419189
15905,0.9126820496730614
15906,0.9127693239862318
15907,0.9128565110687044
15908,0.9129436110076662
15909,0.9130306238902173
15910,0.9131175498033705
15911,0.9132043888340518
15912,0.9132911410691001
15913,0.9133778065952679
15914,0.9134643854992207
15915,0.9125513776176623
15916,0.9126387825375847
15917,0.9127261000962678
15918,0.9128133303810291
15919,0.912900473479099
15920,0.9119880292277456
15921,0.9120759972145245
15922,0.9121638772772785
15923,0.9122516695038879
15924,0.9123393739821449
15925,0.912426990799754
15926,0.912514520044332
15927,0.9126019618034081
15928,0.9126893161644242
15929,0.9127765832147345
15930,0.9128637630416063
15931,0.9129508557322195
15932,0.9130378613736665
15933,0.9131247800529532
15934,0.9132116118569982
15935,0.9132983568726334
15936,0.9133850151866038
15937,0.9134715868855676
15938,0.9125585718062217
15939,0.9126459695355508
15940,0.9127332799108275
15941,0.9118210027694874
15942,0.9119091376992531
15943,0.9119971845381344
15944,0.9120851433741782
15945,0.9121730142953435
15946,0.912260797389501
15947,0.9123484927444341
15948,0.912436100447838
15949,0.9125236205873204
15950,0.9126110532504015
15951,0.9126983985245141
15952,0.9127856564970033
15953,0.9128728272551272
15954,0.9129599108860565
15955,0.9130469074768751
15956,0.9131338171145794
15957,0.913220639886079
15958,0.9133073758781969
15959,0.913394025177669
15960,0.9134805878711446
15961,0.9135670640451864
15962,0.9136534537862707
15963,0.9137397571807871
15964,0.9138259743150392
15965,0.913912105275244
15966,0.9129986498976576
15967,0.9130856077688243
15968,0.913172478725577
15969,0.9132592628547869
15970,0.9133459602432379
15971,0.9134325709776274
15972,0.9135190951445663
15973,0.9136055328305788
15974,0.9126923838722274
15975,0.9127796478563631
15976,0.9118673243702499
15977,0.9119554130015639
15978,0.912043413588269
15979,0.9121313262183657
15980,0.9122191509797666
15981,0.9123068879602966
15982,0.9123945372476926
15983,0.9114825986797289
15984,0.9115710718444668
15985,0.9116594565802545
15986,0.9117477529754766
15987,0.9118359611184297
15988,0.9109245808474468
15989,0.9110136117511475
15990,0.9111025536684377
15991,0.9111914066882594
15992,0.9112801708994656
15993,0.9113688463908204
15994,0.9114574332509995
15995,0.9115459315685897
15996,0.9116343414320893
15997,0.9107231626800333
15998,0.9108123949012427
15999,0.9109015379348246
16000,0.9109905918699223
16001,0.9100800565457144
16002,0.9101699315516657
16003,0.9102597167275261
16004,0.9103494121630809
16005,0.9104390179480253
16006,0.9105285341719653
16007,0.9106179609244172
16008,0.9107072982948076
16009,0.9107965463724739
16010,0.9108857052466643
16011,0.9109747750065378
16012,0.9110637557411639
16013,0.9111526475395236
16014,0.9112414504905086
16015,0.9113301646829219
16016,0.9114187902054778
16017,0.9115073271468016
16018,0.9115957755954305
16019,0.9116841356398129
16020,0.9117724073683088
16021,0.91186059086919
16022,0.9119486862306401
16023,0.9120366935407543
16024,0.9121246128875402
16025,0.912212444358917
16026,0.9123001880427162
16027,0.9123878440266815
16028,0.912475412398469
16029,0.9125628932456469
16030,0.9126502866556963
16031,0.9127375927160104
16032,0.9128248115138955
16033,0.9129119431365703
16034,0.9119994874212914
16035,0.912087443955603
16036,0.9121753125773365
16037,0.9122630933743606
16038,0.9123507864344562
16039,0.9124383918453163
16040,0.9115264094446713
16041,0.9116148388205387
16042,0.9117031798112228
16043,0.9117914325050647
16044,0.911879596990317
16045,0.9119676733551442
16046,0.9120556616876228
16047,0.9121435620757411
16048,0.9122313746073996
16049,0.9123190993704107
16050,0.9124067364524993
16051,0.9124942859413023
16052,0.9125817479243695
16053,0.9116696222392877
16054,0.9117579084739311
16055,0.9118461064664609
16056,0.9119342163050751
16057,0.9110227378280086
16058,0.9111116706237827
16059,0.9112005145312052
16060,0.91128926963912
16061,0.9113779360362824
16062,0.9114665138113586
16063,0.9105555028030514
16064,0.9106449026003497
16065,0.9107342130425282
16066,0.9108234342188976
16067,0.9109125662186788
16068,0.9110016091310039
16069,0.911090563044916
16070,0.9111794280493688
16071,0.9102687039833525
16072,0.9103583904361428
16073,0.909448486997426
16074,0.9085394930074235
16075,0.9086309078070163
16076,0.9087222312374941
16077,0.9088134633901802
16078,0.9089046043563069
16079,0.9089956542270152
16080,0.909086613093355
16081,0.9091774810462853
16082,0.9092682581766738
16083,0.9093589445752978
16084,0.9084500400829686
16085,0.9085415442907817
16086,0.9086329570401163
16087,0.908724278422385
16088,0.9078160082790343
16089,0.9079081462017939
16090,0.9080001920326767
16091,0.9080921458637284
16092,0.9081840077869031
16093,0.9082757778940627
16094,0.9083674562769771
16095,0.9084590430273249
16096,0.908550538236693
16097,0.9086419419965763
16098,0.9087332543983788
16099,0.9078249752835379
16100,0.9079171042437743
16101,0.9080091411210918
16102,0.9081010860075275
16103,0.9081929389950262
16104,0.9082847001754409
16105,0.9083763696405329
16106,0.9084679474819717
16107,0.9085594337913351
16108,0.9086508286601094
16109,0.9087421321796895
16110,0.9078338441915039
16111,0.9069264640373895
16112,0.9070194910598409
16113,0.9071124251017602
16114,0.9072052662560812
16115,0.9072980146156454
16116,0.907390670273201
16117,0.9074832333214037
16118,0.9075757038528166
16119,0.9076680819599102
16120,0.9077603677350627
16121,0.9078525612705599
16122,0.9079446626585953
16123,0.9080366719912704
16124,0.9081285893605944
16125,0.9082204148584848
16126,0.9083121485767672
16127,0.9084037906071752
16128,0.908495341041351
16129,0.9085867999708449
16130,0.9086781674871159
16131,0.9087694436815316
16132,0.9088606286453681
16133,0.9089517224698105
16134,0.9090427252459526
16135,0.9091336370647972
16136,0.9092244580172562
16137,0.9093151881941505
16138,0.9094058276862103
16139,0.9094963765840751
16140,0.909586834978294
16141,0.9096772029593252
16142,0.9097674806175368
16143,0.9098576680432063
16144,0.9099477653265214
16145,0.9100377725575793
16146,0.9101276898263874
16147,0.9102175172228627
16148,0.9093077545869578
16149,0.9093984015089098
16150,0.9094889578292408
16151,0.9095794236385069
16152,0.908670298777299
16153,0.9087615828364921
16154,0.9088527756572452
16155,0.9079443770808762
16156,0.9070368864491112
16157,0.9071298031043344
16158,0.9062231266394626
16159,0.9063168566478189
16160,0.9064104929730085
16161,0.9065040357086677
16162,0.9065974849483391
16163,0.9066908407854722
16164,0.9067841033134227
16165,0.9068772726254533
16166,0.9069703488147332
16167,0.9070633319743386
16168,0.9071562221972529
16169,0.9072490195763661
16170,0.9073417242044757
16171,0.9074343361742863
16172,0.90752685557841
16173,0.9076192825093661
16174,0.9067121168097065
16175,0.9068053580722656
16176,0.9058990058902843
16177,0.9059930598574104
16178,0.9060870198175729
16179,0.9061808858647318
16180,0.906274658092753
16181,0.9063683365954089
16182,0.906461921466378
16183,0.9065554127992452
16184,0.9066488106875018
16185,0.9067421152245457
16186,0.9068353265036816
16187,0.9069284446181207
16188,0.9070214696609812
16189,0.907114401725288
16190,0.9072072409039734
16191,0.9072999872898765
16192,0.9073926409757437
16193,0.9074852020542287
16194,0.9075776706178926
16195,0.907670046759204
16196,0.9077623305705391
16197,0.9078545221441817
16198,0.9079466215723234
16199,0.9080386289470638
16200,0.9081305443604101
16201,0.9082223679042777
16202,0.9073145994206152
16203,0.9074072385016541
16204,0.9074997849899082
16205,0.9075922389779243
16206,0.9076846005581563
16207,0.9077768698229657
16208,0.9078690468646219
16209,0.9079611317753019
16210,0.9080531246470908
16211,0.9081450255719812
16212,0.9082368346418742
16213,0.908328551948579
16214,0.9084201775838128
16215,0.9085117116392013
16216,0.9086031542062786
16217,0.9086945053764872
16218,0.9087857652411784
16219,0.908876933891612
16220,0.9089680114189567
16221,0.90905899791429
16222,0.9091498934685985
16223,0.9092406981727779
16224,0.9093314121176327
16225,0.9084225351440018
16226,0.9075145665931332
16227,0.9076070058069332
16228,0.9076993526277158
16229,0.907791607147828
16230,0.9078837694595243
16231,0.9079758396549671
16232,0.9070683175763514
16233,0.9071612028161552
16234,0.9072539952171386
16235,0.907346694872094
16236,0.907439301873721
16237,0.9075318163146269
16238,0.9076242382873259
16239,0.90771656788424
16240,0.907808805197699
16241,0.9079009503199402
16242,0.9079930033431087
16243,0.9080849643592576
16244,0.9081768334603477
16245,0.9082686107382484
16246,0.9083602962847369
16247,0.9084518901914987
16248,0.9075438923002529
16249,0.9066368019531262
16250,0.9067301184929032
16251,0.9068233417627753
16252,0.906916471855966
16253,0.9070095088656053
16254,0.9071024528847301
16255,0.9071953040062846
16256,0.9072880623231199
16257,0.9073807279279943
16258,0.9074733009135735
16259,0.9075657813724305
16260,0.9076581693970458
16261,0.9077504650798074
16262,0.907842668513011
16263,0.9079347797888601
16264,0.9080267989994659
16265,0.9081187262368478
16266,0.9082105615929329
16267,0.9083023051595567
16268,0.9083939570284627
16269,0.9084855172913028
16270,0.9085769860396373
16271,0.9086683633649351
16272,0.9087596493585733
16273,0.9088508441118381
16274,0.9089419477159243
16275,0.9090329602619354
16276,0.909123881840884
16277,0.9092147125436917
16278,0.9093054524611892
16279,0.9093961016841166
16280,0.909486660303123
16281,0.909577128408767
16282,0.9096675060915169
16283,0.9097577934417503
16284,0.9098479905497546
16285,0.9099380975057269
16286,0.910028114399774
16287,0.9101180413219132
16288,0.9102078783620712
16289,0.9102976256100851
16290,0.9103872831557022
16291,0.91047685108858
16292,0.9095668292484115
16293,0.9086577169752996
16294,0.9087490136100069
16295,0.908840218993705
16296,0.9089313332175993
16297,0.9090223563728042
16298,0.9091132885503426
16299,0.9092041298411468
16300,0.9092948803360582
16301,0.9093855401258273
16302,0.9094761093011138
16303,0.908567087702612
16304,0.9086584749213
16305,0.9087497707984401
16306,0.9088409754253283
16307,0.908932088893169
16308,0.9090231112930759
16309,0.9091140427160713
16310,0.9092048832530868
16311,0.9092956329949627
16312,0.908386791782574
16313,0.9084783592070792
16314,0.9085698351099207
16315,0.9086612195825745
16316,0.908752512716425
16317,0.9088437146027654
16318,0.9089348253327976
16319,0.9090258449976324
16320,0.9091167736882895
16321,0.9092076114956975
16322,0.9092983585106943
16323,0.9093890148240269
16324,0.9094795805263517
16325,0.9095700557082343
16326,0.9096604404601502
16327,0.9097507348724838
16328,0.9098409390355298
16329,0.9099310530394923
16330,0.9100210769744853
16331,0.9101110109305328
16332,0.9102008549975688
16333,0.9102906092654373
16334,0.9103802738238926
16335,0.9104698487625994
16336,0.9105593341711326
16337,0.9106487301389775
16338,0.9097385365056552
16339,0.9098287528609719
16340,0.9099188790450189
16341,0.9100089151479224
16342,0.9100988612597185
16343,0.9101887174703535
16344,0.9102784838696835
16345,0.9103681605474749
16346,0.9104577475934045
16347,0.9105472450970592
16348,0.9106366531479367
16349,0.910725971835445
16350,0.9108152012489028
16351,0.9109043414775396
16352,0.9109933926104956
16353,0.911082354736822
16354,0.9111712279454808
16355,0.9102605120754703
16356,0.9103502067160746
16357,0.9094403114569881
16358,0.9095308258883155
16359,0.9096212498504461
16360,0.909711583433804
16361,0.9098018267287227
16362,0.9098919798254456
16363,0.9099820428141258
16364,0.9100720157848263
16365,0.9101618988275202
16366,0.9102516920320903
16367,0.9103413954883302
16368,0.910431009285943
16369,0.9105205335145428
16370,0.9106099682636537
16371,0.9106993136227105
16372,0.9107885696810586
16373,0.9108777365279541
16374,0.9099673140026888
16375,0.91005730169484
16376,0.9101471994442705
16377,0.9102370073408779
16378,0.9103267254744702
16379,0.9104163539347656
16380,0.9105058928113925
16381,0.9105953421938898
16382,0.909685201921832
16383,0.9097754715850785
16384,0.9098656510237741
16385,0.9099557403280982
16386,0.9100457395881401
16387,0.9101356488938991
16388,0.9092259680854095
16389,0.9093166967529902
16390,0.9094073347372451
16391,0.9094978821288121
16392,0.9085888387683635
16393,0.9086802042468559
16394,0.9087714784055297
16395,0.9088626613356592
16396,0.9079542528785521
16397,0.9080462526258
16398,0.9081381604192774
16399,0.9082299763508923
16400,0.9083217005124606
16401,0.9074138327458315
16402,0.907506372643137
16403,0.907598820046792
16404,0.906691674799369
16405,0.9067849364937224
16406,0.906878104972989
16407,0.9069711803303374
16408,0.9070641626588428
16409,0.9071570520514877
16410,0.9062503483512863
16411,0.9063440511515348
16412,0.9054381600459361
16413,0.9055326746285989
16414,0.9056270947439127
16415,0.9057214204862976
16416,0.9058156519500794
16417,0.9059097892294896
16418,0.9060038324186656
16419,0.9060977816116504
16420,0.9061916369023935
16421,0.9062853983847499
16422,0.9053795659026062
16423,0.9054741390501297
16424,0.9055686176717688
16425,0.9056630018620019
16426,0.9057572917152132
16427,0.9058514873256928
16428,0.9059455887876361
16429,0.9060395961951447
16430,0.906133509642226
16431,0.9062273292227936
16432,0.9053215547807918
16433,0.9054161859104461
16434,0.9055107224562627
16435,0.9056051645127782
16436,0.9056995121744346
16437,0.9057937655355796
16438,0.9058879246904665
16439,0.9059819897332546
16440,0.906075960758009
16441,0.9061698378587006
16442,0.9062636211292067
16443,0.9063573106633104
16444,0.9064509065547014
16445,0.9065444088969755
16446,0.9066378177836352
16447,0.9067311333080893
16448,0.9068243555636534
16449,0.9069174846435498
16450,0.9070105206409076
16451,0.9071034636487627
16452,0.9071963137600583
16453,0.9072890710676444
16454,0.9073817356642785
16455,0.907474307642625
16456,0.9075667870952561
16457,0.9076591741146511
16458,0.9077514687931972
16459,0.9078436712231891
16460,0.9079357814968291
16461,0.9080277997062276
16462,0.9081197259434027
16463,0.9082115603002809
16464,0.9083033028686964
16465,0.9073954534905169
16466,0.9074880117578926
16467,0.9075804775132571
16468,0.9076728508490759
16469,0.9077651318577225
16470,0.9078573206314778
16471,0.9079494172625309
16472,0.9080414218429781
16473,0.9081333344648241
16474,0.9082251552199817
16475,0.9083168842002716
16476,0.9084085214974227
16477,0.9085000672030724
16478,0.9085915214087665
16479,0.9086828842059592
16480,0.9087741556860133
16481,0.9088653359402001
16482,0.9089564250597002
16483,0.9090474231356025
16484,0.9091383302589052
16485,0.9092291465205156
16486,0.9093198720112496
16487,0.9094105068218331
16488,0.9095010510429007
16489,0.9095915047649967
16490,0.909681868078575
16491,0.9097721410739987
16492,0.909862323841541
16493,0.9099524164713845
16494,0.9100424190536219
16495,0.909132831428381
16496,0.9092236531860738
16497,0.9093143841673971
16498,0.9094050244630818
16499,0.9094955741637684
16500,0.9095860333600064
16501,0.9096764021422553
16502,0.9097666806008837
16503,0.9098568688261702
16504,0.909946966908303
16505,0.9100369749373801
16506,0.9101268930034098
16507,0.9102167211963099
16508,0.9103064596059088
16509,0.910396108321945
16510,0.9104856674340669
16511,0.9105751370318339
16512,0.9106645172047156
16513,0.9107538080420923
16514,0.9108430096332546
16515,0.9109321220674043
16516,0.9110211454336538
16517,0.9111100798210264
16518,0.9111989253184567
16519,0.91128768201479
16520,0.9113763499987833
16521,0.9114649293591043
16522,0.9115534201843326
16523,0.910642322313084
16524,0.9107316353342603
16525,0.9108208590870496
16526,0.9109099936606757
16527,0.9109990391442733
16528,0.9110879956268877
16529,0.9111768631974755
16530,0.9102661416950293
16531,0.9103558307088273
16532,0.9104454300784337
16533,0.9105349398934478
16534,0.9106243602433793
16535,0.9107136912176488
16536,0.9098034326557121
16537,0.9098935841473106
16538,0.9099836455324707
16539,0.9100736169012538
16540,0.9101634983436313
16541,0.9092537896996097
16542,0.9093444905594802
16543,0.9094351007638185
16544,0.9095256204032349
16545,0.9096160495682492
16546,0.9097063883492904
16547,0.9097966368366974
16548,0.9098867951207187
16549,0.9099768632915126
16550,0.9100668414391473
16551,0.910156729653601
16552,0.9102465280247618
16553,0.9103362366424282
16554,0.9104258555963088
16555,0.9105153849760227
16556,0.9096053246212241
16557,0.9096956741218526
16558,0.9097859333181326
16559,0.9088766020504483
16560,0.9089676799094684
16561,0.9090586667361455
16562,0.9081500623715917
16563,0.9082418664072023
16564,0.9083335786846564
16565,0.9084251992956662
16566,0.9085167283318525
16567,0.9086081658847441
16568,0.9086995120457789
16569,0.9087907669063029
16570,0.9088819305575709
16571,0.9089730030907468
16572,0.909063984596903
16573,0.909154875167021
16574,0.9092456748919915
16575,0.9093363838626142
16576,0.909427002169598
16577,0.9095175299035615
16578,0.9096079671550322
16579,0.9096983140144475
16580,0.9097885705721541
16581,0.9088792366685338
16582,0.9089703118942524
16583,0.9090612960902601
16584,0.9091521893475412
16585,0.9092429917569889
16586,0.9093337034094057
16587,0.9094243243955032
16588,0.9095148548059026
16589,0.909605294731134
16590,0.9096956442616376
16591,0.9097859034877629
16592,0.9098760724997691
16593,0.9099661513878253
16594,0.9100561402420104
16595,0.9101460391523133
16596,0.9102358482086328
16597,0.9103255675007781
16598,0.9104151971184684
16599,0.9105047371513335
16600,0.9105941876889134
16601,0.9106835488206586
16602,0.9107728206359303
16603,0.9108620032240003
16604,0.9109510966740513
16605,0.9110401010751766
16606,0.9111290165163809
16607,0.9112178430865794
16608,0.9113065808745988
16609,0.9113952299691769
16610,0.9114837904589628
16611,0.911572262432517
16612,0.9116606459783115
16613,0.91174894118473
16614,0.9118371481400677
16615,0.9119252669325314
16616,0.91201329765024
16617,0.9121012403812242
16618,0.9121890952134268
16619,0.9122768622347027
16620,0.912364541532819
16621,0.9114526329455798
16622,0.9115411360610765
16623,0.910630050467812
16624,0.9107193757547007
16625,0.910808611760943
16626,0.9108977585757746
16627,0.9109868162883425
16628,0.9110757849877045
16629,0.9111646647628292
16630,0.9112534557025965
16631,0.9113421578957973
16632,0.9114307714311338
16633,0.9115192963972196
16634,0.9116077328825797
16635,0.9116960809756506
16636,0.9117843407647803
16637,0.9118725123382289
16638,0.9119605957841677
16639,0.9120485911906803
16640,0.9121364986457621
16641,0.9122243182373205
16642,0.9123120500531753
16643,0.9123996941810582
16644,0.9124872507086134
16645,0.9125747197233973
16646,0.9126621013128792
16647,0.9127493955644405
16648,0.9128366025653756
16649,0.9119242221530164
16650,0.9120122539149824
16651,0.9121001976891804
16652,0.912188053563554
16653,0.9122758216259593
16654,0.9123635019641643
16655,0.9124510946658493
16656,0.9125385998186071
16657,0.9126260175099428
16658,0.9127133478272742
16659,0.9128005908579316
16660,0.9128877466891581
16661,0.9129748154081094
16662,0.9130617971018544
16663,0.9131486918573748
16664,0.9132354997615654
16665,0.9133222209012339
16666,0.9134088553631018
16667,0.9134954032338033
16668,0.9135818645998864
16669,0.9136682395478126
16670,0.9137545281639567
16671,0.9128412302847324
16672,0.9129283454968417
16673,0.9130153736372746
16674,0.9131023147930594
16675,0.9131891690511372
16676,0.9132759364983625
16677,0.9133626172215026
16678,0.9134492113072382
16679,0.9135357188421636
16680,0.912622639662911
16681,0.9127099733564014
16682,0.9127972197598433
16683,0.9128843789604831
16684,0.9129714510454802
16685,0.9120589358520315
16686,0.9121468329676217
16687,0.9122346422300228
16688,0.9123223637270443
16689,0.9124099975464076
16690,0.9124975437757465
16691,0.9125850025026073
16692,0.9126723738144488
16693,0.9127596577986422
16694,0.9128468545424716
16695,0.9129339641331338
16696,0.9130209866577383
16697,0.9131079222033078
16698,0.9121952706069028
16699,0.9122830314558714
16700,0.9123707045878495
16701,0.9124582900905104
16702,0.9125457880514394
16703,0.9126331985581346
16704,0.9127205216980065
16705,0.9128077575583784
16706,0.912894906226486
16707,0.9129819677894779
16708,0.9120694420845409
16709,0.912157328699149
16710,0.9122451274710639
16711,0.9113333382382093
16712,0.9114219605887958
16713,0.9115104943613207
16714,0.9115989396443179
16715,0.9116872965262327
16716,0.9117755650954219
16717,0.9118637454401541
16718,0.9109523373987347
16719,0.9110413405597555
16720,0.9111302547620945
16721,0.9112190800946661
16722,0.9113078166462957
16723,0.9113964645057197
16724,0.911485023761586
16725,0.911573494502454
16726,0.9116618768167943
16727,0.9117501707929895
16728,0.9118383765193333
16729,0.9119264940840316
16730,0.912014523575202
16731,0.9121024650808739
16732,0.9121903186889889
16733,0.9122780844874008
16734,0.9123657625638751
16735,0.9114538527562152
16736,0.9115423546525108
16737,0.911630768091139
16738,0.9117190931605131
16739,0.9118073299489584
16740,0.9118954785447115
16741,0.9119835390359212
16742,0.9120715115106479
16743,0.9121593960568641
16744,0.9122471927624545
16745,0.9123349017152156
16746,0.9114230227529815
16747,0.9115115554638731
16748,0.911599999686298
16749,0.9106888552588255
16750,0.9107781217703109
16751,0.9108672990598958
16752,0.9109563872167575
16753,0.9110453863299841
16754,0.9111342964885748
16755,0.9112231177814398
16756,0.9113118502974004
16757,0.9114004941251891
16758,0.9114890493534498
16759,0.9115775160707377
16760,0.9116658943655196
16761,0.9117541843261737
16762,0.9118423860409901
16763,0.9119304995981705
16764,0.9120185250858285
16765,0.9121064625919896
16766,0.9121943122045912
16767,0.9122820740114832
16768,0.9113702478505522
16769,0.9114588333099719
16770,0.9115473302282028
16771,0.9116357386937418
16772,0.9107245585451224
16773,0.9108137893711642
16774,0.9109029310109731
16775,0.9109919835536907
16776,0.9110809470883697
16777,0.9111698217039735
16778,0.9112586074893768
16779,0.9113473045333654
16780,0.9114359129246364
16781,0.9115244327517982
16782,0.9116128641033706
16783,0.911701207067785
16784,0.9107899614835093
16785,0.910879126939298
16786,0.9109682032741913
16787,0.9110571905772655
16788,0.9111460889375081
16789,0.9112348984438174
16790,0.910324118935128
16791,0.91041375000066
16792,0.9105032914799197
16793,0.9105927434624486
16794,0.9106821060376985
16795,0.9107713792950322
16796,0.9108605633237228
16797,0.9109496582129545
16798,0.9110386640518221
16799,0.9111275809293315
16800,0.9112164089343997
16801,0.9113051481558546
16802,0.9113937986824354
16803,0.9114823606027928
16804,0.9115708340054887
16805,0.9116592189789964
16806,0.911747515611701
16807,0.9118357239918992
16808,0.9119238442077993
16809,0.9110123760976465
16810,0.9111013192499727
16811,0.911190173503596
16812,0.9112789389473706
16813,0.9113676156700619
16814,0.9114562037603466
16815,0.911544703306813
16816,0.9116331143979607
16817,0.9117214371222006
16818,0.9118096715678555
16819,0.91189781782316
16820,0.9119858759762604
16821,0.9120738461152146
16822,0.912161728327993
16823,0.9122495227024778
16824,0.9123372293264633
16825,0.9124248482876562
16826,0.9125123796736756
16827,0.9125998235720527
16828,0.9126871800702315
16829,0.9127744492555686
16830,0.9128616312153331
16831,0.9129487260367072
16832,0.9130357338067855
16833,0.9131226546125758
16834,0.913209488540999
16835,0.9132962356788891
16836,0.9133828961129932
16837,0.9134694699299717
16838,0.9135559572163985
16839,0.9136423580587609
16840,0.9137286725434598
16841,0.9138149007568097
16842,0.9139010427850388
16843,0.9129875984644141
16844,0.9120750671316161
16845,0.9121629481239883
16846,0.9122507412792867
16847,0.9123384466853044
16848,0.9124260644297468
16849,0.9125135946002318
16850,0.9126010372842895
16851,0.9126883925693627
16852,0.9117761602929316
16853,0.9118643400427637
16854,0.9119524316569139
16855,0.9120404352234737
16856,0.9121283508304467
16857,0.9122161785657487
16858,0.9123039185172072
16859,0.9113920705226872
16860,0.9114806341703408
16861,0.9105696090487312
16862,0.9106589947468334
16863,0.9107482911039081
16864,0.9108374982092515
16865,0.9109266161520708
16866,0.911015645021484
16867,0.91110458490652
16868,0.9111934358961187
16869,0.911282198079131
16870,0.9113708715443193
16871,0.911459456380357
16872,0.9105484524259538
16873,0.9106378592701058
16874,0.9107271767520947
16875,0.9108164049612381
16876,0.910905543986764
16877,0.9109945939178118
16878,0.9110835548434312
16879,0.9111724268525832
16880,0.9102617097842647
16881,0.9103514032277586
16882,0.9104410070226334
16883,0.9105305212584929
16884,0.9106199460248512
16885,0.9107092814111332
16886,0.9107985275066742
16887,0.9108876844007205
16888,0.910976752182429
16889,0.9110657309408674
16890,0.9111546207650144
16891,0.91124342174376
16892,0.9113321339659052
16893,0.9114207575201622
16894,0.9115092924951546
16895,0.9115977389794173
16896,0.9106865968115219
16897,0.910775865580326
16898,0.9108650451249733
16899,0.9109541355346435
16900,0.911043136898427
16901,0.9111320493053251
16902,0.9112208728442504
16903,0.9113096076040262
16904,0.9103987534235125
16905,0.9104883098918548
16906,0.9105777768484846
16907,0.9096676541329939
16908,0.9097579413352598
16909,0.9098481382954444
16910,0.9099382451037448
16911,0.9090287616003927
16912,0.9091196873759045
16913,0.909210522271081
16914,0.9093012663767571
16915,0.9083924195338019
16916,0.9084839813333683
16917,0.9085754516168931
16918,0.9086668304758467
16919,0.908758118001608
16920,0.9088493142854644
16921,0.9089404194186124
16922,0.909031433492157
16923,0.9091223565971124
16924,0.9092131888244016
16925,0.909303930264857
16926,0.9083950807593449
16927,0.9084866398990158
16928,0.9085781075253037
16929,0.9086694837296762
16930,0.9087607686035095
16931,0.9088519622380887
16932,0.9089430647246074
16933,0.909034076154168
16934,0.909124996617782
16935,0.90921582620637
16936,0.9093065650107615
16937,0.9093972131216952
16938,0.9094877706298194
16939,0.9095782376256917
16940,0.909668614199779
16941,0.9097589004424579
16942,0.9098490964440147
16943,0.9099392022946453
16944,0.9100292180844558
16945,0.9101191439034618
16946,0.9102089798415893
16947,0.9102987259886742
16948,0.9103883824344626
16949,0.9104779492686111
16950,0.9105674265806865
16951,0.910656814460166
16952,0.9107461129964377
16953,0.9108353222788
16954,0.9109244423964624
16955,0.9110134734385449
16956,0.9111024154940786
16957,0.9101917684021305
16958,0.9102815317520534
16959,0.9103712053834856
16960,0.9104607893861008
16961,0.910550283849483
16962,0.9106396888631267
16963,0.9107290045164369
16964,0.9108182308987293
16965,0.9109073680992302
16966,0.910996416207077
16967,0.9110853753113178
16968,0.9111742455009118
16969,0.9112630268647289
16970,0.9113517194915508
16971,0.91144032347007
16972,0.9115288388888905
16973,0.9116172658365278
16974,0.9117056044014088
16975,0.9117938546718721
16976,0.9118820167361681
16977,0.9119700906824588
16978,0.9110585763489432
16979,0.9111474733241066
16980,0.9112362814467212
16981,0.9113250008055951
16982,0.9114136314894475
16983,0.9115021735869093
16984,0.9115906271865226
16985,0.911678992376741
16986,0.9107677689960546
16987,0.91085695663324
16988,0.9109460551273596
16989,0.9110350645675122
16990,0.9111239850427071
16991,0.9112128166418648
16992,0.911301559453817
16993,0.9113902135673064
16994,0.9104792788211122
16995,0.9105687548042996
16996,0.9106581413562193
16997,0.909747938316383
16998,0.9098381452745875
16999,0.9099282620709147
17000,0.9100182887954815
17001,0.9091087252884396
17002,0.9091995711402252
17003,0.9092903261915594
17004,0.909380990533197
17005,0.9094715642558024
17006,0.9095620474499496
17007,0.9096524402061216
17008,0.9087432423648361
17009,0.9088344535168952
17010,0.908925573503385
17011,0.9090166024154256
17012,0.9091075403440458
17013,0.9091983873801838
17014,0.9092891436146864
17015,0.9093798091383098
17016,0.9094703840417199
17017,0.9095608684154912
17018,0.9096512623501084
17019,0.9097415659359653
17020,0.9098317792633657
17021,0.9099219024225227
17022,0.9100119355035596
17023,0.9101018785965096
17024,0.9101917317913156
17025,0.9102814951778311
17026,0.9103711688458193
17027,0.9104607528849539
17028,0.9105502473848189
17029,0.9106396524349091
17030,0.9107289681246293
17031,0.9108181945432954
17032,0.9109073317801336
17033,0.9109963799242814
17034,0.9110853390647868
17035,0.9111742092906091
17036,0.9112629906906184
17037,0.9113516833535963
17038,0.9114402873682353
17039,0.9115288028231396
17040,0.9116172298068247
17041,0.9117055684077174
17042,0.9117938187141565
17043,0.9118819808143923
17044,0.9119700547965868
17045,0.912058040748814
17046,0.9121459387590601
17047,0.912233748915223
17048,0.9113219710552378
17049,0.9114106047673265
17050,0.9114991498899978
17051,0.9115876065117969
17052,0.9116759747211804
17053,0.9117642546065166
17054,0.9118524462560853
17055,0.9119405497580783
17056,0.9120285652005989
17057,0.9121164926716628
17058,0.9122043322591974
17059,0.9122920840510422
17060,0.9113802478850742
17061,0.9114688233494569
17062,0.9115573102826409
17063,0.911645708773113
17064,0.9117340189092719
17065,0.9118222407794275
17066,0.9119103744718019
17067,0.9119984200745287
17068,0.9120863776756536
17069,0.9121742473631342
17070,0.9122620292248402
17071,0.9123497233485536
17072,0.9124373298219683
17073,0.912524848732691
17074,0.9126122801682406
17075,0.9126996242160484
17076,0.9127868809634587
17077,0.9128740504977282
17078,0.9129611329060263
17079,0.9130481282754356
17080,0.9131350366929514
17081,0.9132218582454822
17082,0.9133085930198496
17083,0.9133952411027882
17084,0.9134818025809464
17085,0.9135682775408854
17086,0.9136546660690804
17087,0.9137409682519199
17088,0.9138271841757061
17089,0.9139133139266549
17090,0.9139993575908961
17091,0.9140853152544735
17092,0.9141711870033445
17093,0.9142569729233812
17094,0.9143426731003693
17095,0.9144282876200092
17096,0.9145138165679152
17097,0.9145992600296164
17098,0.9146846180905563
17099,0.9147698908360931
17100,0.9148550783514993
17101,0.9149401807219625
17102,0.9150251980325852
17103,0.9151101303683847
17104,0.9151949778142934
17105,0.9152797404551587
17106,0.9153644183757432
17107,0.915449011660725
17108,0.9155335203946973
17109,0.9156179446621688
17110,0.915702284547564
17111,0.9147870398853475
17112,0.9148722102602747
17113,0.9149572955073908
17114,0.9150422957117812
17115,0.9151272109584461
17116,0.9152120413323007
17117,0.9152967869181755
17118,0.915381447800816
17119,0.914466523815008
17120,0.9145520145458276
17121,0.9146374198286403
17122,0.9147227397488515
17123,0.9148079743917812
17124,0.914893123842664
17125,0.9149781881866493
17126,0.9150631675088016
17127,0.9151480618941001
17128,0.9152328714274394
17129,0.9153175961936288
17130,0.9154022362773934
17131,0.915486791763373
17132,0.9155712627361232
17133,0.9156556492801151
17134,0.9157399514797352
17135,0.9158241694192857
17136,0.9149088029331095
17137,0.91499385160584
17138,0.9150788152724009
17139,0.9151636940177558
17140,0.9152484879267835
17141,0.915333197084278
17142,0.9154178215749483
17143,0.9155023614834191
17144,0.9145873166443552
17145,0.9146726866427117
17146,0.9147579713137335
17147,0.9148431707427053
17148,0.9149282850148265
17149,0.9150133142152115
17150,0.9150982584288895
17151,0.9151831177408046
17152,0.9152678922358163
17153,0.9153525819986991
17154,0.9154371871141427
17155,0.9155217076667522
17156,0.9156061437410483
17157,0.9156904954214671
17158,0.9157747627923601
17159,0.915858945937995
17160,0.9159430449425547
17161,0.9160270598901384
17162,0.916110990864761
17163,0.9161948379503534
17164,0.9162786012307629
17165,0.9163622807897526
17166,0.9164458767110022
17167,0.9165293890781077
17168,0.9166128179745813
17169,0.9166961634838521
17170,0.9167794256892655
17171,0.9168626046740839
17172,0.916945700521486
17173,0.917028713314568
17174,0.9171116431363425
17175,0.9171944900697395
17176,0.9172772541976059
17177,0.9173599356027057
17178,0.9174425343677205
17179,0.917525050575249
17180,0.9176074843078075
17181,0.9176898356478297
17182,0.9177721046776669
17183,0.9178542914795883
17184,0.9179363961357806
17185,0.9180184187283486
17186,0.9181003593393147
17187,0.9181822180506197
17188,0.9182639949441224
17189,0.9183456901015995
17190,0.9174278033548713
17191,0.9175103342860508
17192,0.917592782727544
17193,0.9176751487617993
17194,0.9177574324711828
17195,0.9178396339379782
17196,0.917921753244387
17197,0.9180037904725286
17198,0.9180857457044401
17199,0.9181676190220769
17200,0.9182494105073122
17201,0.9183311202419376
17202,0.9184127483076628
17203,0.918494294786116
17204,0.9185757597588435
17205,0.9186571433073104
17206,0.9187384455129003
17207,0.9188196664569154
17208,0.9189008062205766
17209,0.9189818648850238
17210,0.9180633422814405
17211,0.9181452379913041
17212,0.9182270518463852
17213,0.9183087839284978
17214,0.9183904343193738
17215,0.9184720031006638
17216,0.9185534903539365
17217,0.9186348961606792
17218,0.9187162206022976
17219,0.9187974637601164
17220,0.9188786257153786
17221,0.9189597065492463
17222,0.9190407063428003
17223,0.9191216251770404
17224,0.9192024631328855
17225,0.9192832202911734
17226,0.9193638967326615
17227,0.9194444925380262
17228,0.9185255075379882
17229,0.9186069413135625
17230,0.9186882936960576
17231,0.9187695647668263
17232,0.9188507546071393
17233,0.9189318632981867
17234,0.9190128909210771
17235,0.9190938375568382
17236,0.9191747032864165
17237,0.9192554881906779
17238,0.9193361923504074
17239,0.9194168158463091
17240,0.9194973587590064
17241,0.9195778211690424
17242,0.9186587029070044
17243,0.9187400035537739
17244,0.9188212229405268
17245,0.9189023611484823
17246,0.9179839180089037
17247,0.9180658931033475
17248,0.918147786263664
17249,0.9182295975717463
17250,0.9183113271094057
17251,0.9183929749583718
17252,0.9184745412002925
17253,0.918556025916734
17254,0.918637429189181
17255,0.9187187510990369
17256,0.9187999917276236
17257,0.9178816509063067
17258,0.9179637282167452
17259,0.9180457234908914
17260,0.9171281365608656
17261,0.9172109670090806
17262,0.9172937146682419
17263,0.9173763796210973
17264,0.9174589619503116
17265,0.9175414617384672
17266,0.9176238790680639
17267,0.9177062140215191
17268,0.9177884666811678
17269,0.9178706371292625
17270,0.9179527254479739
17271,0.9180347317193902
17272,0.9181166560255177
17273,0.9181984984482808
17274,0.9182802590695219
17275,0.9183619379710016
17276,0.9184435352343989
17277,0.9185250509413111
17278,0.9186064851732538
17279,0.9186878380116613
17280,0.9187691095378866
17281,0.917850799583326
17282,0.9179329077296695
17283,0.9180149338089002
17284,0.9180968779030443
17285,0.9181787400940458
17286,0.9182605204637668
17287,0.9183422190939879
17288,0.9184238360664078
17289,0.9185053714626432
17290,0.9185868253642298
17291,0.9186681978526213
17292,0.9187494890091904
17293,0.9188306989152282
17294,0.9189118276519446
17295,0.9189928753004684
17296,0.9190738419418472
17297,0.9181552274071727
17298,0.9182370312778302
17299,0.9183187533854985
17300,0.9184003938118999
17301,0.9184819526386746
17302,0.9185634299473816
17303,0.9186448258194981
17304,0.9187261403364202
17305,0.9188073735794623
17306,0.9188885256298577
17307,0.9189695965687583
17308,0.9190505864772354
17309,0.9191314954362786
17310,0.919212323526797
17311,0.9192930708296189
17312,0.9193737374254913
17313,0.918454823145206
17314,0.9185363275698485
17315,0.9186177505307982
17316,0.9186990921094781
17317,0.9177808521373547
17318,0.9168635299463129
17319,0.9169466248689053
17320,0.9170296367381018
17321,0.9171125656369142
17322,0.9171954116482717
17323,0.9172781748550201
17324,0.9173608553399226
17325,0.9174434531856598
17326,0.9175259684748296
17327,0.9176084012899473
17328,0.9176907517134456
17329,0.917773019827675
17330,0.9178552057149038
17331,0.9179373094573177
17332,0.9180193311370205
17333,0.918101270836034
17334,0.9181831286362978
17335,0.9182649046196698
17336,0.918346598867926
17337,0.9184282114627607
17338,0.9185097424857864
17339,0.9185911920185342
17340,0.9186725601424537
17341,0.918753846938913
17342,0.918835052489199
17343,0.9189161768745171
17344,0.9189972201759918
17345,0.9190781824746665
17346,0.9191590638515035
17347,0.919239864387384
17348,0.9183210839132337
17349,0.918402722010272
17350,0.9184842785100118
17351,0.9185657534940098
17352,0.918647147043741
17353,0.9187284592405988
17354,0.9188096901658955
17355,0.9188908399008622
17356,0.9189719085266485
17357,0.9180533958744479
17358,0.9181353015257478
17359,0.9182171253123288
17360,0.9182988673160146
17361,0.9173810273686723
17362,0.9164641048025867
17363,0.91654759895071
17364,0.9166310096464114
17365,0.9167143369731017
17366,0.916797581014108
17367,0.9168807418526747
17368,0.9169638195719624
17369,0.9170468142550489
17370,0.9171297259849289
17371,0.9172125548445142
17372,0.9172953009166337
17373,0.9163784640341583
17374,0.9164620437802511
17375,0.9165455399883667
17376,0.9166289527420015
17377,0.9157127818746932
17378,0.9157970269702707
17379,0.9158811878628541
17380,0.9159652646366043
17381,0.9160492573755982
17382,0.9151336659139534
17383,0.9152184898360783
17384,0.9153032289766719
17385,0.9153878834204734
17386,0.9154724532521371
17387,0.9155569385562329
17388,0.9156413394172461
17389,0.9157256559195777
17390,0.915809888147544
17391,0.9158940361853776
17392,0.9159781001172262
17393,0.9160620800271541
17394,0.9161459759991409
17395,0.9162297881170828
17396,0.9163135164647919
17397,0.9163971611259965
17398,0.9164807221843413
17399,0.9165641997233874
17400,0.9166475938266124
17401,0.9167309045774105
17402,0.9168141320590922
17403,0.9168972763548853
17404,0.9169803375479338
17405,0.9170633157212992
17406,0.9171462109579596
17407,0.9172290233408101
17408,0.9173117529526634
17409,0.9173943998762489
17410,0.9174769641942137
17411,0.9165599457392469
17412,0.9166433440943301
17413,0.9167266590927365
17414,0.9168098908177813
17415,0.9168930393526961
17416,0.9169761047806294
17417,0.9170590871846468
17418,0.9171419866477306
17419,0.9172248032527803
17420,0.9173075370826126
17421,0.9173901882199613
17422,0.9174727567474776
17423,0.916555742497855
17424,0.9166391450540791
17425,0.9167224642494273
17426,0.916805700167219
17427,0.91688885289069
17428,0.9169719225029932
17429,0.9170549090871981
17430,0.9171378127262914
17431,0.9172206335031766
17432,0.9173033715006746
17433,0.9173860268015236
17434,0.9174685994883787
17435,0.9175510896438126
17436,0.9176334973503155
17437,0.9177158226902952
17438,0.917798065746077
17439,0.9178802265999041
17440,0.9179623053339372
17441,0.9180443020302551
17442,0.9181262167708546
17443,0.9182080496376503
17444,0.9182898007124752
17445,0.9183714700770804
17446,0.9184530578131354
17447,0.9185345640022277
17448,0.9186159887258636
17449,0.9186973320654679
17450,0.9187785941023839
17451,0.9188597749178739
17452,0.9179413743432433
17453,0.9180233919600916
17454,0.9181053276003114
17455,0.9171876810959633
17456,0.9172704520294006
17457,0.9173531402332693
17458,0.9174357457902576
17459,0.9175182687829709
17460,0.9176007092939324
17461,0.9176830674055827
17462,0.9177653432002798
17463,0.9178475367602995
17464,0.9179296481678354
17465,0.918011677504999
17466,0.9180936248538196
17467,0.9181754902962446
17468,0.9182572739141394
17469,0.9183389757892877
17470,0.9184205960033913
17471,0.9185021346380706
17472,0.9185835917748641
17473,0.9186649674952291
17474,0.9187462618805412
17475,0.9188274750120948
17476,0.9189086069711032
17477,0.9179901575888233
17478,0.9180721264468055
17479,0.9181540133768936
17480,0.9182358184609747
17481,0.9183175417808538
17482,0.9183991834182542
17483,0.9184807434548177
17484,0.9185622219721042
17485,0.9186436190515924
17486,0.9187249347746793
17487,0.9188061692226807
17488,0.9188873224768309
17489,0.9189683946182834
17490,0.9190493857281102
17491,0.9191302958873026
17492,0.9192111251767705
17493,0.9192918736773434
17494,0.9193725414697699
17495,0.9194531286347176
17496,0.9195336352527739
17497,0.9196140614044452
17498,0.9196944071701579
17499,0.9187751723803826
17500,0.9188563566158845
17501,0.9189374597077227
17502,0.9190184817370003
17503,0.9190994227847394
17504,0.9191802829318811
17505,0.9192610622592856
17506,0.9193417608477321
17507,0.9194223787779193
17508,0.9195029161304651
17509,0.9195833729859069
17510,0.9186642491748265
17511,0.9187455442781
17512,0.9188267581268974
17513,0.9189078908024327
17514,0.9189889423858386
17515,0.9190699129581666
17516,0.9191508026003874
17517,0.9192316113933905
17518,0.9193123394179848
17519,0.9193929867548984
17520,0.9194735534847787
17521,0.9195540396881922
17522,0.9186349451957502
17523,0.9187162695883582
17524,0.9187975126972154
17525,0.91787917435369
17526,0.9179612541394435
17527,0.9170437516365555
17528,0.9171266664275235
17529,0.9172094983451372
17530,0.9162927472223534
17531,0.915376912392546
17532,0.9154614931897549
17533,0.9155459894484358
17534,0.915630401253085
17535,0.9157147286881144
17536,0.9157989718378514
17537,0.9158831307865393
17538,0.9159672056183368
17539,0.9160511964173189
17540,0.9161351032674765
17541,0.9162189262527164
17542,0.9163026654568616
17543,0.9163863209636514
17544,0.9164698928567412
17545,0.916553381219703
17546,0.9166367861360251
17547,0.9167201076891125
17548,0.9168033459622867
17549,0.9168865010387862
17550,0.916969573001766
17551,0.917052561934298
17552,0.9171354679193712
17553,0.9172182910398915
17554,0.9173010313786822
17555,0.9173836890184837
17556,0.9174662640419534
17557,0.9175487565316666
17558,0.9176311665701157
17559,0.9177134942397107
17560,0.9177957396227795
17561,0.9178779028015673
17562,0.9179599838582374
17563,0.9180419828748708
17564,0.9181238999334667
17565,0.9172062348660669
17566,0.9172889872550064
17567,0.9173716569329124
17568,0.9174542439824548
17569,0.9175367484862205
17570,0.917619170526714
17571,0.9177015101863575
17572,0.9177837675474906
17573,0.9178659426923707
17574,0.9179480357031728
17575,0.9180300466619903
17576,0.9181119756508339
17577,0.9181938227516326
17578,0.9182755880462337
17579,0.9183572716164023
17580,0.9174393732939472
17581,0.9175218926609697
17582,0.9176043295498643
17583,0.9176866840430677
17584,0.9177689562229348
17585,0.9178511461717375
17586,0.9179332539716658
17587,0.9180152797048275
17588,0.9170977232033735
17589,0.9171805840497469
17590,0.9172633620766837
17591,0.9163465571170868
17592,0.9164301687541512
17593,0.9165136968213634
17594,0.9165971414022516
17595,0.9166805025802603
17596,0.9167637804387508
17597,0.916846975061001
17598,0.9169300865302054
17599,0.9170131149294756
17600,0.9170960603418399
17601,0.9171789228502438
17602,0.9172617025375499
17603,0.9173443994865379
17604,0.9174270137799047
17605,0.9175095455002645
17606,0.9175919947301493
17607,0.9176743615520082
17608,0.9177566460482081
17609,0.9178388483010335
17610,0.9179209683926866
17611,0.9180030064052875
17612,0.9180849624208745
17613,0.9181668365214033
17614,0.9182486287887482
17615,0.9183303393047015
17616,0.9184119681509737
17617,0.9174940151593186
17618,0.917576479911783
17619,0.9176588622407068
17620,0.9177411622284722
17621,0.9178233799573793
17622,0.9179055155096457
17623,0.9179875689674072
17624,0.9180695404127172
17625,0.9181514299275471
17626,0.9182332375937864
17627,0.9183149634932428
17628,0.9183966077076424
17629,0.9184781703186293
17630,0.9185596514077661
17631,0.9186410510565339
17632,0.9187223693463324
17633,0.91880360635848
17634,0.9188847621742137
17635,0.9189658368746892
17636,0.9190468305409815
17637,0.919127743254084
17638,0.9192085750949095
17639,0.9192893261442899
17640,0.9193699964829763
17641,0.919450586191639
17642,0.9195310953508677
17643,0.9196115240411717
17644,0.9196918723429797
17645,0.9197721403366399
17646,0.9198523281024203
17647,0.9199324357205089
17648,0.9200124632710132
17649,0.9200924108339606
17650,0.9201722784892991
17651,0.9202520663168959
17652,0.9203317743965392
17653,0.920411402807937
17654,0.9204909516307177
17655,0.9205704209444301
17656,0.9206498108285436
17657,0.9207291213624481
17658,0.9208083526254541
17659,0.920887504696793
17660,0.9199670774057418
17661,0.9200470703318729
17662,0.9201269833050545
17663,0.9202068164051994
17664,0.9192870694622657
17665,0.9193677420565063
17666,0.9194483340184688
17667,0.9195288454287452
17668,0.9186097761179719
17669,0.9186911256670793
17670,0.9187723939072922
17671,0.9188535809198786
17672,0.9189346867860256
17673,0.9190157115868391
17674,0.9190966554033441
17675,0.9191775183164842
17676,0.9192583004071224
17677,0.9193390017560409
17678,0.9194196224439409
17679,0.9195001625514433
17680,0.919580622159088
17681,0.9196610013473348
17682,0.9197413001965627
17683,0.919821518787071
17684,0.9199016571990779
17685,0.919981715512722
17686,0.9200616938080616
17687,0.920141592165075
17688,0.9202214106636606
17689,0.9203011493836369
17690,0.9203808084047428
17691,0.919460887556762
17692,0.9195413864197738
17693,0.9196218048241518
17694,0.9197021428503146
17695,0.9197824005786002
17696,0.9198625780892662
17697,0.9199426754624903
17698,0.9200226927783699
17699,0.9201026301169223
17700,0.9201824875580847
17701,0.9202622651817148
17702,0.9203419630675902
17703,0.9204215812954087
17704,0.9205011199447887
17705,0.9205805790952687
17706,0.9206599588263079
17707,0.9207392592172862
17708,0.9208184803475038
17709,0.920897622296182
17710,0.9209766851424627
17711,0.9210556689654087
17712,0.921134573844004
17713,0.9212133998571534
17714,0.921292147083683
17715,0.92137081560234
17716,0.921449405491793
17717,0.9215279168306317
17718,0.9216063496973678
17719,0.9216847041704339
17720,0.9217629803281846
17721,0.9218411782488961
17722,0.9219192980107663
17723,0.921997339691915
17724,0.9220753033703838
17725,0.9221531891241366
17726,0.9222309970310589
17727,0.922308727168959
17728,0.9223863796155667
17729,0.9224639544485347
17730,0.9225414517454377
17731,0.9226188715837731
17732,0.9226962140409607
17733,0.922773479194343
17734,0.9228506671211852
17735,0.9229277778986753
17736,0.923004811603924
17737,0.923081768313965
17738,0.9231586481057552
17739,0.9232354510561742
17740,0.9233121772420251
17741,0.9233888267400341
17742,0.9234653996268506
17743,0.9235418959790477
17744,0.9236183158731216
17745,0.9236946593854923
17746,0.9237709265925034
17747,0.9238471175704219
17748,0.9239232323954389
17749,0.9239992711436694
17750,0.924075233891152
17751,0.9241511207138495
17752,0.9242269316876488
17753,0.9243026668883608
17754,0.9243783263917208
17755,0.9244539102733882
17756,0.924529418608947
17757,0.9246048514739056
17758,0.9246802089436967
17759,0.924755491093678
17760,0.9248306979991316
17761,0.9249058297352645
17762,0.9249808863772082
17763,0.9250558680000196
17764,0.9251307746786802
17765,0.9242061062382217
17766,0.9232823620041006
17767,0.9233590413024474
17768,0.9234356439598163
17769,0.9235121700528099
17770,0.9235886196579546
17771,0.9236649928516998
17772,0.9237412897104187
17773,0.9228180100605332
17774,0.9218956532288886
17775,0.9219737185430026
17776,0.9210522055809406
17777,0.9211311139211895
17778,0.9212099433925327
17779,0.9202891938239245
17780,0.9193693645447402
17781,0.9194499548850252
17782,0.9195304646752451
17783,0.9196108939959096
17784,0.9196912429274479
17785,0.918772011300334
17786,0.9188531986953362
17787,0.9189343049435168
17788,0.919015330125982
17789,0.9190962743237572
17790,0.9191771376177864
17791,0.919257920088933
17792,0.9193386218179795
17793,0.9194192428856277
17794,0.9185002831226236
17795,0.9185817421100072
17796,0.9186631196791126
17797,0.9187444159113174
17798,0.9188256308879178
17799,0.9189067646901288
17800,0.9189878173990842
17801,0.9190687890958368
17802,0.9191496798613582
17803,0.9192304897765392
17804,0.9193112189221898
17805,0.9193918673790392
17806,0.9194724352277358
17807,0.9195529225488475
17808,0.9196333294228616
17809,0.9197136559301851
17810,0.9197939021511444
17811,0.9198740681659858
17812,0.9199541540548754
17813,0.9200341598978989
17814,0.9201140857750625
17815,0.9201939317662918
17816,0.920273697951433
17817,0.9203533844102522
17818,0.9204329912224358
17819,0.9205125184675909
17820,0.9205919662252444
17821,0.9206713345748444
17822,0.9207506235957591
17823,0.9208298333672775
17824,0.9209089639686096
17825,0.9209880154788858
17826,0.9210669879771577
17827,0.921145881542398
17828,0.9212246962535
17829,0.9213034321892786
17830,0.9213820894284697
17831,0.9214606680497306
17832,0.9215391681316399
17833,0.9206180895028228
17834,0.9206974317422002
17835,0.9207766946789896
17836,0.9208558783924539
17837,0.9209349829617768
17838,0.9210140084660629
17839,0.9210929549843376
17840,0.9211718225955476
17841,0.9212506113785606
17842,0.9213293214121652
17843,0.9214079527750716
17844,0.921486505545911
17845,0.9215649798032365
17846,0.9216433756255221
17847,0.9217216930911638
17848,0.921799932278479
17849,0.9218780932657069
17850,0.9219561761310086
17851,0.9220341809524668
17852,0.9221121078080865
17853,0.9221899567757945
17854,0.9212682276835649
17855,0.9213469201096682
17856,0.921425533882672
17857,0.9215040690811901
17858,0.9215825257837577
17859,0.9216609040688314
17860,0.9217392040147896
17861,0.9218174256999322
17862,0.921895569202481
17863,0.9219736346005795
17864,0.9220516219722931
17865,0.9221295313956092
17866,0.9222073629484371
17867,0.9222851167086086
17868,0.9223627927538773
17869,0.9224403911619194
17870,0.9225179120103333
17871,0.9225953553766398
17872,0.9226727213382824
17873,0.9227500099726269
17874,0.9218277211070871
17875,0.9219058543193739
17876,0.9219839094374954
17877,0.9220618865395069
17878,0.9221397857033855
17879,0.9212181067571552
17880,0.921296849279137
17881,0.9203760128480735
17882,0.9204555970431278
17883,0.9205351016937594
17884,0.9206145268794728
17885,0.9206938726796932
17886,0.9207731391737665
17887,0.919852826191084
17888,0.9199329333113327
17889,0.9200129603644949
17890,0.9200929074305974
17891,0.9201727745895872
17892,0.9202525619213318
17893,0.9203322695056183
17894,0.9204118974221545
17895,0.9204914457505681
17896,0.9205709145704076
17897,0.9206503039611419
17898,0.9207296140021602
17899,0.9208088447727728
17900,0.9208879963522103
17901,0.9209670688196244
17902,0.9210460622540876
17903,0.9211249767345933
17904,0.9212038123400559
17905,0.9212825691493112
17906,0.921361247241116
17907,0.9214398466941484
17908,0.9215183675870078
17909,0.9215968099982151
17910,0.9216751740062129
17911,0.9217534596893651
17912,0.9218316671259574
17913,0.9219097963941973
17914,0.9219878475722142
17915,0.9220658207380591
17916,0.9221437159697052
17917,0.9222215333450479
17918,0.9222992729419044
17919,0.9223769348380144
17920,0.9224545191110399
17921,0.9225320258385651
17922,0.9226094550980968
17923,0.9226868069670642
17924,0.9217645812729441
17925,0.921842777593511
17926,0.9219208957568358
17927,0.9219989358410369
17928,0.9220768979241543
17929,0.9221547820841501
17930,0.9222325883989086
17931,0.9223103169462361
17932,0.922387967803861
17933,0.9224655410494343
17934,0.9225430367605294
17935,0.9226204550146418
17936,0.9216982956393149
17937,0.9217765582123891
17938,0.921854742562002
17939,0.9219328487663377
17940,0.9220108769035028
17941,0.9220888270515253
17942,0.9221666992883554
17943,0.9222444936918652
17944,0.9223222103398494
17945,0.9223998493100245
17946,0.9224774106800294
17947,0.9225548945274257
17948,0.9226323009296971
17949,0.9227096299642501
17950,0.9227868817084137
17951,0.9228640562394398
17952,0.9229411536345028
17953,0.9230181739707002
17954,0.9230951173250523
17955,0.9231719837745026
17956,0.9232487733959174
17957,0.9233254862660863
17958,0.9234021224617225
17959,0.9234786820594619
17960,0.9235551651358642
17961,0.9236315717674126
17962,0.9237079020305137
17963,0.9237841560014977
17964,0.9238603337566186
17965,0.9239364353720543
17966,0.9240124609239063
17967,0.9240884104882002
17968,0.9241642841408857
17969,0.9242400819578364
17970,0.923316303764975
17971,0.9233929491385232
17972,0.9234695179050014
17973,0.9235460101409785
17974,0.9236224259229465
17975,0.9236987653273214
17976,0.9237750284304426
17977,0.9238512153085731
17978,0.9239273260378998
17979,0.9240033606945336
17980,0.924079319354509
17981,0.9241552020937849
17982,0.9242310089882438
17983,0.9243067401136928
17984,0.923382895295988
17985,0.9234594741112844
17986,0.9235359763860357
17987,0.9236124021967443
17988,0.9236887516198361
17989,0.9237650247316603
17990,0.9238412216084902
17991,0.9239173423265228
17992,0.9239933869618786
17993,0.9240693555906023
17994,0.9241452482886627
17995,0.9242210651319525
17996,0.9242968061962883
17997,0.9243724715574114
17998,0.9244480612909872
17999,0.9245235754726054
18000,0.9245990141777802
18001,0.9246743774819504
18002,0.9247496654604791
18003,0.9238253779387795
18004,0.9239015144925639
18005,0.9239775749478436
18006,0.9240535593806793
18007,0.9241294678670555
18008,0.9242053004828805
18009,0.9242810573039871
18010,0.923357238156257
18011,0.9234338426158709
18012,0.9235103705093083
18013,0.923586821913097
18014,0.9236631969036887
18015,0.9237394955574582
18016,0.923815717950704
18017,0.9238918641596489
18018,0.9239679342604388
18019,0.924043928329144
18020,0.9241198464417585
18021,0.9241956886742005
18022,0.9242714551023122
18023,0.9243471458018602
18024,0.9244227608485349
18025,0.9244983003179517
18026,0.9245737642856499
18027,0.9246491528270935
18028,0.9247244660176711
18029,0.924799703932696
18030,0.9248748666474059
18031,0.9249499542369637
18032,0.925024966776457
18033,0.9250999043408983
18034,0.9251747670052253
18035,0.9252495548443005
18036,0.9253242679329119
18037,0.9253989063457726
18038,0.9254734701575209
18039,0.9245484591928458
18040,0.924623873026736
18041,0.9246992114844804
18042,0.9247744746414175
18043,0.9248496625728104
18044,0.9249247753538471
18045,0.9249998130596403
18046,0.9240752755153528
18047,0.9241511622964469
18048,0.9242269732286843
18049,0.924302708387876
18050,0.9243783678497571
18051,0.9244539516899872
18052,0.9245294599841501
18053,0.9246048928077542
18054,0.9246802502362321
18055,0.9247555323449416
18056,0.9248307392091645
18057,0.9249058709041078
18058,0.9249809275049033
18059,0.9250559090866076
18060,0.9251308157242022
18061,0.9252056474925938
18062,0.9252804044666142
18063,0.9253550867210204
18064,0.9254296943304946
18065,0.9255042273696445
18066,0.9255786859130032
18067,0.9256530700350292
18068,0.9257273798101066
18069,0.9258016153125452
18070,0.9258757766165807
18071,0.9259498637963742
18072,0.9260238769260131
18073,0.9260978160795102
18074,0.9261716813308051
18075,0.9252459725038877
18076,0.9253206891730492
18077,0.9253953311628812
18078,0.9244703982981507
18079,0.9245458901539246
18080,0.9246213065555698
18081,0.9246966475785028
18082,0.9247719132980645
18083,0.9238476035396457
18084,0.9229242176290613
18085,0.9230012548928004
18086,0.9230782151577751
18087,0.9231550985009458
18088,0.9232319049991957
18089,0.9233086347293314
18090,0.9233852877680827
18091,0.9234618641921026
18092,0.9235383640779676
18093,0.9236147875021775
18094,0.9236911345411558
18095,0.9237674052712496
18096,0.9228440995188545
18097,0.9229212168606648
18098,0.9229982571236726
18099,0.9230752203849183
18100,0.9231521067213652
18101,0.9232289162098996
18102,0.9233056489273309
18103,0.9233823049503921
18104,0.923458884355739
18105,0.9235353872199511
18106,0.9236118136195314
18107,0.9236881636309061
18108,0.9237644373304255
18109,0.9238406347943631
18110,0.9229172558490414
18111,0.9229943000710813
18112,0.9230712672874021
18113,0.9221486573250959
18114,0.9222264697615525
18115,0.9213047041745844
18116,0.921383360142426
18117,0.9214619374936079
18118,0.9215404363067078
18119,0.9216188566602244
18120,0.9216971986325779
18121,0.9217754623021106
18122,0.921853647747086
18123,0.9219317550456896
18124,0.9220097842760288
18125,0.9220877355161327
18126,0.9221656088439526
18127,0.922243404337362
18128,0.9223211220741562
18129,0.9223987621320531
18130,0.9224763245886927
18131,0.9225538095216375
18132,0.9226312170083725
18133,0.9227085471263051
18134,0.9227857999527656
18135,0.9228629755650066
18136,0.921940573790329
18137,0.9220185942063307
18138,0.9220965366409071
18139,0.9221744011720007
18140,0.922252187877476
18141,0.9223298968351197
18142,0.9224075281226408
18143,0.9224850818176706
18144,0.9225625579977629
18145,0.9226399567403938
18146,0.9227172781229621
18147,0.9227945222227892
18148,0.9228716891171193
18149,0.9229487788831191
18150,0.9230257915978786
18151,0.9231027273384104
18152,0.9231795861816503
18153,0.9232563682044572
18154,0.9233330734836132
18155,0.9234097020958234
18156,0.9234862541177167
18157,0.9235627296258448
18158,0.9236391286966836
18159,0.923715451406632
18160,0.9237916978320126
18161,0.9238678680490721
18162,0.9239439621339806
18163,0.9230204799129571
18164,0.9230974209625193
18165,0.9231742851094833
18166,0.9232510724307132
18167,0.9233277830029963
18168,0.9234044169030433
18169,0.9234809742074881
18170,0.9235574549928879
18171,0.9236338593357236
18172,0.9237101873123995
18173,0.9237864389992437
18174,0.9238626144725078
18175,0.9239387138083675
18176,0.9240147370829218
18177,0.9240906843721942
18178,0.924166555752132
18179,0.9232428510487316
18180,0.9233195698382881
18181,0.9233962119473953
18182,0.9234727774526953
18183,0.9235492664307535
18184,0.9236256789580591
18185,0.9237020151110246
18186,0.9237782749659861
18187,0.9238544585992035
18188,0.9239305660868604
18189,0.9240065975050644
18190,0.924082552929847
18191,0.9241584324371634
18192,0.9242342361028935
18193,0.9243099640028406
18194,0.9243856162127329
18195,0.9244611928082224
18196,0.9245366938648858
18197,0.9246121194582242
18198,0.9236879694137882
18199,0.9237642433074276
18200,0.9238404409652912
18201,0.9239165624635768
18202,0.9239926078784058
18203,0.9240685772858236
18204,0.9241444707617997
18205,0.9242202883822277
18206,0.9242960302229252
18207,0.9243716963596339
18208,0.92444728686802
18209,0.9245228018236742
18210,0.9245982413021113
18211,0.9246736053787709
18212,0.924748894129017
18213,0.9248241076281384
18214,0.9248992459513486
18215,0.9249743091737861
18216,0.9250492973705139
18217,0.9251242106165204
18218,0.9251990489867188
18219,0.9252738125559474
18220,0.92534850139897
18221,0.9254231155904752
18222,0.9254976552050774
18223,0.9255721203173163
18224,0.9256465110016568
18225,0.9257208273324897
18226,0.9257950693841314
18227,0.9258692372308239
18228,0.9259433309467352
18229,0.9250178503560837
18230,0.925092795033389
18231,0.9251676648034706
18232,0.9252424597411982
18233,0.925317179921367
18234,0.9253918254186969
18235,0.9254663963078337
18236,0.925540892663348
18237,0.9256153145597366
18238,0.925689662071421
18239,0.9257639352727489
18240,0.9258381342379935
18241,0.9259122590413539
18242,0.9259863097569547
18243,0.9260602864588469
18244,0.926134189221007
18245,0.9262080181173378
18246,0.9262817732216683
18247,0.9263554546077536
18248,0.926429062349275
18249,0.9265025965198405
18250,0.9265760571929841
18251,0.9266494444421665
18252,0.926722758340775
18253,0.9267959989621235
18254,0.9268691663794527
18255,0.92694226066593
18256,0.9270152818946497
18257,0.9270882301386331
18258,0.9271611054708283
18259,0.9272339079641109
18260,0.9273066376912832
18261,0.927379294725075
18262,0.9274518791381433
18263,0.9275243910030727
18264,0.927596830392375
18265,0.9276691973784895
18266,0.9277414920337834
18267,0.9278137144305513
18268,0.9278858646410155
18269,0.9279579427373263
18270,0.9280299487915619
18271,0.9281018828757283
18272,0.9271742448118845
18273,0.9272470341723923
18274,0.9273197507799161
18275,0.9273923947071726
18276,0.9274649660268056
18277,0.9275374648113865
18278,0.9276098911334142
18279,0.9276822450653148
18280,0.9277545266794425
18281,0.9278267360480787
18282,0.927898873243433
18283,0.9279709383376424
18284,0.9280429314027723
18285,0.9281148525108155
18286,0.9271872014838182
18287,0.9272599778941292
18288,0.9273326815643999
18289,0.9274053125673339
18290,0.9274778709755624
18291,0.9265508566117688
18292,0.9266242690489385
18293,0.9266976081103588
18294,0.926770873869369
18295,0.9268440663992347
18296,0.9269171857731485
18297,0.9269902320642298
18298,0.9270632053455249
18299,0.9271361056900072
18300,0.9272089331705768
18301,0.9262821876101864
18302,0.9263558685820903
18303,0.9264294759098444
18304,0.9265030096670559
18305,0.9265764699272587
18306,0.9266498567639131
18307,0.926723170250406
18308,0.9267964104600507
18309,0.9268695774660876
18310,0.9269426713416836
18311,0.9270156921599328
18312,0.9270886399938559
18313,0.9271615149164008
18314,0.9272343170004423
18315,0.9273070463187827
18316,0.9273797029441512
18317,0.9274522869492045
18318,0.9265252981566515
18319,0.9265987361395035
18320,0.9266721007210732
18321,0.9267453919747253
18322,0.926818609973751
18323,0.9268917547913684
18324,0.9269648265007224
18325,0.9270378251748846
18326,0.9271107508868538
18327,0.9271836037095555
18328,0.9272563837158428
18329,0.9273290909784957
18330,0.9274017255702214
18331,0.9274742875636545
18332,0.9275467770313569
18333,0.9276191940458183
18334,0.9276915386794556
18335,0.9277638110046136
18336,0.9278360110935645
18337,0.9279081390185084
18338,0.9279801948515733
18339,0.9280521786648152
18340,0.9281240905302176
18341,0.9281959305196926
18342,0.9282676987050802
18343,0.9283393951581486
18344,0.9284110199505942
18345,0.9284825731540418
18346,0.9285540548400447
18347,0.9286254650800847
18348,0.9286968039455719
18349,0.9287680715078451
18350,0.9288392678381722
18351,0.9289103930077492
18352,0.9289814470877015
18353,0.9290524301490831
18354,0.9291233422628772
18355,0.9291941834999957
18356,0.9292649539312801
18357,0.9293356536275007
18358,0.9294062826593573
18359,0.9294768410974789
18360,0.9295473290124239
18361,0.9296177464746803
18362,0.9296880935546656
18363,0.9297583703227269
18364,0.929828576849141
18365,0.9298987132041143
18366,0.9299687794577833
18367,0.9300387756802143
18368,0.9301087019414035
18369,0.9301785583112772
18370,0.9302483448596917
18371,0.9303180616564336
18372,0.9303877087712198
18373,0.9304572862736973
18374,0.9305267942334438
18375,0.930596232719967
18376,0.9306656018027057
18377,0.9307349015510289
18378,0.9308041320342363
18379,0.9308732933215584
18380,0.9309423854821566
18381,0.931011408585123
18382,0.9310803626994807
18383,0.9301497476443088
18384,0.9292200627391171
18385,0.9292908073040954
18386,0.9293614811598634
18387,0.9294320843770949
18388,0.9295026170263931
18389,0.9295730791782908
18390,0.9296434709032501
18391,0.9297137922716626
18392,0.9297840433538499
18393,0.9298542242200629
18394,0.9299243349404827
18395,0.9299943755852198
18396,0.930064346224315
18397,0.9301342469277389
18398,0.9302040777653924
18399,0.9292743385572311
18400,0.9293450288735157
18401,0.9294156485348115
18402,0.9294861976117382
18403,0.9295566761748449
18404,0.9296270842946102
18405,0.9296974220414421
18406,0.9297676894856786
18407,0.9298378866975869
18408,0.9299080137473644
18409,0.9299780707051382
18410,0.9300480576409651
18411,0.9301179746248321
18412,0.9301878217266564
18413,0.9302575990162849
18414,0.930327306563495
18415,0.9293974441881192
18416,0.929468011460295
18417,0.9295385082004646
18418,0.9296089344791247
18419,0.9296792903667018
18420,0.9297495759335517
18421,0.92981979124996
18422,0.9298899363861419
18423,0.9299600114122427
18424,0.9290305161484623
18425,0.9291014501653054
18426,0.929172313283581
18427,0.9292431055741521
18428,0.9293138271078112
18429,0.9293844779552797
18430,0.9294550581872084
18431,0.9295255678741777
18432,0.9295960070866973
18433,0.9296663758952064
18434,0.9297366743700738
18435,0.9298069025815979
18436,0.9298770606000071
18437,0.9299471484954593
18438,0.9300171663380425
18439,0.9300871141977747
18440,0.9301569921446035
18441,0.930226800248407
18442,0.9302965385789933
18443,0.9303662072061007
18444,0.930435806199398
18445,0.9305053356284841
18446,0.9305747955628885
18447,0.930644186072071
18448,0.9307135072254222
18449,0.9307827590922634
18450,0.9298524414919713
18451,0.9299225539942282
18452,0.9299925964190215
18453,0.9300625688363938
18454,0.9301324713163175
18455,0.930202303928695
18456,0.9302720667433589
18457,0.9303417598300722
18458,0.9304113832585279
18459,0.9304809370983494
18460,0.9305504214190907
18461,0.930619836290236
18462,0.9306891817812003
18463,0.929758957711454
18464,0.9298291636507728
18465,0.9298992994192379
18466,0.9299693650869848
18467,0.9300393607240792
18468,0.9291097861506419
18469,0.929180640937098
18470,0.9292514249041773
18471,0.929322138122664
18472,0.929392780663271
18473,0.929463352596641
18474,0.9295338539933461
18475,0.9296042849238875
18476,0.9296746454586962
18477,0.9297449356681328
18478,0.9288156553726125
18479,0.9288868041428547
18480,0.9289578817998834
18481,0.929028888414776
18482,0.9290998240585394
18483,0.9291706888021091
18484,0.9292414827163499
18485,0.9293122058720557
18486,0.9293828583399496
18487,0.9294534401906843
18488,0.9295239514948416
18489,0.9295943923229327
18490,0.9296647627453986
18491,0.9297350628326095
18492,0.9298052926548658
18493,0.9298754522823971
18494,0.9299455417853633
18495,0.9300155612338536
18496,0.9300855106978878
18497,0.9301553902474151
18498,0.9302251999523152
18499,0.9302949398823979
18500,0.930364610107403
18501,0.9304342106970008
18502,0.930503741720792
18503,0.9305732032483074
18504,0.9306425953490087
18505,0.930711918092288
18506,0.9307811715474682
18507,0.9308503557838026
18508,0.9309194708704754
18509,0.9299890166267268
18510,0.9300589926221025
18511,0.9301288986764532
18512,0.9301987348596852
18513,0.9302685012416345
18514,0.9303381978920676
18515,0.9304078248806813
18516,0.9304773822771024
18517,0.9305468701508884
18518,0.9306162885715272
18519,0.9306856376084373
18520,0.9307549173309676
18521,0.930824127808398
18522,0.9308932691099387
18523,0.9309623413047314
18524,0.9310313444618481
18525,0.931100278650292
18526,0.9311691439389973
18527,0.9312379403968294
18528,0.9313066680925847
18529,0.9313753270949908
18530,0.9314439174727069
18531,0.9315124392943234
18532,0.9315808926283621
18533,0.9306497772934013
18534,0.9307190928583254
18535,0.9307883391423251
18536,0.9308575162146465
18537,0.9309266241444669
18538,0.9309956630008942
18539,0.9310646328529673
18540,0.9311335337696559
18541,0.9312023658198612
18542,0.931271129072415
18543,0.9313398235960808
18544,0.931408449459553
18545,0.9314770067314575
18546,0.9315454954803516
18547,0.9316139157747241
18548,0.9316822676829952
18549,0.9317505512735169
18550,0.9318187666145729
18551,0.9318869137743784
18552,0.9319549928210806
18553,0.9320230038227587
18554,0.9320909468474237
18555,0.9321588219630185
18556,0.9322266292374183
18557,0.9322943687384303
18558,0.9313625402839192
18559,0.9314311434420562
18560,0.9314996780313195
18561,0.9315681441202437
18562,0.9316365417772949
18563,0.9307053708209958
18564,0.9307746308201752
18565,0.9308438215939682
18566,0.9309129432115654
18567,0.9309819957420885
18568,0.9310509792545901
18569,0.9311198938180538
18570,0.9311887395013941
18571,0.9312575163734567
18572,0.9313262245030184
18573,0.9313948639587875
18574,0.9314634348094034
18575,0.931531937123437
18576,0.9316003709693905
18577,0.930669236165823
18578,0.9307385322815993
18579,0.9308077591358905
18580,0.9298774165480486
18581,0.9299475040877306
18582,0.9300175215748994
18583,0.9300874690795722
18584,0.9301573466716966
18585,0.9302271544211501
18586,0.9302968923977407
18587,0.9303665606712063
18588,0.930436159311215
18589,0.9305056883873657
18590,0.9305751479691874
18591,0.9306445381261397
18592,0.9307138589276128
18593,0.9307831104429276
18594,0.9298527924914605
18595,0.9299229046428933
18596,0.9299929467172132
18597,0.9300629187844623
18598,0.9301328209146128
18599,0.9302026531775667
18600,0.9302724156431563
18601,0.9303421083811442
18602,0.930411731461223
18603,0.9304812849530159
18604,0.9305507689260764
18605,0.9306201834498884
18606,0.9306895285938666
18607,0.9307588044273559
18608,0.9308280110196324
18609,0.9308971484399027
18610,0.9309662167573041
18611,0.931035216040905
18612,0.9311041463597047
18613,0.9311730077826336
18614,0.931241800378553
18615,0.9313105242162556
18616,0.9313791793644652
18617,0.9314477658918371
18618,0.9315162838669577
18619,0.9315847333583451
18620,0.9306536141845737
18621,0.9307229259145242
18622,0.9307921683673832
18623,0.9308613416123933
18624,0.9309304457187277
18625,0.9309994807554907
18626,0.9310684467917171
18627,0.931137343896373
18628,0.9312061721383557
18629,0.9312749315864932
18630,0.9313436223095451
18631,0.9314122443762023
18632,0.9314807978550866
18633,0.9315492828147517
18634,0.9316176993236824
18635,0.9316860474502955
18636,0.9307548270130638
18637,0.9308240375807668
18638,0.9308931789724901
18639,0.9309622512573752
18640,0.9310312545044943
18641,0.9311001887828506
18642,0.9311690541613785
18643,0.9312378507089434
18644,0.9313065784943417
18645,0.9313752375863014
18646,0.9314438280534815
18647,0.9315123499644725
18648,0.9315808033877964
18649,0.9316491883919065
18650,0.9317175050451879
18651,0.9317857534159574
18652,0.9318539335724632
18653,0.9319220455828855
18654,0.9319900895153364
18655,0.9320580654378597
18656,0.9321259734184316
18657,0.9321938135249599
18658,0.9322615858252847
18659,0.9323292903871785
18660,0.9323969272783458
18661,0.9324644965664234
18662,0.9325319983189807
18663,0.9325994326035194
18664,0.9316672992375988
18665,0.9317355977890855
18666,0.9318038280761529
18667,0.9318719901670314
18668,0.9319400841298829
18669,0.9320081100328016
18670,0.9320760679438133
18671,0.9321439579308759
18672,0.9322117800618795
18673,0.9322795344046463
18674,0.9323472210269305
18675,0.9324148399964188
18676,0.9324823913807303
18677,0.9325498752474163
18678,0.9326172916639606
18679,0.9326846406977797
18680,0.9327519224162226
18681,0.9328191368865713
18682,0.9318867839261649
18683,0.9309553628527754
18684,0.9310243729848565
18685,0.9300938138914184
18686,0.9301636851419017
18687,0.9302334865560528
18688,0.9303032182036729
18689,0.9303728801544938
18690,0.9304424724781775
18691,0.9305119952443163
18692,0.9305814485224329
18693,0.9306508323819807
18694,0.9307201468923435
18695,0.9297898918729609
18696,0.9298600668935776
18697,0.9299301717742436
18698,0.930000206585064
18699,0.9300701713960734
18700,0.9301400662772368
18701,0.9302098912984489
18702,0.9302796465295349
18703,0.9303493320402499
18704,0.9304189479002797
18705,0.93048849417924
18706,0.930557970946677
18707,0.9296278780221926
18708,0.9296982149756936
18709,0.929768481627392
18710,0.9298386780475545
18711,0.9289093040565025
18712,0.9289803592248619
18713,0.9290513433735627
18714,0.929122256573589
18715,0.9291930988958543
18716,0.9292638704112008
18717,0.9293345711904001
18718,0.9284057010542778
18719,0.9284772595739637
18720,0.9285487465708913
18721,0.9286201621165475
18722,0.9286915062823481
18723,0.9287627791396371
18724,0.9288339807596875
18725,0.9289051112137008
18726,0.9289761705728076
18727,0.9290471589080671
18728,0.9291180762904678
18729,0.9281894225410521
18730,0.928261197231166
18731,0.9283329001824592
18732,0.9284045314666346
18733,0.9284760911553236
18734,0.9285475793200859
18735,0.9286189960324097
18736,0.9286903413637116
18737,0.9287616153853371
18738,0.9288328181685601
18739,0.9279044495347085
18740,0.9279765090554135
18741,0.9280484965526095
18742,0.928120412098284
18743,0.9281922557643527
18744,0.9282640276226592
18745,0.9283357277449754
18746,0.9284073562030014
18747,0.9284789130683657
18748,0.9285503984126252
18749,0.9286218123072653
18750,0.9286931548236997
18751,0.9287644260332713
18752,0.928835626007251
18753,0.9289067548168389
18754,0.9289778125331639
18755,0.9290487992272837
18756,0.929119714970185
18757,0.9281910595829085
18758,0.9282628326367987
18759,0.9283345339535035
18760,0.9284061636047244
18761,0.928477721662091
18762,0.9285492081971614
18763,0.928620623281422
18764,0.9286919669862882
18765,0.9287632393831035
18766,0.9288344405431403
18767,0.9289055705376
18768,0.9289766294376124
18769,0.9290476173142365
18770,0.9291185342384601
18771,0.9291893802812003
18772,0.9292601555133031
18773,0.9293308600055437
18774,0.9294014938286266
18775,0.9294720570531857
18776,0.9295425497497842
18777,0.9296129719889149
18778,0.9296833238409999
18779,0.9297536053763913
18780,0.9298238166653704
18781,0.9298939577781486
18782,0.9299640287848672
18783,0.9300340297555969
18784,0.930103960760339
18785,0.9301738218690243
18786,0.930243613151514
18787,0.9303133346775995
18788,0.9303829865170021
18789,0.930452568739374
18790,0.9295225811644221
18791,0.9295930233621588
18792,0.9296633951529012
18793,0.9297336966070212
18794,0.9298039277948202
18795,0.9298740887865296
18796,0.9299441796523101
18797,0.9300142004622528
18798,0.9300841512863784
18799,0.930154032194638
18800,0.9302238432569122
18801,0.9302935845430123
18802,0.9303632561226794
18803,0.9304328580655853
18804,0.9305023904413319
18805,0.9305718533194515
18806,0.9306412467694071
18807,0.9307105708605921
18808,0.9307798256623306
18809,0.9308490112438775
18810,0.9309181276744184
18811,0.9309871750230696
18812,0.9310561533588786
18813,0.9311250627508237
18814,0.9311939032678144
18815,0.9312626749786911
18816,0.9313313779522256
18817,0.931400012257121
18818,0.9314685779620114
18819,0.9315370751354627
18820,0.931605503845972
18821,0.931673864161968
18822,0.9317421561518111
18823,0.9318103798837933
18824,0.9318785354261384
18825,0.9319466228470018
18826,0.9320146422144711
18827,0.9320825935965655
18828,0.9321504770612367
18829,0.9322182926763679
18830,0.9322860405097748
18831,0.9323537206292053
18832,0.9324213331023395
18833,0.93248887799679
18834,0.9325563553801016
18835,0.9326237653197517
18836,0.9326911078831502
18837,0.9327583831376398
18838,0.9328255911504958
18839,0.9328927319889261
18840,0.9329598057200715
18841,0.933026812411006
18842,0.9330937521287361
18843,0.9331606249402017
18844,0.9332274309122754
18845,0.9322946698618884
18846,0.9323623413562793
18847,0.9324299452129946
18848,0.9324974814996383
18849,0.9315654500338716
18850,0.9316338503836629
18851,0.9317021823672874
18852,0.9317704460530772
18853,0.9318386415092961
18854,0.9319067688041394
18855,0.9319748280057344
18856,0.9320428191821405
18857,0.9321107424013487
18858,0.9321785977312824
18859,0.9322463852397969
18860,0.9323141049946796
18861,0.9323817570636505
18862,0.9324493415143614
18863,0.932516858414397
18864,0.9325843078312742
18865,0.9326516898324424
18866,0.9327190044852836
18867,0.9327862518571124
18868,0.9328534320151762
18869,0.9329205450266553
18870,0.9319880907087876
18871,0.9320560686291187
18872,0.9321239786055014
18873,0.9321918207058457
18874,0.9322595949979938
18875,0.93232730154972
18876,0.9323949404287307
18877,0.932462511702665
18878,0.9325300154390942
18879,0.9325974517055219
18880,0.9326648205693844
18881,0.9327321220980507
18882,0.9327993563588223
18883,0.9328665234189334
18884,0.9329336233455512
18885,0.9330006562057755
18886,0.9330676220666393
18887,0.9331345209951084
18888,0.9332013530580818
18889,0.9332681183223915
18890,0.9333348168548029
18891,0.9334014487220145
18892,0.9334680139906582
18893,0.9325350124774241
18894,0.9326024437493108
18895,0.9326698076236243
18896,0.9327371041677286
18897,0.9328043334489202
18898,0.9318719952845534
18899,0.93194008924229
18900,0.9320081151400988
18901,0.9320760730460058
18902,0.9321439630279689
18903,0.9322117851538779
18904,0.9322795394915552
18905,0.932347226108755
18906,0.932414845073164
18907,0.9324823964524012
18908,0.932549880314018
18909,0.9326172967254982
18910,0.9316851455043833
18911,0.9317534262185219
18912,0.9318216386860696
18913,0.931889782975239
18914,0.9319578591541743
18915,0.9320258672909517
18916,0.9320938074535795
18917,0.9321616797099977
18918,0.9322294841280787
18919,0.9312977205257518
18920,0.9313663884712533
18921,0.9314349877831262
18922,0.9315035185299696
18923,0.9315719807803144
18924,0.931640374602623
18925,0.9317087000652889
18926,0.931776957236638
18927,0.9318451461849272
18928,0.9319132669783455
18929,0.9319813196850139
18930,0.9320493043729848
18931,0.9321172211102432
18932,0.9321850699647057
18933,0.9322528510042213
18934,0.9323205642965708
18935,0.9323882099094678
18936,0.9324557879105578
18937,0.9325232983674189
18938,0.9325907413475614
18939,0.9326581169184284
18940,0.9327254251473954
18941,0.9327926661017708
18942,0.9328598398487955
18943,0.9329269464556433
18944,0.9329939859894208
18945,0.9330609585171675
18946,0.933127864105856
18947,0.9331947028223919
18948,0.9332614747336139
18949,0.9333281799062939
18950,0.9333948184071372
18951,0.9334613903027823
18952,0.933527895659801
18953,0.9335943345446988
18954,0.9336607070239145
18955,0.9337270131638206
18956,0.9337932530307232
18957,0.9338594266908624
18958,0.9339255342104118
18959,0.9339915756554789
18960,0.9340575510921051
18961,0.9341234605862659
18962,0.9341893042038709
18963,0.9342550820107636
18964,0.9343207940727218
18965,0.9343864404554577
18966,0.9344520212246177
18967,0.9345175364457825
18968,0.9345829861844673
18969,0.934648370506122
18970,0.9347136894761309
18971,0.9337794429099379
18972,0.9338456303732963
18973,0.9339117516822685
18974,0.9339778069029758
18975,0.9340437961014736
18976,0.934109719343751
18977,0.9341755766957313
18978,0.9342413682232718
18979,0.934307093992164
18980,0.9343727540681339
18981,0.9344383485168414
18982,0.934503877403881
18983,0.9345693407947816
18984,0.9346347387550067
18985,0.9347000713499543
18986,0.9347653386449568
18987,0.9348305407052817
18988,0.934895677596131
18989,0.9349607493826416
18990,0.9350257561298854
18991,0.934091197652994
18992,0.9341570735174087
18993,0.9342228835388806
18994,0.9342886277832195
18995,0.9343543063161698
18996,0.9344199192034099
18997,0.934485466510553
18998,0.9345509483031461
18999,0.9346163646466712
19000,0.9346817156065446
19001,0.9347470012481173
19002,0.9338127213867998
19003,0.9328793753384372
19004,0.9329464624195583
19005,0.9320139821972498
19006,0.9320819342390317
19007,0.9321498183627308
19008,0.9322176346362313
19009,0.9322853831273495
19010,0.932353063903834
19011,0.9324206770333654
19012,0.9324882225835569
19013,0.9325557006219541
19014,0.9326231112160351
19015,0.9326904544332105
19016,0.9317582300909485
19017,0.9318264377570245
19018,0.9318945772495212
19019,0.9319626486365782
19020,0.9310311517363917
19021,0.9311000861174648
19022,0.9311689515986067
19023,0.931237748248683
19024,0.9313064761364904
19025,0.9313751353307568
19026,0.9314437259001414
19027,0.9315122479132346
19028,0.9315807014385588
19029,0.9316490865445672
19030,0.9317174032996451
19031,0.9317856517721093
19032,0.9318538320302081
19033,0.9319219441421219
19034,0.9319899881759629
19035,0.932057964199775
19036,0.9321258722815344
19037,0.9321937124891491
19038,0.9312619846405842
19039,0.9313306883041118
19040,0.9313993232983105
19041,0.9314678896918155
19042,0.930536887303318
19043,0.9306063157018154
19044,0.9306756747066112
19045,0.9307449643870643
19046,0.9308141848124646
19047,0.9308833360520323
19048,0.9309524181749188
19049,0.9310214312502062
19050,0.9310903753469076
19051,0.9311592505339672
19052,0.9312280568802601
19053,0.9302972942047176
19054,0.930366962076577
19055,0.930436560315381
19056,0.930506088990728
19057,0.9295760479222714
19058,0.9296464366799703
19059,0.9297167550840882
19060,0.9297870032049437
19061,0.9298571811127848
19062,0.9299272888777895
19063,0.9299973265700656
19064,0.9300672942596507
19065,0.9301371920165127
19066,0.9302070199105491
19067,0.930276778011588
19068,0.9303464663893876
19069,0.930416085113636
19070,0.9304856342539523
19071,0.9305551138798853
19072,0.9306245240609149
19073,0.9306938648664512
19074,0.9307631363658351
19075,0.930832338628338
19076,0.9309014717231623
19077,0.930970535719441
19078,0.9310395306862381
19079,0.9311084566925487
19080,0.9311773138072987
19081,0.9302466018494704
19082,0.9303163203883514
19083,0.9303859692435354
19084,0.9304555484846714
19085,0.9305250581813383
19086,0.9305944984030462
19087,0.930663869219235
19088,0.9307331706992757
19089,0.9308024029124699
19090,0.9308715659280495
19091,0.9309406598151779
19092,0.9310096846429489
19093,0.9310786404803872
19094,0.9311475273964488
19095,0.9312163454600205
19096,0.9312850947399206
19097,0.9313537753048982
19098,0.9314223872236339
19099,0.9314909305647397
19100,0.931559405396759
19101,0.9316278117881664
19102,0.9306966495574936
19103,0.9307659182735781
19104,0.9308351177555636
19105,0.9309042480726495
19106,0.9309733092939662
19107,0.9310423014885749
19108,0.9311112247254679
19109,0.9311800790735684
19110,0.9312488646017307
19111,0.9313175813787405
19112,0.9313862294733145
19113,0.9314548089541008
19114,0.931523319889679
19115,0.9315917623485599
19116,0.931660136399186
19117,0.9317284421099314
19118,0.931796679549102
19119,0.9318648487849349
19120,0.9319329498855996
19121,0.9320009829191972
19122,0.9320689479537607
19123,0.9321368450572552
19124,0.9312051740477028
19125,0.9312739344934322
19126,0.931342626213079
19127,0.9314112492753347
19128,0.9314798037488227
19129,0.9315482897020972
19130,0.9316167072036444
19131,0.9316850563218817
19132,0.9317533371251582
19133,0.9318215496817547
19134,0.9318896940598839
19135,0.9319577703276901
19136,0.9320257785532496
19137,0.9320937188045707
19138,0.9321615911495936
19139,0.9312298954063157
19140,0.931298631143041
19141,0.9303677979285052
19142,0.930437395331875
19143,0.9305069231726227
19144,0.9305763815202763
19145,0.9306457704442941
19146,0.9307150900140649
19147,0.9307843402989084
19148,0.930853521368075
19149,0.9309226332907455
19150,0.9309916761360322
19151,0.9310606499729777
19152,0.9311295548705559
19153,0.9311983908976719
19154,0.9312671581231614
19155,0.9313358566157919
19156,0.9314044864442619
19157,0.9314730476772012
19158,0.9315415403831709
19159,0.931609964630664
19160,0.9316783204881046
19161,0.9307471077739736
19162,0.9308163260570581
19163,0.9308854751564514
19164,0.9309545551413025
19165,0.9310235660806916
19166,0.9310925080436294
19167,0.9311613810990581
19168,0.9312301853158507
19169,0.9312989207628113
19170,0.9313675875086755
19171,0.9314361856221102
19172,0.9315047151717133
19173,0.9315731762260144
19174,0.9306420686035997
19175,0.9307113918733612
19176,0.9307806458544973
19177,0.9308498306162619
19178,0.9299194459779648
19179,0.9299894915092213
19180,0.9300594670299517
19181,0.9291298723602566
19182,0.9292007070705411
19183,0.9292714709815151
19184,0.9293421641639423
19185,0.9294127866885161
19186,0.929483338625859
19187,0.9295538200465228
19188,0.929624231020989
19189,0.9296945716196687
19190,0.9297648419129024
19191,0.9298350419709605
19192,0.929905171864043
19193,0.9299752316622798
19194,0.9290457211858557
19195,0.9291166400052602
19196,0.9291874879412869
19197,0.9292582650647839
19198,0.9293289714465283
19199,0.9293996071572264
19200,0.9294701722675139
19201,0.9295406668479562
19202,0.9286115907191727
19203,0.928682943452087
19204,0.928754224867927
19205,0.9288254350379741
19206,0.9288965740334384
19207,0.928967641925459
19208,0.9280391385352287
19209,0.9271115631843689
19210,0.9261849149453041
19211,0.9262586931412607
19212,0.9263323975958921
19213,0.9264060283829028
19214,0.9264795855759234
19215,0.9265530692485111
19216,0.9266264794741498
19217,0.9266998163262495
19218,0.9267730798781474
19219,0.9268462702031067
19220,0.926919387374318
19221,0.9269924314648984
19222,0.927065402547892
19223,0.92713830069627
19224,0.9272111259829304
19225,0.9272838784806986
19226,0.926357058012452
19227,0.9264306641513701
19228,0.926504196720934
19229,0.9265776557946762
19230,0.9266510414460558
19231,0.9267243537484585
19232,0.9267975927751967
19233,0.9268707585995093
19234,0.9269438512945622
19235,0.9270168709334482
19236,0.9270898175891868
19237,0.9261631910848498
19238,0.9262369909938104
19239,0.9263107171397437
19240,0.9263843695963756
19241,0.9264579484373587
19242,0.9265314537362719
19243,0.9266048855666205
19244,0.9266782440018362
19245,0.9267515291152776
19246,0.9268247409802298
19247,0.9268978796699048
19248,0.9269709452574411
19249,0.9260444375660294
19250,0.9261183561691618
19251,0.9261922008906319
19252,0.9262659718042845
19253,0.9263396689838904
19254,0.9264132925031469
19255,0.9264868424356775
19256,0.9265603188550321
19257,0.9266337218346873
19258,0.9267070514480459
19259,0.9267803077684377
19260,0.926853490869119
19261,0.9269266008232727
19262,0.9269996377040091
19263,0.9270726015843649
19264,0.926145992287429
19265,0.926219809386592
19266,0.9262935527055459
19267,0.9263672223180341
19268,0.9264408182977263
19269,0.9265143407182184
19270,0.9265877896530328
19271,0.9266611651756185
19272,0.9257349671094759
19273,0.9248096947785319
19274,0.924884847507389
19275,0.9249599251210747
19276,0.9250349276946669
19277,0.9241103550532929
19278,0.9241862067723801
19279,0.924261982677655
19280,0.9243376828448937
19281,0.9244133073497963
19282,0.9244888562679874
19283,0.9245643296750159
19284,0.9246397276463552
19285,0.9247150502574033
19286,0.9247902975834829
19287,0.9248654696998412
19288,0.9249405666816505
19289,0.9250155886040077
19290,0.9250905355419347
19291,0.9251654075703785
19292,0.9252402047642112
19293,0.9253149271982299
19294,0.9253895749471572
19295,0.9254641480856408
19296,0.9255386466882539
19297,0.9256130708294951
19298,0.9256874205837884
19299,0.9257616960254837
19300,0.9258358972288566
19301,0.9259100242681081
19302,0.9259840772173653
19303,0.9260580561506813
19304,0.9261319611420349
19305,0.9262057922653312
19306,0.9262795495944013
19307,0.9253537329531275
19308,0.9254283419156931
19309,0.925502876306582
19310,0.9255773362003286
19311,0.9256517216713926
19312,0.9257260327941599
19313,0.9258002696429414
19314,0.925874432291974
19315,0.9259485208154202
19316,0.9260225352873689
19317,0.9260964757818343
19318,0.926170342372757
19319,0.9262441351340036
19320,0.9253183538894919
19321,0.9253929982134405
19322,0.9254675679303686
19323,0.925542063114846
19324,0.9256164838413679
19325,0.9256908301843549
19326,0.9257651022181537
19327,0.9258393000170361
19328,0.9259134236551999
19329,0.9259874732067689
19330,0.9260614487457925
19331,0.9261353503462465
19332,0.9252096778321574
19333,0.9252844307778524
19334,0.9253591090079595
19335,0.9254337125971569
19336,0.9255082416200483
19337,0.9255826961511627
19338,0.9256570762649546
19339,0.9247318817859292
19340,0.9248071122888918
19341,0.9248822675989479
19342,0.9249573477912527
19343,0.9250323529408866
19344,0.9251072831228547
19345,0.9251821384120873
19346,0.9252569188834395
19347,0.9253316246116919
19348,0.9254062556715503
19349,0.9254808121376458
19350,0.9255552940845346
19351,0.925629701586699
19352,0.9257040347185463
19353,0.9257782935544099
19354,0.9258524781685484
19355,0.9259265886351465
19356,0.9260006250283148
19357,0.9250750871722145
19358,0.9251499746413078
19359,0.925224787260357
19360,0.9252995251041747
19361,0.9253741882474988
19362,0.9254487767649926
19363,0.9255232907312445
19364,0.9255977302207685
19365,0.9256720953080041
19366,0.9257463860673164
19367,0.9258206025729963
19368,0.9258947448992602
19369,0.9259688131202504
19370,0.9260428073100352
19371,0.9261167275426089
19372,0.9261905738918916
19373,0.9252648461818548
19374,0.9253395439867704
19375,0.9254141671312114
19376,0.9254887156898008
19377,0.9255631897370874
19378,0.925637589347545
19379,0.9257119145955734
19380,0.9257861655554979
19381,0.9258603423015693
19382,0.9259344449079646
19383,0.9260084734487862
19384,0.9260824279980628
19385,0.926156308629749
19386,0.9262301154177253
19387,0.9263038484357985
19388,0.9263775077577018
19389,0.9264510934570944
19390,0.9255251053576871
19391,0.9255995430334915
19392,0.9256739063088203
19393,0.9257481952580369
19394,0.9258224099554301
19395,0.9248970502253397
19396,0.9249721156424059
19397,0.9250471060315689
19398,0.9251220214678192
19399,0.9251968620260722
19400,0.9252716277811686
19401,0.925346318807874
19402,0.9254209351808796
19403,0.9254954769748018
19404,0.9255699442641824
19405,0.9256443371234886
19406,0.9257186556271133
19407,0.9257928998493751
19408,0.9258670698645182
19409,0.9259411657467126
19410,0.9260151875700542
19411,0.9260891354085649
19412,0.9261630093361924
19413,0.926236809426811
19414,0.9263105357542204
19415,0.9263841883921472
19416,0.926457767414244
19417,0.9265312728940899
19418,0.9266047049051902
19419,0.9266780635209771
19420,0.9267513488148093
19421,0.9268245608599719
19422,0.9268976997296771
19423,0.9269707654970637
19424,0.9270437582351976
19425,0.9261171777671964
19426,0.9261910236664795
19427,0.9252652955068928
19428,0.9253399928627081
19429,0.9254146155584975
19430,0.9254891636688838
19431,0.9255636372684152
19432,0.9256380364315652
19433,0.925712361232733
19434,0.9257866117462435
19435,0.9258607880463473
19436,0.9259348902072205
19437,0.9260089183029654
19438,0.9250833721577351
19439,0.9251582513459832
19440,0.925233055692464
19441,0.9253077852719818
19442,0.9253824401592662
19443,0.925457020428972
19444,0.9255315261556797
19445,0.9256059574138948
19446,0.9256803142780489
19447,0.9257545968224986
19448,0.9258288051215265
19449,0.9259029392493411
19450,0.9259769992800764
19451,0.9260509852877924
19452,0.9261248973464753
19453,0.9261987355300371
19454,0.9262724999123159
19455,0.9263461905670761
19456,0.9254203073181335
19457,0.9254948497396046
19458,0.9255693176559069
19459,0.9256437111415082
19460,0.9257180302708021
19461,0.9257922751181077
19462,0.9258664457576699
19463,0.9249410420137841
19464,0.9250160634610467
19465,0.925091009924354
19466,0.9251658814786525
19467,0.9252406781988138
19468,0.9253154001596346
19469,0.9253900474358369
19470,0.9244651198521928
19471,0.9245406169837749
19472,0.924616038655955
19473,0.9246913849441549
19474,0.9237671556738459
19475,0.9238433504207986
19476,0.9239194690110827
19477,0.9239955115208167
19478,0.9240714780260433
19479,0.924147368602729
19480,0.9242231833267642
19481,0.9242989222739638
19482,0.9243745855200668
19483,0.9244501731407364
19484,0.9245256852115603
19485,0.9246011218080505
19486,0.9246764830056436
19487,0.924751768879701
19488,0.9248269795055084
19489,0.9249021149582766
19490,0.9239776750632658
19491,0.9240536593960361
19492,0.9241295677824469
19493,0.9242054002984065
19494,0.9242811570197474
19495,0.9243568380222265
19496,0.9244324433815245
19497,0.9245079731732472
19498,0.9245834274729241
19499,0.9236593061061346
19500,0.9227361083988821
19501,0.9228133336778437
19502,0.9228904817701197
19503,0.9219680525029831
19504,0.9220460454540046
19505,0.922123960451052
19506,0.9222017975720405
19507,0.921280056644932
19508,0.9213587372479854
19509,0.9214373392097566
19510,0.9215158626088472
19511,0.9215943075237809
19512,0.9216726740330026
19513,0.9217509622148786
19514,0.9218291721476973
19515,0.9219073039096687
19516,0.9219853575789244
19517,0.9220633332335182
19518,0.9221412309514257
19519,0.9222190508105448
19520,0.9222967928886951
19521,0.922374457263619
19522,0.9224520440129806
19523,0.9225295532143669
19524,0.922606984945287
19525,0.9226843392831728
19526,0.9227616163053786
19527,0.9228388160891813
19528,0.9229159387117808
19529,0.9229929842502997
19530,0.9230699527817837
19531,0.9231468443832013
19532,0.923223659131444
19533,0.9233003971033266
19534,0.9233770583755871
19535,0.9224541427750118
19536,0.922531649878685
19537,0.9226090795139886
19538,0.9226864317583524
19539,0.9227637066891287
19540,0.9228409043835923
19541,0.922918024918941
19542,0.9229950683722954
19543,0.9230720348206989
19544,0.923148924341118
19545,0.9232257370104422
19546,0.9233024729054843
19547,0.9233791321029801
19548,0.9234557146795888
19549,0.923532220711893
19550,0.9236086502763988
19551,0.9236850034495359
19552,0.9237612803076573
19553,0.9238374809270399
19554,0.9239136053838845
19555,0.9239896537543153
19556,0.9240656261143809
19557,0.9241415225400537
19558,0.92421734310723
19559,0.9242930878917306
19560,0.9243687569693001
19561,0.9244443504156077
19562,0.9245198683062468
19563,0.9245953107167353
19564,0.9246706777225157
19565,0.9247459693989549
19566,0.9248211858213448
19567,0.9248963270649017
19568,0.9249713932047668
19569,0.9250463843160065
19570,0.9251213004736117
19571,0.9251961417524986
19572,0.9252709082275087
19573,0.9253455999734083
19574,0.9254202170648891
19575,0.9254947595765683
19576,0.9255692275829885
19577,0.9256436211586178
19578,0.9257179403778495
19579,0.9257921853150031
19580,0.9258663560443234
19581,0.9259404526399813
19582,0.9260144751760733
19583,0.9260884237266219
19584,0.9251627981157008
19585,0.9252375979176841
19586,0.9253123229572466
19587,0.9253869733091135
19588,0.925461549047935
19589,0.9255360502482869
19590,0.9256104769846704
19591,0.9256848293315123
19592,0.9257591073631649
19593,0.9258333111539063
19594,0.9259074407779404
19595,0.9259814963093967
19596,0.9260554778223309
19597,0.9261293853907243
19598,0.9262032190884847
19599,0.9262769789894457
19600,0.9263506651673673
19601,0.9264242776959356
19602,0.9264978166487633
19603,0.9265712820993892
19604,0.9266446741212789
19605,0.9267179927878244
19606,0.9267912381723443
19607,0.9268644103480841
19608,0.926937509388216
19609,0.9270105353658389
19610,0.927083488353979
19611,0.9271563684255892
19612,0.9262296754036746
19613,0.926303408861542
19614,0.9263770686227999
19615,0.9264506547611079
19616,0.9265241673500523
19617,0.9265976064631457
19618,0.9266709721738272
19619,0.9267442645554625
19620,0.925817983431469
19621,0.9258921283755656
19622,0.9259661992117719
19623,0.926040196014159
19624,0.9261141188567236
19625,0.9261879678133885
19626,0.9262617429580028
19627,0.9263354443643416
19628,0.9264090721061063
19629,0.9264826262569248
19630,0.9255566066404761
19631,0.9256310128307406
19632,0.9257053446519992
19633,0.9257796021785839
19634,0.9258537854847523
19635,0.9249283943948126
19636,0.9250034284833735
19637,0.9250783875753441
19638,0.9251532717456836
19639,0.9242285808194011
19640,0.9243043143718055
19641,0.9243799722285053
19642,0.9244555544651585
19643,0.9245310611573472
19644,0.9246064923805782
19645,0.9246818482102828
19646,0.9237576284719416
19647,0.923833832741335
19648,0.923909960844542
19649,0.9239860128576909
19650,0.9240619888568337
19651,0.9241378889179462
19652,0.9242137131169288
19653,0.9242894615296056
19654,0.924365134231725
19655,0.9244407312989597
19656,0.9245162528069067
19657,0.9245916988310877
19658,0.9246670694469487
19659,0.9247423647298603
19660,0.9248175847551178
19661,0.9238932293480662
19662,0.9239692980843499
19663,0.9240452907899128
19664,0.9241212075407474
19665,0.9241970484127707
19666,0.9242728134818234
19667,0.9243485028236706
19668,0.9244241165140018
19669,0.9244996546284305
19670,0.9245751172424951
19671,0.924650504431658
19672,0.9247258162713065
19673,0.9248010528367524
19674,0.9248762142032324
19675,0.9249513004459078
19676,0.9250263116398649
19677,0.9251012478601149
19678,0.9251761091815941
19679,0.9242513954292887
19680,0.9243271061784848
19681,0.9244027412547682
19682,0.9244783007337739
19683,0.9245537846910615
19684,0.9246291932021149
19685,0.9237050260924676
19686,0.9237812829379524
19687,0.923857463564701
19688,0.9239335680488941
19689,0.9240095964666364
19690,0.9240855488939561
19691,0.9241614254068057
19692,0.9242372260810617
19693,0.924312950992525
19694,0.9233890999670452
19695,0.9234656725807713
19696,0.9235421686601508
19697,0.9236185882816799
19698,0.9236949315217782
19699,0.9237711984567889
19700,0.923847389162979
19701,0.9239235037165393
19702,0.9239995421935843
19703,0.9240755046701524
19704,0.9241513912222062
19705,0.9242272019256323
19706,0.9243029368562414
19707,0.9243785960897685
19708,0.9244541797018726
19709,0.9245296877681376
19710,0.9246051203640715
19711,0.924680477565107
19712,0.9247557594466012
19713,0.924830966083836
19714,0.924906097552018
19715,0.9249811539262789
19716,0.925056135281675
19717,0.9251310416931875
19718,0.925205873235723
19719,0.9252806299841131
19720,0.9243558117632394
19721,0.9244314181482837
19722,0.9245069489647272
19723,0.9245824042881008
19724,0.9236582839439847
19725,0.9237345875082587
19726,0.9228113145572259
19727,0.9228884646676134
19728,0.9229655376664464
19729,0.9230425336307978
19730,0.9231194526376636
19731,0.9231962947639628
19732,0.9232730600865375
19733,0.9233497486821531
19734,0.9234263606274983
19735,0.9235028959991849
19736,0.9235793548737484
19737,0.9236557373276477
19738,0.9237320434372652
19739,0.9238082732789071
19740,0.9238844269288032
19741,0.9239605044631073
19742,0.9240365059578968
19743,0.9241124314891732
19744,0.9241882811328622
19745,0.9242640549648133
19746,0.9243397530608005
19747,0.9244153754965219
19748,0.9244909223475998
19749,0.9245663936895812
19750,0.9246417895979374
19751,0.9247171101480645
19752,0.9247923554152828
19753,0.9248675254748377
19754,0.9249426204018993
19755,0.9240181400216876
19756,0.9240940839097219
19757,0.9241699518918212
19758,0.9232462437939782
19759,0.923322959192485
19760,0.9233995979139318
19761,0.9234761600349574
19762,0.9235526456321238
19763,0.9236290547819168
19764,0.9237053875607455
19765,0.9237816440449427
19766,0.9238578243107648
19767,0.9239339284343923
19768,0.9240099564919291
19769,0.9240859085594034
19770,0.9241617847127673
19771,0.924237585027897
19772,0.9243133095805928
19773,0.9233894581967041
19774,0.9234660304523796
19775,0.9235425261740664
19776,0.9236189454382603
19777,0.9236952883213805
19778,0.9227720546498949
19779,0.9228492440005697
19780,0.9229263562004691
19781,0.9230033913267055
19782,0.923080349456314
19783,0.9231572306662528
19784,0.9222345347835279
19785,0.9223122613854434
19786,0.9223899102996009
19787,0.9224674816036493
19788,0.9225449753751599
19789,0.9226223916916265
19790,0.9226997306304655
19791,0.9217774920191407
19792,0.9218556754354135
19793,0.9209342804574671
19794,0.9210133066639064
19795,0.9210922538836326
19796,0.9211711221955929
19797,0.9212499116786558
19798,0.9213286224116106
19799,0.9214072544731682
19800,0.9214858079419607
19801,0.9215642828965415
19802,0.9216426794153855
19803,0.9217209975768893
19804,0.9217992374593712
19805,0.921877399141071
19806,0.9219554827001504
19807,0.922033488214693
19808,0.9211119155128292
19809,0.9211907641729863
19810,0.9212695340238879
19811,0.9213482251443038
19812,0.9214268376129252
19813,0.9215053715083645
19814,0.9215838269091557
19815,0.9216622038937543
19816,0.9217405025405372
19817,0.921818722927803
19818,0.9218968651337722
19819,0.9219749292365871
19820,0.9220529153143117
19821,0.922130823444932
19822,0.9222086537063564
19823,0.922286406176415
19824,0.9213645806829853
19825,0.9214431768042417
19826,0.9215216943686553
19827,0.9216001334547436
19828,0.9216784941409457
19829,0.9217567765056224
19830,0.921834980627056
19831,0.9219131065834508
19832,0.9219911544529327
19833,0.9220691243135495
19834,0.9221470162432711
19835,0.9222248303199895
19836,0.9223025666215188
19837,0.9223802252255953
19838,0.9224578062098775
19839,0.9225353096519466
19840,0.922612735629306
19841,0.9226900842193817
19842,0.9227673554995223
19843,0.922844549546999
19844,0.922921666439006
19845,0.9229987062526601
19846,0.9230756690650013
19847,0.9231525549529923
19848,0.9232293639935191
19849,0.9233060962633907
19850,0.9233827518393393
19851,0.9234593307980206
19852,0.9235358332160135
19853,0.9226127589199455
19854,0.9226901074867422
19855,0.922767378743627
19856,0.9228445727678712
19857,0.922921689636669
19858,0.9229987294271371
19859,0.9230756922163154
19860,0.9221530778312915
19861,0.9222308858494511
19862,0.9223086160984771
19863,0.9223862686560999
19864,0.9224638435999718
19865,0.9225413410076679
19866,0.9226187609566857
19867,0.9226961035244452
19868,0.9227733687882889
19869,0.922850556825482
19870,0.9229276677132127
19871,0.9230047015285917
19872,0.9230816583486531
19873,0.9231585382503535
19874,0.923235341310573
19875,0.9233120676061147
19876,0.9233887172137049
19877,0.923465290209993
19878,0.9235417866715523
19879,0.923618206674879
19880,0.9236945502963934
19881,0.923770817612439
19882,0.923847008699283
19883,0.9239231236331168
19884,0.9239991624900552
19885,0.9240751253461371
19886,0.9241510122773254
19887,0.923227323109632
19888,0.9233040574193675
19889,0.9233807150331412
19890,0.9234572960276108
19891,0.9235338004793574
19892,0.9236102284648853
19893,0.9226870798107475
19894,0.9227643540937952
19895,0.9228415511411777
19896,0.9229186710300921
19897,0.9229957138376582
19898,0.9220731793910438
19899,0.9221510672677145
19900,0.9222288772954329
19901,0.9223066095520092
19902,0.9223842641151756
19903,0.9224618410625868
19904,0.9225393404718196
19905,0.9226167624203735
19906,0.9226941069856704
19907,0.9227713742450551
19908,0.9218490640259196
19909,0.9219271759059536
19910,0.922005209713144
19911,0.9220831655255247
19912,0.9221610434210514
19913,0.9222388434776021
19914,0.9223165657729768
19915,0.9223942103848979
19916,0.9224717773910099
19917,0.92254926686888
19918,0.9226266788959975
19919,0.9227040135497746
19920,0.9227812709075459
19921,0.9228584510465688
19922,0.9229355540440235
19923,0.923012579977013
19924,0.9230895289225632
19925,0.9231664009576231
19926,0.9222436959091898
19927,0.9223214133545579
19928,0.9223990531213199
19929,0.9224766152871157
19930,0.9225540999295073
19931,0.9226315071259795
19932,0.9227088369539396
19933,0.9227860894907173
19934,0.9228632648135652
19935,0.9229403629996585
19936,0.9230173841260957
19937,0.9230943282698977
19938,0.9231711955080087
19939,0.9232479859172961
19940,0.9233246995745501
19941,0.9234013365564846
19942,0.9234778969397365
19943,0.9235543808008662
19944,0.9236307882163576
19945,0.9237071192626181
19946,0.9237833740159788
19947,0.9238595525526945
19948,0.9239356549489437
19949,0.9240116812808288
19950,0.9240876316243761
19951,0.9241635060555362
19952,0.9242393046501833
19953,0.9243150274841162
19954,0.9243906746330576
19955,0.9234667459227797
19956,0.9235432409293536
19957,0.9236196594791494
19958,0.9236960016485855
19959,0.9237722675140042
19960,0.9238484571516714
19961,0.9239245706377767
19962,0.9240006080484335
19963,0.9240765694596795
19964,0.924152454947476
19965,0.9242282645877085
19966,0.9243039984561865
19967,0.9243796566286441
19968,0.9244552391807394
19969,0.924530746188055
19970,0.9246061777260979
19971,0.9246815338702997
19972,0.9247568146960166
19973,0.9248320202785293
19974,0.9239076504431685
19975,0.9239837047655641
19976,0.9240596830716455
19977,0.923136085187516
19978,0.9232129106895774
19979,0.9232896594045303
19980,0.9233663314091235
19981,0.9234429267800289
19982,0.923519445593842
19983,0.9235958879270816
19984,0.9236722538561899
19985,0.923748543457533
19986,0.9238247568074005
19987,0.9239008939820058
19988,0.9229774548076111
19989,0.9230544388607769
19990,0.9221318457184873
19991,0.922209674958149
19992,0.9222874264074662
19993,0.9223651001441904
19994,0.9224426962459953
19995,0.9225202147904771
19996,0.9225976558551543
19997,0.922675019517468
19998,0.9227523058547819
19999,0.9228295149443823
20000,0.9229066468634783
20001,0.922983701689202
20002,0.923060679498608
20003,0.9231375803686744
20004,0.9222149041264269
20005,0.9222926503491892
20006,0.9223703188645823
20007,0.9224479097502749
20008,0.9215259228339828
20009,0.921604357693719
20010,0.9216827141577932
20011,0.9217609923045621
20012,0.9218391922123037
20013,0.9219173139592179
20014,0.9219953576234267
20015,0.9220733232829734
20016,0.922151211015824
20017,0.9222290208998661
20018,0.9223067530129098
20019,0.922384407432687
20020,0.9224619842368522
20021,0.9225394835029823
20022,0.9226169053085765
20023,0.9226942497310567
20024,0.9227715168477674
20025,0.9228487067359755
20026,0.9229258194728711
20027,0.9230028551355669
20028,0.9230798138010986
20029,0.9231566955464249
20030,0.9232335004484274
20031,0.9233102285839113
20032,0.9233868800296046
20033,0.9234634548621586
20034,0.9235399531581485
20035,0.9236163749940725
20036,0.9236927204463522
20037,0.9237689895913334
20038,0.923845182505285
20039,0.9239212992644001
20040,0.9239973399447955
20041,0.9240733046225118
20042,0.9241491933735138
20043,0.9242250062736902
20044,0.9243007433988539
20045,0.9243764048247421
20046,0.9244519906270162
20047,0.9245275008812621
20048,0.92460293566299
20049,0.9246782950476347
20050,0.9247535791105556
20051,0.9248287879270367
20052,0.9249039215722871
20053,0.9249789801214402
20054,0.9250539636495547
20055,0.9251288722316141
20056,0.925203705942527
20057,0.9252784648571272
20058,0.9253531490501735
20059,0.9254277585963503
20060,0.925502293570267
20061,0.9255767540464587
20062,0.9256511400993858
20063,0.9257254518034344
20064,0.9257996892329162
20065,0.9258738524620688
20066,0.9259479415650552
20067,0.9260219566159648
20068,0.9260958976888124
20069,0.9261697648575392
20070,0.9262435581960125
20071,0.9263172777780254
20072,0.9263909236772978
20073,0.9264644959674754
20074,0.9265379947221306
20075,0.9266114200147622
20076,0.9266847719187954
20077,0.9267580505075822
20078,0.9268312558544012
20079,0.9269043880324578
20080,0.9269774471148841
20081,0.9270504331747392
20082,0.9271233462850094
20083,0.9271961865186076
20084,0.927268953948374
20085,0.9273416486470764
20086,0.9274142706874091
20087,0.9274868201419945
20088,0.9275592970833818
20089,0.926632201334173
20090,0.9267055324672723
20091,0.9267787903058857
20092,0.9268519749232711
20093,0.9269250863926132
20094,0.9269981247870234
20095,0.92707109017954
20096,0.9271439826431287
20097,0.9272168022506818
20098,0.9272895490750189
20099,0.927362223188887
20100,0.9274348246649601
20101,0.9275073535758397
20102,0.9275798099940548
20103,0.9276521939920617
20104,0.9277245056422445
20105,0.9277967450169149
20106,0.9278689121883122
20107,0.9269415069787287
20108,0.927014528960759
20109,0.9270874779573
20110,0.9271603540413007
20111,0.9272331572856373
20112,0.9273058877631128
20113,0.927378545546458
20114,0.9274511307083306
20115,0.9275236433213158
20116,0.9275960834579261
20117,0.9276684511906018
20118,0.9277407465917107
20119,0.9278129697335481
20120,0.9278851206883372
20121,0.9279571995282289
20122,0.9280292063253021
20123,0.9281011411515636
20124,0.9281730040789483
20125,0.9282447951793191
20126,0.9283165145244673
20127,0.928388162186112
20128,0.928459738235901
20129,0.9285312427454103
20130,0.9286026757861445
20131,0.9286740374295367
20132,0.9287453277469484
20133,0.9288165468096701
20134,0.9288876946889207
20135,0.9289587714558484
20136,0.9290297771815297
20137,0.9291007119369704
20138,0.9281720755432303
20139,0.9282438675716729
20140,0.9283155878439651
20141,0.9283872364318272
20142,0.9284588134069078
20143,0.928530318840784
20144,0.928601752804961
20145,0.9286731153708732
20146,0.9287444066098828
20147,0.9288156265932812
20148,0.9278872751424133
20149,0.9279593518289276
20150,0.9280313564747757
20151,0.9281032891519624
20152,0.9281751499324202
20153,0.92824693888801
20154,0.9283186560905208
20155,0.9283903016116697
20156,0.9284618755231023
20157,0.9285333778963926
20158,0.9286048088030429
20159,0.9286761683144841
20160,0.9287474565020758
20161,0.9288186734371062
20162,0.9278903189409172
20163,0.9279623925851542
20164,0.9270348939418908
20165,0.926108322333753
20166,0.926182177084044
20167,0.9262559580164937
20168,0.926329665204883
20169,0.9264032987229192
20170,0.9264768586442356
20171,0.9265503450423922
20172,0.9266237579908756
20173,0.9266970975630986
20174,0.9267703638324009
20175,0.9268435568720487
20176,0.926916676755235
20177,0.9269897235550799
20178,0.9270626973446301
20179,0.9271355981968593
20180,0.9272084261846686
20181,0.9272811813808858
20182,0.9273538638582662
20183,0.9274264736894924
20184,0.927499010947174
20185,0.9275714757038485
20186,0.9276438680319805
20187,0.9277161880039625
20188,0.9277884356921144
20189,0.927860611168684
20190,0.9279327145058468
20191,0.928004745775706
20192,0.928076705050293
20193,0.9281485924015671
20194,0.9282204079014156
20195,0.928292151621654
20196,0.9283638236340261
20197,0.9284354240102041
20198,0.9285069528217881
20199,0.9285784101403071
20200,0.9286497960372183
20201,0.9287211105839077
20202,0.9287923538516899
20203,0.9288635259118081
20204,0.9289346268354345
20205,0.92900565669367
20206,0.9290766155575444
20207,0.9291475034980166
20208,0.9292183205859745
20209,0.9292890668922354
20210,0.9293597424875456
20211,0.9294303474425806
20212,0.9295008818279453
20213,0.9285718454642992
20214,0.9286432379226057
20215,0.9287145590241324
20216,0.9287858088402002
20217,0.9278574871921841
20218,0.9279295936517621
20219,0.9280016280409158
20220,0.9280735904316795
20221,0.9281454808960157
20222,0.9282172995058148
20223,0.9282890463328954
20224,0.9283607214490045
20225,0.927432824675942
20226,0.9275053555858112
20227,0.9275778140010177
20228,0.9276501999940202
20229,0.9277225136372046
20230,0.9277947550028846
20231,0.9268674239134264
20232,0.9269405199414988
20233,0.9270135429100731
20234,0.9270864928921719
20235,0.9271593699607454
20236,0.9272321741886708
20237,0.926305405398877
20238,0.9263790631645952
20239,0.9264526473093582
20240,0.9265261579067501
20241,0.9265995950302816
20242,0.9266729587533897
20243,0.9267462491494383
20244,0.9268194662917176
20245,0.926892610253445
20246,0.9259661808578894
20247,0.9260401776786211
20248,0.926114100539512
20249,0.926187949514485
20250,0.9262617246773891
20251,0.9263354261019994
20252,0.9264090538620173
20253,0.9264826080310707
20254,0.9265560886827139
20255,0.9256299956405523
20256,0.9257043284784927
20257,0.9257785870207431
20258,0.925852771341562
20259,0.9259268815151336
20260,0.9260009176155682
20261,0.926074879716902
20262,0.9261487678930971
20263,0.9262225822180415
20264,0.9262963227655497
20265,0.9263699896093622
20266,0.926443582823146
20267,0.9265171024804941
20268,0.9255910484050514
20269,0.9256654201707635
20270,0.9257397176018771
20271,0.9258139407726899
20272,0.9258880897574248
20273,0.925962164630231
20274,0.9260361654651832
20275,0.9261100923362825
20276,0.9261839453174556
20277,0.9262577244825556
20278,0.9263314299053617
20279,0.9264050616595791
20280,0.9264786198188399
20281,0.9265521044567022
20282,0.9266255156466505
20283,0.9266988534620961
20284,0.9267721179763769
20285,0.9268453092627573
20286,0.9269184273944288
20287,0.9269914724445093
20288,0.927064444486044
20289,0.927137343592005
20290,0.9272101698352913
20291,0.9272829232887292
20292,0.9273556040250723
20293,0.9274282121170013
20294,0.9275007476371243
20295,0.9275732106579767
20296,0.9276456012520217
20297,0.9277179194916498
20298,0.9277901654491795
20299,0.9278623391968565
20300,0.9279344408068546
20301,0.9280064703512756
20302,0.9280784279021489
20303,0.927150813281557
20304,0.9272236260618852
20305,0.9272963660658214
20306,0.9273690333661054
20307,0.9274416280354046
20308,0.9275141501463138
20309,0.9275865997713549
20310,0.9276589769829777
20311,0.9277312818535595
20312,0.927803514455405
20313,0.927875674860747
20314,0.9279477631417458
20315,0.9280197793704896
20316,0.9280917236189948
20317,0.9281635959592057
20318,0.9282353964629946
20319,0.928307125202162
20320,0.9283787822484366
20321,0.9284503676734757
20322,0.9285218815488645
20323,0.928593323946117
20324,0.9286646949366757
20325,0.9287359945919114
20326,0.9288072229831238
20327,0.9288783801815415
20328,0.9289494662583215
20329,0.9290204812845501
20330,0.9290914253312421
20331,0.9281627982194668
20332,0.9282345995205967
20333,0.9283063290563083
20334,0.928377986898331
20335,0.9284495731183227
20336,0.9285210877878696
20337,0.9285925309784864
20338,0.9286639027616164
20339,0.9287352032086312
20340,0.9288064323908315
20341,0.9288775903794464
20342,0.9289486772456339
20343,0.9290196930604808
20344,0.9290906378950031
20345,0.9291615118201455
20346,0.929232314906782
20347,0.9293030472257158
20348,0.9293737088476791
20349,0.9294442998433337
20350,0.9295148202832704
20351,0.9295852702380097
20352,0.9296556497780017
20353,0.929725958973626
20354,0.9297961978951915
20355,0.9298663666129374
20356,0.9299364651970324
20357,0.9300064937175752
20358,0.9300764522445941
20359,0.9301463408480478
20360,0.9302161595978249
20361,0.9302859085637442
20362,0.9303555878155545
20363,0.9304251974229353
20364,0.930494737455496
20365,0.930564207982777
20366,0.9306336090742484
20367,0.9307029407993116
20368,0.9307722032272983
20369,0.9308413964274709
20370,0.9309105204690227
20371,0.9309795754210777
20372,0.9310485613526908
20373,0.931117478332848
20374,0.9311863264304663
20375,0.9312551057143938
20376,0.93132381625341
20377,0.9313924581162252
20378,0.9314610313714813
20379,0.9315295360877517
20380,0.931597972333541
20381,0.9316663401772856
20382,0.9317346396873533
20383,0.9318028709320436
20384,0.9318710339795878
20385,0.9319391288981489
20386,0.9320071557558219
20387,0.9320751146206337
20388,0.9321430055605432
20389,0.9322108286434412
20390,0.9322785839371509
20391,0.9323462715094276
20392,0.9324138914279589
20393,0.9324814437603648
20394,0.9325489285741975
20395,0.9326163459369419
20396,0.9326836959160154
20397,0.932750978578768
20398,0.9328181939924823
20399,0.9328853422243739
20400,0.9329524233415909
20401,0.9330194374112145
20402,0.9330863845002588
20403,0.9331532646756708
20404,0.9332200780043308
20405,0.9322873243031771
20406,0.9323550031394557
20407,0.9324226143307206
20408,0.9324901579445829
20409,0.9325576340485863
20410,0.9326250427102069
20411,0.9326923839968533
20412,0.9327596579758669
20413,0.9328268647145217
20414,0.9328940042800244
20415,0.9329610767395147
20416,0.9330280821600648
20417,0.9330950206086804
20418,0.9331618921522999
20419,0.9332286968577949
20420,0.93329543479197
20421,0.9333621060215632
20422,0.9334287106132458
20423,0.9334952486336224
20424,0.933561720149231
20425,0.9336281252265431
20426,0.9336944639319639
20427,0.9327612360819569
20428,0.9328284412432943
20429,0.9328955792330562
20430,0.9319631498685055
20431,0.9320311527172126
20432,0.9320990875970555
20433,0.932166954575969
20434,0.9322347537218201
20435,0.932302485102408
20436,0.9323701487854641
20437,0.932437744838652
20438,0.9325052733295679
20439,0.9325727343257403
20440,0.9326401278946301
20441,0.932707454103631
20442,0.9327747130200691
20443,0.9328419047112034
20444,0.9329090292442257
20445,0.9329760866862604
20446,0.9330430771043651
20447,0.9331100005655302
20448,0.9331768571366791
20449,0.9332436468846684
20450,0.9333103698762879
20451,0.9333770261782607
20452,0.9334436158572429
20453,0.9335101389798244
20454,0.9335765956125281
20455,0.9336429858218109
20456,0.933709309674063
20457,0.9337755672356082
20458,0.933841758572704
20459,0.9339078837515419
20460,0.933973942838247
20461,0.9340399358988785
20462,0.9341058629994293
20463,0.9341717242058267
20464,0.9342375195839319
20465,0.9343032491995401
20466,0.9343689131183811
20467,0.9344345114061189
20468,0.9345000441283516
20469,0.9345655113506122
20470,0.9346309131383677
20471,0.9346962495570199
20472,0.9347615206719054
20473,0.9348267265482954
20474,0.9348918672513955
20475,0.9349569428463467
20476,0.9350219533982244
20477,0.9350868989720392
20478,0.9351517796327369
20479,0.9352165954451979
20480,0.9352813464742381
20481,0.9353460327846087
20482,0.9354106544409959
20483,0.9354752115080214
20484,0.9355397040502422
20485,0.935604132132151
20486,0.9346689955683007
20487,0.9347342939235548
20488,0.9347995270130864
20489,0.9348646949021289
20490,0.9339302974059748
20491,0.9339963340902266
20492,0.9340623047707961
20493,0.9341282095136538
20494,0.9341940483847047
20495,0.9342598214497874
20496,0.9343255287746751
20497,0.9333916701752002
20498,0.9334582452175039
20499,0.9325252534681611
20500,0.9325926944941799
20501,0.9326600681128764
20502,0.9327273743916241
20503,0.9327946133977294
20504,0.9328617851984313
20505,0.9329288898609016
20506,0.932995927452245
20507,0.9320633977896241
20508,0.9321313004405091
20509,0.9321991352226775
20510,0.9322669022039641
20511,0.9323346014521361
20512,0.9314027327850175
20513,0.9314712957707396
20514,0.9305402899778653
20515,0.9306097149753887
20516,0.9306790705826097
20517,0.9307483568688839
20518,0.9308175739034977
20519,0.9308867217556681
20520,0.930955800494543
20521,0.9310248101892011
20522,0.9310937509086522
20523,0.9311626227218369
20524,0.9312314256976272
20525,0.931300159904826
20526,0.9313688254121675
20527,0.9314374222883173
20528,0.9315059506018721
20529,0.9315744104213605
20530,0.9316428018152422
20531,0.9317111248519085
20532,0.9317793795996827
20533,0.9318475661268194
20534,0.9319156845015052
20535,0.9319837347918585
20536,0.9320517170659296
20537,0.9321196313917007
20538,0.9321874778370863
20539,0.9322552564699328
20540,0.9323229673580188
20541,0.9323906105690553
20542,0.9324581861706854
20543,0.9325256942304848
20544,0.9325931348159616
20545,0.9326605079945564
20546,0.9327278138336422
20547,0.9327950524005252
20548,0.9328622237624437
20549,0.9329293279865691
20550,0.9329963651400058
20551,0.9330633352897909
20552,0.9331302385028946
20553,0.93319707484622
20554,0.9332638443866036
20555,0.9333305471908149
20556,0.9333971833255567
20557,0.9324642526075901
20558,0.9325317546039843
20559,0.9315996888822412
20560,0.9316680550102949
20561,0.9317363528063866
20562,0.9318045823388139
20563,0.9318727436758066
20564,0.931940836885526
20565,0.9320088620360651
20566,0.9320768191954494
20567,0.9321447084316359
20568,0.9322125298125138
20569,0.9322802834059046
20570,0.9323479692795619
20571,0.9324155875011715
20572,0.9324831381383517
20573,0.9325506212586532
20574,0.932618036929559
20575,0.932685385218485
20576,0.9327526661927793
20577,0.932819879919723
20578,0.9328870264665299
20579,0.9329541059003464
20580,0.9330211182882522
20581,0.9330880636972594
20582,0.9331549421943136
20583,0.9332217538462934
20584,0.9332884987200102
20585,0.933355176882209
20586,0.9334217883995681
20587,0.933488333338699
20588,0.9335548117661465
20589,0.9336212237483893
20590,0.9336875693518392
20591,0.9337538486428418
20592,0.9338200616876766
20593,0.9338862085525566
20594,0.9339522893036285
20595,0.9340183040069732
20596,0.9330847524787304
20597,0.9331516342853483
20598,0.9332184492435839
20599,0.933285197420252
20600,0.9333518788821008
20601,0.9334184936958119
20602,0.933485041928
20603,0.9335515236452133
20604,0.9336179389139337
20605,0.9326847875507014
20606,0.9327520691223649
20607,0.9328192834460807
20608,0.9328864305890631
20609,0.9329535106184593
20610,0.9330205236013495
20611,0.9330874696047464
20612,0.9331543486955962
20613,0.933221160940778
20614,0.933287906407104
20615,0.9333545851613197
20616,0.9334211972701041
20617,0.933487742800069
20618,0.93355422181776
20619,0.9336206343896564
20620,0.9336869805821705
20621,0.9337532604616485
20622,0.9338194740943705
20623,0.9338856215465501
20624,0.9329522026344595
20625,0.9330192169246799
20626,0.9330861642341005
20627,0.9331530446296686
20628,0.9332198581782647
20629,0.9332866049467022
20630,0.933353285001728
20631,0.9334198984100222
20632,0.933486445238198
20633,0.9335529255528026
20634,0.933619339420316
20635,0.9336856869071524
20636,0.933751968079659
20637,0.9338181830041171
20638,0.9338843317467417
20639,0.9339504143736814
20640,0.934016430951019
20641,0.9340823815447712
20642,0.9341482662208883
20643,0.9342140850452553
20644,0.9342798380836908
20645,0.9343455254019479
20646,0.934411147065714
20647,0.9344767031406109
20648,0.9345421936921945
20649,0.9346076187859554
20650,0.9346729784873188
20651,0.9347382728616443
20652,0.9348035019742265
20653,0.9338691656404191
20654,0.933935263425886
20655,0.9340012951465997
20656,0.934067260868592
20657,0.9341331606578288
20658,0.9341989945802098
20659,0.9342647627015689
20660,0.9343304650876743
20661,0.9343961018042283
20662,0.9344616729168678
20663,0.9345271784911637
20664,0.9345926185926219
20665,0.9346579932866822
20666,0.9347233026387195
20667,0.9347885467140431
20668,0.9348537255778971
20669,0.9349188392954605
20670,0.9349838879318468
20671,0.9350488715521048
20672,0.9351137902212181
20673,0.9351786440041054
20674,0.9352434329656206
20675,0.9353081571705525
20676,0.9353728166836254
20677,0.9354374115694988
20678,0.9355019418927677
20679,0.9355664077179623
20680,0.9356308091095485
20681,0.9356951461319278
20682,0.9357594188494371
20683,0.9358236273263493
20684,0.9358877716268726
20685,0.9359518518151516
20686,0.9360158679552664
20687,0.9360798201112331
20688,0.936143708347004
20689,0.9362075327264673
20690,0.9362712933134473
20691,0.9363349901717047
20692,0.9353991231150613
20693,0.93546369170765
20694,0.9355281957639142
20695,0.9355926353483581
20696,0.9356570105254213
20697,0.9357213213594788
20698,0.9357855679148417
20699,0.9358497502557563
20700,0.9359138684464052
20701,0.9359779225509066
20702,0.9360419126333145
20703,0.936105838757619
20704,0.9361697009877463
20705,0.9362334993875586
20706,0.9352977337709794
20707,0.9353624037022428
20708,0.9354270089958937
20709,0.9354915497165375
20710,0.9355560259287149
20711,0.9356204376969021
20712,0.9356847850855109
20713,0.9347495679090136
20714,0.934814785732193
20715,0.9348799383701418
20716,0.9349450258880128
20717,0.9350100483508933
20718,0.935075005823806
20719,0.9351398983717082
20720,0.9352047260594926
20721,0.9352694889519868
20722,0.9353341871139539
20723,0.9353988206100918
20724,0.9354633895050343
20725,0.9355278938633501
20726,0.9355923337495436
20727,0.9356567092280549
20728,0.9357210203632592
20729,0.9357852672194679
20730,0.9358494498609277
20731,0.9349140681019462
20732,0.9349791215071417
20733,0.9350441098914424
20734,0.9351090333198367
20735,0.9351738918572482
20736,0.9342391853186602
20737,0.9343049132693663
20738,0.934370575524969
20739,0.934436172151131
20740,0.9345017032134486
20741,0.9345671687774532
20742,0.9346325689086101
20743,0.9346979036723196
20744,0.9347631731339165
20745,0.9348283773586703
20746,0.9348935164117851
20747,0.9349585903584
20748,0.935023599263589
20749,0.935088543192361
20750,0.93515342220966
20751,0.935218236380365
20752,0.9352829857692903
20753,0.935347670441185
20754,0.935412290460734
20755,0.9354768458925574
20756,0.9355413368012105
20757,0.9356057632511844
20758,0.9346706250570302
20759,0.93473592178361
20760,0.9348011532460951
20761,0.9348663195097172
20762,0.9349314206396425
20763,0.9349964567009722
20764,0.9350614277587423
20765,0.935126333877924
20766,0.9351911751234233
20767,0.9352559515600816
20768,0.9353206632526752
20769,0.9353853102659159
20770,0.9354498926644507
20771,0.935514410512862
20772,0.9355788638756677
20773,0.9356432528173212
20774,0.9357075774022114
20775,0.935771837694663
20776,0.9348365335090612
20777,0.9349016644101016
20778,0.933967229962915
20779,0.934033229733067
20780,0.9340991635364323
20781,0.9341650314389446
20782,0.9342308335064718
20783,0.9342965698048162
20784,0.9343622403997139
20785,0.9344278453568357
20786,0.9344933847417863
20787,0.9345588586201053
20788,0.9346242670572666
20789,0.9346896101186787
20790,0.9347548878696845
20791,0.9348201003755618
20792,0.9348852477015233
20793,0.9349503299127161
20794,0.9350153470742226
20795,0.93508029925106
20796,0.9351451865081803
20797,0.935210008910471
20798,0.9352747665227544
20799,0.9353394594097881
20800,0.9354040876362651
20801,0.9354686512668136
20802,0.9355331503659972
20803,0.935597584998315
20804,0.9356619552282017
20805,0.9357262611200277
20806,0.9357905027380986
20807,0.9358546801466562
20808,0.9359187934098779
20809,0.935982842591877
20810,0.9360468277567028
20811,0.9351112487184652
20812,0.9351761050415851
20813,0.9352408965407939
20814,0.9353056232808831
20815,0.9343707850767042
20816,0.9344363814934191
20817,0.9345019123464992
20818,0.9335678774516001
20819,0.933634276374687
20820,0.9337006089320337
20821,0.9337668751899727
20822,0.9338330752147703
20823,0.9338992090726266
20824,0.9339652768296755
20825,0.9340312785519846
20826,0.9340972143055559
20827,0.934163084156325
20828,0.9342288881701617
20829,0.9342946264128702
20830,0.9343602989501887
20831,0.9344259058477897
20832,0.9344914471712802
20833,0.9345569229862014
20834,0.9346223333580292
20835,0.9346876783521741
20836,0.9347529580339811
20837,0.9348181724687297
20838,0.9348833217216345
20839,0.9349484058578448
20840,0.9350134249424447
20841,0.9350783790404532
20842,0.9351432682168246
20843,0.935208092536448
20844,0.9352728520641477
20845,0.9353375468646833
20846,0.9354021770027495
20847,0.9354667425429767
20848,0.9355312435499302
20849,0.9345961798382362
20850,0.9346615509728307
20851,0.9347268567689597
20852,0.9347920972919292
20853,0.9348572726069798
20854,0.9349223827792866
20855,0.93498742787396
20856,0.935052407956045
20857,0.9351173230905218
20858,0.9351821733423054
20859,0.9352469587762461
20860,0.9353116794571293
20861,0.9353763354496759
20862,0.9354409268185419
20863,0.9355054536283184
20864,0.9355699159435324
20865,0.9356343138286464
20866,0.935698647348058
20867,0.9357629165661009
20868,0.9358271215470443
20869,0.9358912623550932
20870,0.9359553390543885
20871,0.9360193517090069
20872,0.9360833003829608
20873,0.9361471851401992
20874,0.9362110060446068
20875,0.9362747631600046
20876,0.9363384565501495
20877,0.936402086278735
20878,0.936465652409391
20879,0.9365291550056835
20880,0.9365925941311151
20881,0.9366559698491249
20882,0.9367192822230888
20883,0.9367825313163191
20884,0.9368457171920649
20885,0.9369088399135121
20886,0.9369718995437835
20887,0.9370348961459386
20888,0.9370978297829742
20889,0.9371607005178237
20890,0.9372235084133581
20891,0.9372862535323853
20892,0.9373489359376502
20893,0.9374115556918355
20894,0.9374741128575609
20895,0.9375366074973834
20896,0.9375990396737979
20897,0.9376614094492364
20898,0.9377237168860687
20899,0.9377859620466024
20900,0.9378481449930826
20901,0.9379102657876922
20902,0.9379723244925521
20903,0.938034321169721
20904,0.9380962558811955
20905,0.9381581286889105
20906,0.9382199396547386
20907,0.938281688840491
20908,0.9383433763079168
20909,0.9384050021187035
20910,0.9384665663344769
20911,0.9385280690168013
20912,0.9385895102271793
20913,0.9386508900270522
20914,0.9387122084777997
20915,0.9387734656407404
20916,0.9388346615771315
20917,0.9388957963481688
20918,0.9389568700149872
20919,0.9390178826386604
20920,0.9390788342802009
20921,0.9391397250005605
20922,0.9382010546107549
20923,0.9382628226721135
20924,0.9383245289962793
20925,0.9383861736449587
20926,0.9384477566797963
20927,0.9385092781623752
20928,0.9385707381542169
20929,0.9386321367167814
20930,0.9386934739114673
20931,0.9387547497996117
20932,0.9388159644424906
20933,0.9388771179013187
20934,0.9389382102372494
20935,0.9389992415113751
20936,0.9390602117847271
20937,0.9391211211182756
20938,0.93918196957293
20939,0.9392427572095388
20940,0.9393034840888895
20941,0.9393641502717093
20942,0.9394247558186641
20943,0.9394853007903596
20944,0.9395457852473408
20945,0.9396062092500921
20946,0.9396665728590375
20947,0.9397268761345408
20948,0.939787119136905
20949,0.9398473019263734
20950,0.9399074245631287
20951,0.9399674871072935
20952,0.9400274896189303
20953,0.9400874321580419
20954,0.9401473147845706
20955,0.9402071375583991
20956,0.9402669005393502
20957,0.940326603787187
20958,0.9403862473616126
20959,0.9404458313222707
20960,0.9405053557287452
20961,0.9405648206405605
20962,0.9406242261171815
20963,0.9406835722180139
20964,0.9407428590024037
20965,0.9408020865296377
20966,0.9408612548589435
20967,0.9409203640494892
20968,0.9409794141603842
20969,0.9410384052506787
20970,0.9410973373793637
20971,0.9411562106053714
20972,0.9412150249875749
20973,0.9412737805847887
20974,0.9413324774557684
20975,0.941391115659211
20976,0.9414496952537544
20977,0.9415082162979785
20978,0.9415666788504043
20979,0.9416250829694944
20980,0.9416834287136528
20981,0.9417417161412254
20982,0.9417999453104995
20983,0.9418581162797044
20984,0.941916229107011
20985,0.9419742838505323
20986,0.9420322805683229
20987,0.9420902193183796
20988,0.942148100158641
20989,0.9422059231469883
20990,0.9422636883412442
20991,0.942321395799174
20992,0.9423790455784852
20993,0.9424366377368275
20994,0.9424941723317932
20995,0.9425516494209168
20996,0.9416095688118005
20997,0.9416679300623634
20998,0.9417262329808418
20999,0.9417844776255386
21000,0.9418426640546985
21001,0.9419007923265079
21002,0.9419588624990951
21003,0.9420168746305303
21004,0.9420748287788256
21005,0.9421327250019352
21006,0.9421905633577554
21007,0.9422483439041245
21008,0.942306066698823
21009,0.9423637317995738
21010,0.9424213392640419
21011,0.942478889149835
21012,0.9425363815145028
21013,0.9425938164155377
21014,0.9426511939103748
21015,0.9427085140563914
21016,0.9427657769109078
21017,0.9428229825311868
21018,0.942880130974434
21019,0.9429372222977979
21020,0.9429942565583698
21021,0.942051733563309
21022,0.9421096528700923
21023,0.942167514286514
21024,0.9422253178704355
21025,0.9422830636796604
21026,0.9423407517719347
21027,0.9423983822049462
21028,0.9424559550363256
21029,0.9425134703236456
21030,0.9425709281244216
21031,0.9426283284961113
21032,0.9426856714961153
21033,0.9427429571817764
21034,0.9428001856103803
21035,0.9428573568391555
21036,0.9419149706753982
21037,0.9419730266767221
21038,0.9420310246510583
21039,0.9420889646564046
21040,0.942146846750701
21041,0.9422046709918298
21042,0.9422624374376151
21043,0.9423201461458234
21044,0.9423777971741634
21045,0.9424353905802861
21046,0.9424929264217851
21047,0.9415509045063211
21048,0.941609324391872
21049,0.9416676858867327
21050,0.9417259890492646
21051,0.9407847336878961
21052,0.9408439193613715
21053,0.9409030458787514
21054,0.9409621132991625
21055,0.9410211216816721
21056,0.9410800710852886
21057,0.9411389615689615
21058,0.9411977931915813
21059,0.9412565660119795
21060,0.9413152800889291
21061,0.941373935481144
21062,0.9414325322472797
21063,0.9414910704459332
21064,0.9415495501356423
21065,0.941607971374887
21066,0.9416663342220886
21067,0.9417246387356097
21068,0.9417828849737551
21069,0.9418410729947708
21070,0.941899202856845
21071,0.9419572746181075
21072,0.9420152883366302
21073,0.9420732440704267
21074,0.9421311418774527
21075,0.9421889818156062
21076,0.942246763942727
21077,0.9423044883165973
21078,0.9423621549949416
21079,0.9424197640354264
21080,0.9424773154956608
21081,0.9425348094331965
21082,0.942592245905527
21083,0.9426496249700892
21084,0.941707446434387
21085,0.9407662096063666
21086,0.9408254137946661
21087,0.9408845588083646
21088,0.9409436447066072
21089,0.9410026715484796
21090,0.9410616393930089
21091,0.9411205482991628
21092,0.9411793983258503
21093,0.9412381895319214
21094,0.9412969219761673
21095,0.9413555957173205
21096,0.9414142108140549
21097,0.9414727673249853
21098,0.9415312653086685
21099,0.9415897048236024
21100,0.9416480859282265
21101,0.9417064086809219
21102,0.9417646731400114
21103,0.9418228793637595
21104,0.9418810274103725
21105,0.9419391173379983
21106,0.9419971492047269
21107,0.9420551230685902
21108,0.9421130389875622
21109,0.9421708970195586
21110,0.9422286972224376
21111,0.9422864396539994
21112,0.9423441243719864
21113,0.9424017514340834
21114,0.9424593208979174
21115,0.9425168328210579
21116,0.9425742872610169
21117,0.9426316842752488
21118,0.9426890239211506
21119,0.942746306256062
21120,0.9428035313372654
21121,0.9428606992219857
21122,0.9429178099673909
21123,0.9429748636305919
21124,0.9430318602686423
21125,0.9430887999385387
21126,0.9431456826972208
21127,0.9432025086015714
21128,0.9432592777084164
21129,0.9433159900745249
21130,0.9433726457566094
21131,0.9434292448113254
21132,0.9434857872952721
21133,0.943542273264992
21134,0.943598702776971
21135,0.9436550758876386
21136,0.9437113926533681
21137,0.9437676531304762
21138,0.9438238573752233
21139,0.9438800054438138
21140,0.9439360973923957
21141,0.942992633027186
21142,0.94304961190472
21143,0.9431065338318517
21144,0.943163398865503
21145,0.9432202070625391
21146,0.9432769584797679
21147,0.943333653173941
21148,0.9433902912017532
21149,0.9434468726198424
21150,0.9435033974847901
21151,0.9435598658531211
21152,0.943616277781304
21153,0.9436726333257505
21154,0.9437289325428162
21155,0.9437851754888004
21156,0.943841362219946
21157,0.9438974927924397
21158,0.9439535672624123
21159,0.9440095856859382
21160,0.9440655481190356
21161,0.9441214546176673
21162,0.9441773052377396
21163,0.9442331000351032
21164,0.9442888390655528
21165,0.9443445223848277
21166,0.944400150048611
21167,0.9444557221125304
21168,0.944511238632158
21169,0.9445666996630104
21170,0.9446221052605487
21171,0.9446774554801783
21172,0.9447327503772496
21173,0.9447879900070574
21174,0.9448431744248414
21175,0.9448983036857861
21176,0.9449533778450206
21177,0.9450083969576193
21178,0.9450633610786012
21179,0.9451182702629305
21180,0.9451731245655163
21181,0.9452279240412129
21182,0.9452826687448199
21183,0.9453373587310819
21184,0.9453919940546891
21185,0.9454465747702766
21186,0.9455011009324252
21187,0.9455555725956611
21188,0.9456099898144561
21189,0.9456643526432272
21190,0.9457186611363374
21191,0.9457729153480952
21192,0.9458271153327548
21193,0.9458812611445161
21194,0.9459353528375251
21195,0.9459893904658734
21196,0.9460433740835986
21197,0.9460973037446845
21198,0.9461511795030606
21199,0.9462050014126028
21200,0.946258769527133
21201,0.9463124839004192
21202,0.946366144586176
21203,0.9464197516380638
21204,0.94647330510969
21205,0.9465268050546078
21206,0.9465802515263174
21207,0.9456341443283901
21208,0.9456884830147185
21209,0.9457427673895165
21210,0.9457969975070681
21211,0.9458511734216039
21212,0.9459052951872994
21213,0.9459593628582766
21214,0.9460133764886032
21215,0.9460673361322928
21216,0.9461212418433049
21217,0.9461750936755455
21218,0.9462288916828663
21219,0.9462826359190654
21220,0.9463363264378869
21221,0.9463899632930215
21222,0.9464435465381059
21223,0.9464970762267235
21224,0.9465505524124039
21225,0.9466039751486234
21226,0.9466573444888047
21227,0.9467106604863171
21228,0.9467639231944768
21229,0.9468171326665462
21230,0.9468702889557351
21231,0.9469233921151996
21232,0.946976442198043
21233,0.9470294392573153
21234,0.9470823833460137
21235,0.9471352745170821
21236,0.9471881128234119
21237,0.9472408983178412
21238,0.9472936310531557
21239,0.947346311082088
21240,0.9473989384573183
21241,0.9474515132314739
21242,0.9475040354571296
21243,0.9475565051868076
21244,0.9476089224729777
21245,0.9476612873680572
21246,0.947713599924411
21247,0.9477658601943516
21248,0.9478180682301394
21249,0.9478702240839822
21250,0.9479223278080362
21251,0.947974379454405
21252,0.9480263790751402
21253,0.9480783267222415
21254,0.9481302224476565
21255,0.9481820663032811
21256,0.948233858340959
21257,0.9482855986124823
21258,0.9483372871695912
21259,0.9483889240639745
21260,0.9474410090973938
21261,0.9474935418219341
21262,0.9475460220400032
21263,0.9475984498040811
21264,0.9476508251665958
21265,0.9477031481799225
21266,0.9477554188963844
21267,0.947807637368252
21268,0.947859803647744
21269,0.9479119177870267
21270,0.947963979838214
21271,0.9480159898533682
21272,0.9480679478844993
21273,0.9481198539835652
21274,0.9481717082024722
21275,0.9482235105930744
21276,0.9482752612071743
21277,0.9483269600965225
21278,0.9483786073128179
21279,0.9484302029077076
21280,0.9484817469327874
21281,0.9485332394396012
21282,0.9485846804796416
21283,0.9486360701043496
21284,0.9486874083651149
21285,0.9487386953132757
21286,0.948789931000119
21287,0.9488411154768804
21288,0.9488922487947447
21289,0.9489433310048448
21290,0.9489943621582633
21291,0.9490453423060311
21292,0.9490962714991286
21293,0.9491471497884848
21294,0.9491979772249781
21295,0.9492487538594359
21296,0.9492994797426348
21297,0.9493501549253008
21298,0.9494007794581091
21299,0.9484518531418091
21300,0.9485033755274744
21301,0.9485548464165025
21302,0.948606265860364
21303,0.9486576339104786
21304,0.9487089506182143
21305,0.9487602160348877
21306,0.9488114302117644
21307,0.9488625932000585
21308,0.948913705050933
21309,0.9489647658154997
21310,0.9490157755448195
21311,0.9490667342899022
21312,0.9491176421017063
21313,0.94916849903114
21314,0.9492193051290598
21315,0.9492700604462722
21316,0.9493207650335322
21317,0.9493714189415448
21318,0.9494220222209635
21319,0.9494725749223918
21320,0.9495230770963824
21321,0.9495735287934375
21322,0.9496239300640088
21323,0.9496742809584976
21324,0.9497245815272547
21325,0.9497748318205808
21326,0.9498250318887261
21327,0.9498751817818908
21328,0.9499252815502247
21329,0.9499753312438277
21330,0.9500253309127494
21331,0.9500752806069895
21332,0.9501251803764978
21333,0.950175030271174
21334,0.950224830340868
21335,0.95027458063538
21336,0.949324780954585
21337,0.9493754308486834
21338,0.9484265298683249
21339,0.9484780775646084
21340,0.9485295737389566
21341,0.9485810184428657
21342,0.9486324117277803
21343,0.9486837536450939
21344,0.9487350442461483
21345,0.9487862835822342
21346,0.9488374717045908
21347,0.9488886086644063
21348,0.9489396945128177
21349,0.9489907293009108
21350,0.9490417130797204
21351,0.9490926459002305
21352,0.9491435278133736
21353,0.9491943588700319
21354,0.9492451391210364
21355,0.9492958686171673
21356,0.9493465474091541
21357,0.9493971755476758
21358,0.9494477530833603
21359,0.9494982800667852
21360,0.9495487565484775
21361,0.9495991825789137
21362,0.94964955820852
21363,0.949699883487672
21364,0.9497501584666947
21365,0.9498003831958635
21366,0.9498505577254028
21367,0.9499006821054874
21368,0.9499507563862415
21369,0.9500007806177395
21370,0.9500507548500057
21371,0.9501006791330142
21372,0.9501505535166893
21373,0.9502003780509055
21374,0.9502501527854873
21375,0.9502998777702094
21376,0.950349553054797
21377,0.94939967843905
21378,0.949450253473094
21379,0.9495007779573787
21380,0.9495512519424288
21381,0.9496016754787183
21382,0.9496520486166706
21383,0.9497023714066589
21384,0.948753143649131
21385,0.948804364894859
21386,0.9488555349449391
21387,0.9489066538505414
21388,0.9489577216627847
21389,0.9490087384327369
21390,0.9490597042114148
21391,0.9491106190497842
21392,0.9491614829987599
21393,0.9482127958593308
21394,0.9482645571828098
21395,0.9483162667708329
21396,0.94836792467511
21397,0.9484195309472988
21398,0.9484710856390056
21399,0.9485225888017852
21400,0.9485740404871408
21401,0.948625440746524
21402,0.9486767896313351
21403,0.9487280871929229
21404,0.9487793334825851
21405,0.948830528551568
21406,0.9488816724510667
21407,0.948932765232225
21408,0.9489838069461358
21409,0.9490347976438408
21410,0.9490857373763307
21411,0.9481371259446703
21412,0.9481889629002478
21413,0.9482407480447753
21414,0.9482924814300379
21415,0.9483441631077689
21416,0.9483957931296502
21417,0.9484473715473117
21418,0.9484988984123319
21419,0.9485503737762376
21420,0.9486017976905042
21421,0.9486531702065557
21422,0.9487044913757645
21423,0.9487557612494519
21424,0.9488069798788877
21425,0.9488581473152906
21426,0.9489092636098281
21427,0.9489603288136164
21428,0.9490113429777207
21429,0.9490623061531552
21430,0.9491132183908833
21431,0.9491640797418169
21432,0.9492148902568176
21433,0.9492656499866958
21434,0.9493163589822113
21435,0.9493670172940732
21436,0.9484181247230646
21437,0.9484696808202929
21438,0.9475216851373142
21439,0.9475741372261325
21440,0.9476265368890748
21441,0.9476788841785411
21442,0.9477311791468783
21443,0.9477834218463816
21444,0.9478356123292938
21445,0.9478877506478053
21446,0.9479398368540544
21447,0.9479918710001273
21448,0.9480438531380582
21449,0.9480957833198292
21450,0.9481476615973706
21451,0.9481994880225607
21452,0.9482512626472258
21453,0.9483029855231406
21454,0.948354656702028
21455,0.9484062762355592
21456,0.9484578441753537
21457,0.9485093605729795
21458,0.948560825479953
21459,0.9486122389477392
21460,0.9486636010277514
21461,0.9487149117713518
21462,0.9487661712298512
21463,0.9488173794545091
21464,0.9488685364965336
21465,0.9489196424070818
21466,0.9489706972372597
21467,0.949021701038122
21468,0.9490726538606726
21469,0.9491235557558644
21470,0.9491744067745992
21471,0.949225206967728
21472,0.9492759563860511
21473,0.9493266550803179
21474,0.9493773031012271
21475,0.9494279004994268
21476,0.9494784473255143
21477,0.9495289436300366
21478,0.9495793894634899
21479,0.94962978487632
21480,0.9496801299189224
21481,0.949730424641642
21482,0.9497806690947739
21483,0.9498308633285623
21484,0.9498810073932014
21485,0.9499311013388353
21486,0.9499811452155581
21487,0.9500311390734136
21488,0.9500810829623957
21489,0.9501309769324483
21490,0.9501808210334654
21491,0.950230615315291
21492,0.9502803598277194
21493,0.9503300546204954
21494,0.9503796997433135
21495,0.9504292952458189
21496,0.9504788411776072
21497,0.9505283375882243
21498,0.9505777845271666
21499,0.9506271820438811
21500,0.9506765301877652
21501,0.9507258290081673
21502,0.950775078554386
21503,0.950824278875671
21504,0.9508734300212226
21505,0.9509225320401918
21506,0.9509715849816809
21507,0.9510205888947427
21508,0.9510695438283812
21509,0.9511184498315511
21510,0.9511673069531588
21511,0.9512161152420612
21512,0.9512648747470666
21513,0.9513135855169346
21514,0.9503627473505009
21515,0.9504123597969272
21516,0.9504619226557008
21517,0.9505114359763848
21518,0.9505608998084923
21519,0.9506103142014873
21520,0.9506596792047842
21521,0.950708994867748
21522,0.9507582612396942
21523,0.9508074783698894
21524,0.9508566463075507
21525,0.950905765101846
21526,0.9509548348018941
21527,0.9510038554567648
21528,0.9510528271154787
21529,0.9511017498270075
21530,0.9511506236402738
21531,0.9511994486041516
21532,0.9512482247674658
21533,0.9512969521789926
21534,0.9513456308874594
21535,0.9513942609415449
21536,0.9514428423898792
21537,0.9514913752810438
21538,0.9515398596635715
21539,0.9515882955859467
21540,0.9516366830966054
21541,0.9516850222439351
21542,0.9517333130762751
21543,0.951781555641916
21544,0.9518297499891005
21545,0.9518778961660229
21546,0.9519259942208295
21547,0.9519740442016182
21548,0.9520220461564393
21549,0.9520700001332943
21550,0.9521179061801376
21551,0.9521657643448751
21552,0.9522135746753649
21553,0.9522613372194175
21554,0.9523090520247954
21555,0.9523567191392134
21556,0.9524043386103386
21557,0.9524519104857905
21558,0.952499434813141
21559,0.9525469116399145
21560,0.9525943410135878
21561,0.9526417229815901
21562,0.9526890575913036
21563,0.952736344890063
21564,0.9527835849251554
21565,0.9528307777438209
21566,0.9528779233932523
21567,0.9529250219205954
21568,0.9529720733729485
21569,0.9530190777973634
21570,0.9530660352408443
21571,0.9531129457503488
21572,0.9531598093727872
21573,0.9532066261550233
21574,0.9532533961438738
21575,0.9533001193861088
21576,0.9533467959284515
21577,0.9533934258175785
21578,0.9534400091001196
21579,0.9534865458226582
21580,0.953533036031731
21581,0.9535794797738282
21582,0.9536258770953936
21583,0.9536722280428245
21584,0.9537185326624719
21585,0.9537647910006403
21586,0.9538110031035881
21587,0.9538571690175276
21588,0.9539032887886245
21589,0.9539493624629987
21590,0.9539953900867238
21591,0.9540413717058276
21592,0.9540873073662915
21593,0.9541331971140514
21594,0.954179040994997
21595,0.954224839054972
21596,0.9542705913397747
21597,0.9543162978951572
21598,0.9543619587668262
21599,0.9544075740004425
21600,0.9544531436416215
21601,0.9544986677359327
21602,0.9545441463289003
21603,0.9545895794660029
21604,0.9536354669427984
21605,0.9536818083051745
21606,0.9537281033493472
21607,0.9537743521216118
21608,0.9538205546682168
21609,0.953866711035365
21610,0.9539128212692127
21611,0.9539588854158702
21612,0.9540049035214015
21613,0.9540508756318249
21614,0.9540968017931124
21615,0.9541426820511902
21616,0.9541885164519387
21617,0.9542343050411921
21618,0.9542800478647392
21619,0.9533262447184476
21620,0.9533728951485141
21621,0.953419498951464
21622,0.9534660561739013
21623,0.9535125668623832
21624,0.9525595308135452
21625,0.9526069475743512
21626,0.9526543169420929
21627,0.9527016389641398
21628,0.9527489136878139
21629,0.9527961411603898
21630,0.952843321429095
21631,0.9528904545411099
21632,0.9529375405435675
21633,0.952984579483554
21634,0.9530315714081081
21635,0.9530785163642219
21636,0.9531254143988404
21637,0.9531722655588615
21638,0.9532190698911365
21639,0.9532658274424697
21640,0.9533125382596186
21641,0.9533592023892942
21642,0.9534058198781604
21643,0.953452390772835
21644,0.9534989151198886
21645,0.9535453929658457
21646,0.9535918243571843
21647,0.9536382093403355
21648,0.9536845479616844
21649,0.9537308402675698
21650,0.9537770863042839
21651,0.9538232861180728
21652,0.9538694397551362
21653,0.9539155472616277
21654,0.9539616086836551
21655,0.9540076240672797
21656,0.9540535934585168
21657,0.9540995169033358
21658,0.9541453944476603
21659,0.9541912261373678
21660,0.95423701201829
21661,0.9542827521362128
21662,0.9543284465368763
21663,0.9543740952659749
21664,0.9544196983691574
21665,0.9544652558920268
21666,0.9545107678801407
21667,0.954556234379011
21668,0.9546016554341045
21669,0.954647031090842
21670,0.9546923613945993
21671,0.9547376463907067
21672,0.9547828861244491
21673,0.9548280806410663
21674,0.9548732299857529
21675,0.9549183342036581
21676,0.9549633933398863
21677,0.9550084074394967
21678,0.9550533765475032
21679,0.955098300708875
21680,0.9551431799685364
21681,0.9551880143713665
21682,0.9552328039621997
21683,0.9552775487858257
21684,0.9553222488869894
21685,0.9553669043103906
21686,0.9554115151006851
21687,0.9554560813024835
21688,0.9555006029603521
21689,0.9555450801188126
21690,0.955589512822342
21691,0.955633901115373
21692,0.9556782450422943
21693,0.9557225446474494
21694,0.9557667999751381
21695,0.9558110110696157
21696,0.9558551779750933
21697,0.9558993007357379
21698,0.9559433793956722
21699,0.9559874139989749
21700,0.9560314045896806
21701,0.9560753512117799
21702,0.9561192539092194
21703,0.9561631127259018
21704,0.956206927705686
21705,0.956250698892387
21706,0.9562944263297759
21707,0.9563381100615802
21708,0.9563817501314836
21709,0.9564253465831263
21710,0.9564688994601047
21711,0.9565124088059717
21712,0.9565558746642365
21713,0.9565992970783652
21714,0.9566426760917801
21715,0.9566860117478603
21716,0.9567293040899414
21717,0.9567725531613157
21718,0.9568157590052324
21719,0.9568589216648974
21720,0.9569020411834732
21721,0.9569451176040794
21722,0.9559886507199175
21723,0.9560326400745203
21724,0.9560765854617521
21725,0.9561204869255585
21726,0.9561643445098408
21727,0.9562081582584566
21728,0.9562519282152198
21729,0.9562956544239002
21730,0.9563393369282241
21731,0.9563829757718741
21732,0.9554270707486139
21733,0.9554716214025383
21734,0.954516627278198
21735,0.9545620879205986
21736,0.9546075031250758
21737,0.9546528729370447
21738,0.9546981974018752
21739,0.9547434765648919
21740,0.9547887104713737
21741,0.9548338991665547
21742,0.9548790426956236
21743,0.9549241411037239
21744,0.9549691944359541
21745,0.9540147024874923
21746,0.9540606648038467
21747,0.9541065811808543
21748,0.9531529514145567
21749,0.9531997750513238
21750,0.9532465518878542
21751,0.9532932819709249
21752,0.9533399653472658
21753,0.9533866020635604
21754,0.9534331921664454
21755,0.9534797357025109
21756,0.9535262327183005
21757,0.9535726832603112
21758,0.9536190873749936
21759,0.9536654451087517
21760,0.9537117565079434
21761,0.95375802161888
21762,0.9538042404878266
21763,0.9538504131610023
21764,0.9538965396845794
21765,0.9539426201046848
21766,0.9539886544673988
21767,0.9530351425688807
21768,0.9530820839556184
21769,0.9531289784244285
21770,0.9531758260222052
21771,0.9532226267957962
21772,0.9532693807920023
21773,0.9533160880575775
21774,0.9533627486392291
21775,0.9534093625836176
21776,0.9534559299373572
21777,0.95250295049714
21778,0.9525504238099864
21779,0.9525978496732448
21780,0.952645228134341
21781,0.9526925592406535
21782,0.9527398430395134
21783,0.9527870795782045
21784,0.9528342689039634
21785,0.9528814110639794
21786,0.9529285061053947
21787,0.9529755540753043
21788,0.9530225550207563
21789,0.9530695089887515
21790,0.9531164160262441
21791,0.9531632761801409
21792,0.9532100894973021
21793,0.9532568560245412
21794,0.9533035758086247
21795,0.9533502488962722
21796,0.953396875334157
21797,0.9534434551689054
21798,0.9534899884470974
21799,0.9535364752152662
21800,0.9535829155198986
21801,0.953629309407435
21802,0.9536756569242691
21803,0.9537219581167486
21804,0.9537682130311746
21805,0.9538144217138022
21806,0.9538605842108399
21807,0.9539067005684502
21808,0.9539527708327495
21809,0.9539987950498082
21810,0.9540447732656505
21811,0.9540907055262545
21812,0.9541365918775526
21813,0.9541824323654311
21814,0.9542282270357305
21815,0.9542739759342456
21816,0.9543196791067251
21817,0.9543653365988723
21818,0.9534114482064697
21819,0.9534580134756286
21820,0.9535045322027894
21821,0.9535510044344708
21822,0.953597430217145
21823,0.9536438095972378
21824,0.9536901426211286
21825,0.9537364293351505
21826,0.9537826697855901
21827,0.9538288640186879
21828,0.9538750120806383
21829,0.9539211140175892
21830,0.9539671698756426
21831,0.9540131797008543
21832,0.9540591435392343
21833,0.9541050614367462
21834,0.9541509334393082
21835,0.9541967595927922
21836,0.9542425399430242
21837,0.9542882745357848
21838,0.9543339634168085
21839,0.9543796066317842
21840,0.9544252042263551
21841,0.9544707562461189
21842,0.9545162627366275
21843,0.9545617237433874
21844,0.9546071393118598
21845,0.9546525094874602
21846,0.9546978343155587
21847,0.9547431138414801
21848,0.9547883481105042
21849,0.954833537167865
21850,0.9548786810587517
21851,0.9549237798283082
21852,0.9549688335216333
21853,0.9550138421837806
21854,0.9550588058597589
21855,0.9551037245945317
21856,0.9551485984330179
21857,0.9551934274200914
21858,0.9552382116005811
21859,0.9552829510192712
21860,0.9553276457209011
21861,0.9553722957501656
21862,0.9554169011517146
21863,0.9554614619701537
21864,0.9555059782500436
21865,0.9555504500359006
21866,0.9555948773721965
21867,0.9546397600534837
21868,0.9546850976246447
21869,0.954730389880892
21870,0.9547756368675178
21871,0.9548208386297691
21872,0.9548659952128478
21873,0.9539116064120353
21874,0.9529581715230678
21875,0.9530051898423851
21876,0.9530521611668805
21877,0.9530990855435253
21878,0.9531459630192439
21879,0.9531927936409138
21880,0.9532395774553657
21881,0.9532863145093833
21882,0.9533330048497037
21883,0.9533796485230174
21884,0.9534262455759679
21885,0.9534727960551523
21886,0.9535193000071212
21887,0.9535657574783784
21888,0.9536121685153814
21889,0.9536585331645415
21890,0.9537048514722232
21891,0.9527516232348696
21892,0.9527988479992525
21893,0.9518465253125966
21894,0.9518946547225791
21895,0.9519427360272041
21896,0.9519907692745533
21897,0.9520387545126596
21898,0.9520866917895086
21899,0.9521345811530373
21900,0.9521824226511352
21901,0.9522302163316437
21902,0.9522779622423567
21903,0.9523256604310201
21904,0.9523733109453318
21905,0.9524209138329427
21906,0.9524684691414554
21907,0.9525159769184255
21908,0.9525634372113606
21909,0.9526108500677211
21910,0.9526582155349197
21911,0.9527055336603221
21912,0.9527528044912463
21913,0.9528000280749632
21914,0.9518477042088214
21915,0.9518958324404967
21916,0.9519439125679925
21917,0.9519919446393887
21918,0.9520399287027177
21919,0.9510883645560883
21920,0.9511372517479363
21921,0.9511860900770238
21922,0.9512348795921892
21923,0.951283620342222
21924,0.951332312375863
21925,0.9513809557418041
21926,0.9514295504886889
21927,0.9514780966651121
21928,0.9515265943196197
21929,0.9515750435007095
21930,0.9516234442568308
21931,0.9516717966363841
21932,0.9517201006877221
21933,0.9517683564591486
21934,0.9518165639989196
21935,0.9518647233552425
21936,0.9519128345762767
21937,0.9519608977101335
21938,0.952008912804876
21939,0.9520568799085193
21940,0.9521047990690306
21941,0.9521526703343289
21942,0.9522004937522857
21943,0.9512487691208491
21944,0.9512974959882945
21945,0.9513461741532238
21946,0.951394803664315
21947,0.9504438843203227
21948,0.9504934156703273
21949,0.9505428975137352
21950,0.9505923299000283
21951,0.950641712878639
21952,0.9506910464989502
21953,0.9507403308102955
21954,0.9507895658619594
21955,0.9508387517031768
21956,0.9508878883831337
21957,0.9509369759509666
21958,0.9509860144557633
21959,0.951035003946562
21960,0.9510839444723526
21961,0.9511328360820753
21962,0.951181678824622
21963,0.9512304727488353
21964,0.9512792179035091
21965,0.9513279143373886
21966,0.9513765620991703
21967,0.951425161237502
21968,0.9514737118009827
21969,0.9515222138381632
21970,0.9515706673975453
21971,0.9516190725275827
21972,0.9516674292766806
21973,0.9517157376931956
21974,0.9517639978254363
21975,0.9518122097216628
21976,0.9518603734300869
21977,0.9519084889988724
21978,0.9519565564761349
21979,0.9520045759099418
21980,0.9520525473483127
21981,0.9521004708392189
21982,0.952148346430584
21983,0.9521961741702836
21984,0.9522439541061454
21985,0.9512921860360742
21986,0.9513408695083021
21987,0.9513895043213872
21988,0.9514380905239646
21989,0.9514866281646203
21990,0.951535117291892
21991,0.951583557954269
21992,0.9516319502001918
21993,0.9516802940780527
21994,0.9517285896361956
21995,0.951776836922916
21996,0.9518250359864614
21997,0.9518731868750306
21998,0.9519212896367747
21999,0.9519693443197964
22000,0.9520173509721505
22001,0.9520653096418434
22002,0.951113720126959
22003,0.9511625819759076
22004,0.951211394987426
22005,0.9512601592103271
22006,0.9513088746933753
22007,0.951357541485286
22008,0.951406159634726
22009,0.9504552289404384
22010,0.9505047489514925
22011,0.9505542194672831
22012,0.9506036405372809
22013,0.9506530122109068
22014,0.9507023345375326
22015,0.9507516075664806
22016,0.9508008313470239
22017,0.9508500059283862
22018,0.9508991313597421
22019,0.9509482076902172
22020,0.9509972349688876
22021,0.9510462132447807
22022,0.9510951425668749
22023,0.9511440229840994
22024,0.9511928545453346
22025,0.9512416372994122
22026,0.951290371295115
22027,0.9513390565811768
22028,0.951387693206283
22029,0.9514362812190703
22030,0.9514848206681267
22031,0.9515333116019916
22032,0.951581754069156
22033,0.9516301481180625
22034,0.9516784937971049
22035,0.951726791154629
22036,0.9517750402389322
22037,0.9518232410982637
22038,0.9518713937808241
22039,0.9519194983347663
22040,0.9519675548081948
22041,0.9520155632491661
22042,0.9520635237056887
22043,0.952111436225723
22044,0.9521593008571816
22045,0.952207117647929
22046,0.9522548866457822
22047,0.9523026078985101
22048,0.9523502814538339
22049,0.9523979073594273
22050,0.9524454856629161
22051,0.9524930164118787
22052,0.9525404996538458
22053,0.9525879354363007
22054,0.9526353238066793
22055,0.9526826648123697
22056,0.9527299585007132
22057,0.9527772049190033
22058,0.9528244041144865
22059,0.9528715561343621
22060,0.952918661025782
22061,0.9529657188358512
22062,0.9530127296116275
22063,0.9530596934001216
22064,0.9531066102482975
22065,0.9531534802030718
22066,0.9532003033113146
22067,0.953247079619849
22068,0.9532938091754514
22069,0.9533404920248512
22070,0.9523876279648563
22071,0.9524352165426025
22072,0.9524827575555534
22073,0.95253025105125
22074,0.9525776970771858
22075,0.9526250956808068
22076,0.9526724469095116
22077,0.9527197508106515
22078,0.9527670074315304
22079,0.9528142168194049
22080,0.9528613790214845
22081,0.9529084940849313
22082,0.9529555620568604
22083,0.9530025829843398
22084,0.9530495569143904
22085,0.9530964838939863
22086,0.9531433639700543
22087,0.9531901971894745
22088,0.9532369835990803
22089,0.9532837232456579
22090,0.9533304161759472
22091,0.9533770624366409
22092,0.9534236620743853
22093,0.9524707148859052
22094,0.9525182204182531
22095,0.9525656784688096
22096,0.9526130890850326
22097,0.9526604523143329
22098,0.9527077682040738
22099,0.9527550368015709
22100,0.9528022581540931
22101,0.9518499320589866
22102,0.9518980580639251
22103,0.9519461359669097
22104,0.9519941658160183
22105,0.9520421476592806
22106,0.9520900815446787
22107,0.9521379675201462
22108,0.9521858056335694
22109,0.9522335959327862
22110,0.952281338465587
22111,0.9523290332797144
22112,0.9523766804228632
22113,0.9524242799426804
22114,0.9524718318867657
22115,0.9525193363026709
22116,0.9525667932379006
22117,0.9516147024900367
22118,0.9516630636069882
22119,0.9517113763869912
22120,0.9517596408783585
22121,0.9518078571293547
22122,0.9518560251881959
22123,0.9519041451030503
22124,0.9519522169220378
22125,0.9520002406932302
22126,0.9520482164646512
22127,0.9520961442842767
22128,0.9521440242000345
22129,0.9521918562598046
22130,0.952239640511419
22131,0.952287377002662
22132,0.95233506578127
22133,0.9523827068949319
22134,0.9524303003912887
22135,0.9524778463179341
22136,0.9525253447224139
22137,0.9525727956522266
22138,0.9526201991548231
22139,0.9526675552776069
22140,0.9527148640679342
22141,0.9527621255731137
22142,0.9528093398404069
22143,0.9528565069170283
22144,0.9529036268501447
22145,0.9529506996868762
22146,0.9529977254742956
22147,0.9530447042594288
22148,0.9530916360892544
22149,0.9531385210107044
22150,0.9531853590706637
22151,0.9532321503159704
22152,0.9532788947934158
22153,0.9533255925497441
22154,0.9533722436316534
22155,0.9534188480857947
22156,0.9534654059587724
22157,0.9535119172971445
22158,0.9535583821474222
22159,0.9536048005560704
22160,0.9536511725695076
22161,0.9536974982341058
22162,0.9537437775961907
22163,0.9537900107020415
22164,0.9538361975978915
22165,0.9538823383299276
22166,0.9539284329442905
22167,0.9539744814870749
22168,0.9540204840043292
22169,0.9540664405420559
22170,0.9541123511462117
22171,0.9541582158627073
22172,0.9542040347374072
22173,0.9542498078161304
22174,0.95429553514465
22175,0.9543412167686933
22176,0.954386852733942
22177,0.954432443086032
22178,0.9534784876206787
22179,0.9535249858839263
22180,0.9535714376721482
22181,0.9536178430317963
22182,0.9536642020092758
22183,0.9537105146509457
22184,0.9537567810031187
22185,0.9538030011120611
22186,0.953849175023993
22187,0.9538953027850885
22188,0.9539413844414752
22189,0.9539874200392349
22190,0.9540334096244031
22191,0.9540793532429694
22192,0.9541252509408775
22193,0.9541711027640251
22194,0.9542169087582639
22195,0.9542626689694
22196,0.9543083834431938
22197,0.9543540522253595
22198,0.954399675361566
22199,0.9544452528974365
22200,0.9534912846286735
22201,0.9535377701013085
22202,0.9535842091117019
22203,0.953630601706293
22204,0.9536769479314741
22205,0.9537232478335915
22206,0.9537695014589452
22207,0.9538157088537889
22208,0.9538618700643298
22209,0.9539079851367293
22210,0.9539540541171023
22211,0.954000077051518
22212,0.9540460539859993
22213,0.954091984966523
22214,0.9541378700390203
22215,0.9541837092493761
22216,0.9542295026434298
22217,0.9542752502669746
22218,0.9543209521657582
22219,0.9543666083854826
22220,0.954412218971804
22221,0.9544577839703329
22222,0.9545033034266344
22223,0.9545487773862279
22224,0.9545942058945875
22225,0.9546395889971416
22226,0.9546849267392734
22227,0.9547302191663206
22228,0.9547754663235757
22229,0.9548206682562858
22230,0.9548658250096528
22231,0.9549109366288335
22232,0.9549560031589397
22233,0.9540015243951626
22234,0.9540474998830235
22235,0.9540934294183728
22236,0.9541393130471401
22237,0.9541851508152089
22238,0.9542309427684171
22239,0.9542766889525567
22240,0.9543223894133738
22241,0.9543680441965688
22242,0.9544136533477967
22243,0.9544592169126664
22244,0.9545047349367417
22245,0.9545502074655405
22246,0.9545956345445354
22247,0.9546410162191536
22248,0.9546863525347766
22249,0.9547316435367409
22250,0.9547768892703373
22251,0.9548220897808117
22252,0.9548672451133646
22253,0.9549123553131513
22254,0.9549574204252821
22255,0.9550024404948221
22256,0.9550474155667913
22257,0.9550923456861649
22258,0.9551372308978728
22259,0.9551820712468005
22260,0.9552268667777882
22261,0.9552716175356315
22262,0.9553163235650811
22263,0.9553609849108432
22264,0.955405601617579
22265,0.9554501737299053
22266,0.9554947012923941
22267,0.9555391843495731
22268,0.9555836229459254
22269,0.9556280171258894
22270,0.9556723669338595
22271,0.9557166724141855
22272,0.9557609336111728
22273,0.9558051505690827
22274,0.955849323332132
22275,0.9558934519444937
22276,0.9559375364502963
22277,0.9559815768936244
22278,0.9560255733185183
22279,0.9550700255190996
22280,0.9551149330398201
22281,0.9551597956754625
22282,0.9552046134708894
22283,0.9552493864709185
22284,0.9552941147203229
22285,0.9553387982638308
22286,0.9553834371461258
22287,0.9554280314118468
22288,0.9554725811055881
22289,0.9555170862718994
22290,0.9555615469552857
22291,0.955605963200208
22292,0.9556503350510823
22293,0.9556946625522806
22294,0.9557389457481305
22295,0.9557831846829149
22296,0.955827379400873
22297,0.9558715299461995
22298,0.9559156363630449
22299,0.9559596986955156
22300,0.956003716987674
22301,0.9560476912835384
22302,0.955092121377208
22303,0.9551370068131129
22304,0.9551818473860133
22305,0.9552266431407499
22306,0.9552713941221185
22307,0.95531610037487
22308,0.9553607619437108
22309,0.9554053788733022
22310,0.9554499512082615
22311,0.9544949787432857
22312,0.9545404610234024
22313,0.9545858978439687
22314,0.9546312892504215
22315,0.9546766352881523
22316,0.954721936002507
22317,0.9547671914387863
22318,0.9548124016422458
22319,0.9548575666580956
22320,0.9549026865315008
22321,0.9549477613075813
22322,0.9549927910314118
22323,0.9550377757480221
22324,0.9550827155023969
22325,0.9551276103394759
22326,0.9551724603041541
22327,0.9552172654412814
22328,0.9552620257956629
22329,0.9553067414120591
22330,0.9553514123351854
22331,0.9553960386097129
22332,0.9554406202802679
22333,0.955485157391432
22334,0.9555296499877425
22335,0.9555740981136918
22336,0.9556185018137281
22337,0.9556628611322551
22338,0.9557071761136321
22339,0.9557514468021742
22340,0.955795673242152
22341,0.955839855477792
22342,0.9558839935532765
22343,0.9559280875127435
22344,0.955972137400287
22345,0.9560161432599569
22346,0.956060105135759
22347,0.9561040230716553
22348,0.9561478971115637
22349,0.9561917272993582
22350,0.956235513678869
22351,0.9562792562938827
22352,0.9563229551881417
22353,0.956366610405345
22354,0.9564102219891477
22355,0.9564537899831616
22356,0.9564973144309545
22357,0.9565407953760511
22358,0.9565842328619321
22359,0.9566276269320351
22360,0.9566709776297542
22361,0.95671428499844
22362,0.9567575490814001
22363,0.9568007699218984
22364,0.9568439475631559
22365,0.9568870820483502
22366,0.9569301734206157
22367,0.9569732217230439
22368,0.957016226998683
22369,0.9570591892905385
22370,0.9571021086415724
22371,0.9571449850947042
22372,0.9571878186928104
22373,0.9572306094787246
22374,0.9572733574952377
22375,0.9573160627850975
22376,0.9573587253910094
22377,0.957401345355636
22378,0.9574439227215974
22379,0.9574864575314709
22380,0.9575289498277912
22381,0.9575713996530508
22382,0.9576138070496995
22383,0.9576561720601445
22384,0.9576984947267511
22385,0.9577407750918417
22386,0.957783013197697
22387,0.9578252090865549
22388,0.9578673628006114
22389,0.95790947438202
22390,0.9579515438728926
22391,0.9579935713152985
22392,0.9580355567512652
22393,0.9580775002227782
22394,0.9581194017717809
22395,0.9581612614401749
22396,0.9582030792698198
22397,0.9582448553025337
22398,0.9582865895800924
22399,0.9583282821442303
22400,0.9583699330366399
22401,0.9584115422989721
22402,0.9584531099728362
22403,0.9584946360997999
22404,0.9585361207213893
22405,0.9575780636292139
22406,0.9576204643652168
22407,0.9576628227216734
22408,0.9577051387409421
22409,0.957747412465339
22410,0.9577896439371377
22411,0.9578318331985699
22412,0.9578739802918247
22413,0.9579160852590493
22414,0.9579581481423486
22415,0.9580001689837855
22416,0.9580421478253809
22417,0.9580840847091137
22418,0.9581259796769206
22419,0.9581678327706968
22420,0.9582096440322954
22421,0.9582514135035275
22422,0.9582931412261626
22423,0.9583348272419285
22424,0.9573769713426362
22425,0.9574195730704297
22426,0.9574621322177855
22427,0.957504648827263
22428,0.9575471229413788
22429,0.9575895546026068
22430,0.9576319438533788
22431,0.957674290736084
22432,0.9577165952930694
22433,0.9577588575666396
22434,0.9578010775990567
22435,0.9568437551826658
22436,0.9568868898601445
22437,0.9569299814245021
22438,0.9569730299188305
22439,0.957016035386178
22440,0.9570589978695501
22441,0.9571019174119093
22442,0.9571447940561753
22443,0.9571876278452246
22444,0.9572304188218911
22445,0.9572731670289657
22446,0.9573158725091966
22447,0.9573585353052894
22448,0.9574011554599068
22449,0.957443733015669
22450,0.9574862680151536
22451,0.9575287605008955
22452,0.9575712105153874
22453,0.9576136181010791
22454,0.9576559833003784
22455,0.9576983061556503
22456,0.9577405867092179
22457,0.9577828250033616
22458,0.9578250210803199
22459,0.9578671749822886
22460,0.9579092867514217
22461,0.9579513564298311
22462,0.9579933840595863
22463,0.9580353696827152
22464,0.9580773133412033
22465,0.9581192150769942
22466,0.9581610749319897
22467,0.9582028929480496
22468,0.9582446691669921
22469,0.9582864036305934
22470,0.9583280963805878
22471,0.9583697474586682
22472,0.9584113569064856
22473,0.9584529247656496
22474,0.9584944510777279
22475,0.9585359358842469
22476,0.9585773792266914
22477,0.9586187811465048
22478,0.958660141685089
22479,0.9587014608838045
22480,0.9587427387839705
22481,0.9587839754268651
22482,0.9588251708537248
22483,0.958866325105745
22484,0.9589074382240801
22485,0.9589485102498432
22486,0.9589895412241062
22487,0.9590305311879002
22488,0.9590714801822151
22489,0.959112388248
22490,0.9591532554261629
22491,0.959194081757571
22492,0.9592348672830507
22493,0.9592756120433875
22494,0.958316815829451
22495,0.9583584781824451
22496,0.958400098893907
22497,0.9584416780054573
22498,0.9584832155586752
22499,0.9585247115950983
22500,0.9585661661562227
22501,0.9586075792835028
22502,0.9586489510183519
22503,0.9586902814021416
22504,0.9587315704762025
22505,0.9587728182818235
22506,0.9588140248602525
22507,0.9588551902526959
22508,0.9588963145003194
22509,0.9589373976442471
22510,0.9589784397255622
22511,0.9580199405354317
22512,0.9580618996153564
22513,0.9581038167571702
22514,0.9581456920027902
22515,0.9581875253940918
22516,0.9582293169729083
22517,0.9582710667810312
22518,0.9583127748602106
22519,0.9583544412521544
22520,0.9583960659985291
22521,0.9584376491409594
22522,0.9584791907210284
22523,0.9585206907802777
22524,0.9585621493602074
22525,0.9586035665022762
22526,0.9586449422479011
22527,0.958686276638458
22528,0.9587275697152811
22529,0.9587688215196636
22530,0.9588100320928573
22531,0.9588512014760728
22532,0.9588923297104796
22533,0.9589334168372057
22534,0.9589744628973385
22535,0.9590154679319238
22536,0.9590564319819669
22537,0.9590973550884316
22538,0.9591382372922413
22539,0.9591790786342781
22540,0.9592198791553833
22541,0.9592606388963575
22542,0.9593013578979603
22543,0.9593420362009109
22544,0.9593826738458875
22545,0.9594232708735277
22546,0.9594638273244288
22547,0.959504343239147
22548,0.9595448186581983
22549,0.9595852536220582
22550,0.9596256481711616
22551,0.959666002345903
22552,0.9597063161866368
22553,0.9597465897336767
22554,0.9597868230272961
22555,0.9598270161077286
22556,0.9598671690151671
22557,0.9599072817897646
22558,0.9599473544716339
22559,0.9599873871008476
22560,0.9600273797174385
22561,0.9600673323613991
22562,0.9601072450726821
22563,0.9601471178912001
22564,0.9601869508568261
22565,0.960226744009393
22566,0.960266497388694
22567,0.9603062110344823
22568,0.9603458849864719
22569,0.9603855192843365
22570,0.9604251139677105
22571,0.9604646690761885
22572,0.9605041846493257
22573,0.9605436607266378
22574,0.9605830973476006
22575,0.9606224945516509
22576,0.960661852378186
22577,0.9607011708665636
22578,0.9607404500561023
22579,0.9607796899860812
22580,0.9608188906957403
22581,0.9608580522242803
22582,0.9608971746108628
22583,0.96093625789461
22584,0.9609753021146054
22585,0.9610143073098931
22586,0.9610532735194784
22587,0.9610922007823275
22588,0.9611310891373677
22589,0.9611699386234872
22590,0.9612087492795357
22591,0.9602480208944487
22592,0.9602877530074977
22593,0.9603274454082898
22594,0.9603670981365174
22595,0.9604067112318333
22596,0.9604462847338504
22597,0.9604858186821424
22598,0.9605253131162432
22599,0.9605647680756473
22600,0.9606041835998096
22601,0.9606435597281456
22602,0.9606828965000316
22603,0.9607221939548042
22604,0.9607614521317609
22605,0.96080067107016
22606,0.9608398508092203
22607,0.9608789913881216
22608,0.9609180928460045
22609,0.9609571552219704
22610,0.9609961785550819
22611,0.9610351628843622
22612,0.9610741082487956
22613,0.9611130146873275
22614,0.9601523819889893
22615,0.9601922096931482
22616,0.960231997589507
22617,0.9602717457178532
22618,0.9593119538680602
22619,0.9593526215803361
22620,0.9593932486452232
22621,0.959433835103349
22622,0.9594743809952997
22623,0.9595148863616212
22624,0.959555351242819
22625,0.9595957756793579
22626,0.9596361597116624
22627,0.9596765033801165
22628,0.9597168067250639
22629,0.959757069786808
22630,0.9597972926056118
22631,0.959837475221698
22632,0.9598776176752496
22633,0.9599177200064087
22634,0.959957782255278
22635,0.9589983042120444
22636,0.9590392854172297
22637,0.9590802256616903
22638,0.9591211249863663
22639,0.959161983432157
22640,0.959202801039921
22641,0.9592435778504758
22642,0.9592843139045982
22643,0.9593250092430244
22644,0.9593656639064497
22645,0.9594062779355287
22646,0.9594468513708755
22647,0.9594873842530636
22648,0.9595278766226257
22649,0.9595683285200544
22650,0.9596087399858014
22651,0.9596491110602784
22652,0.9596894417838563
22653,0.959729732196866
22654,0.9597699823395978
22655,0.9598101922523018
22656,0.959850361975188
22657,0.9598904915484262
22658,0.9599305810121459
22659,0.9599706304064366
22660,0.9600106397713477
22661,0.9600506091468886
22662,0.9600905385730286
22663,0.9591309278398222
22664,0.9591717764876585
22665,0.9592125843072611
22666,0.9592533513394378
22667,0.9592940776249556
22668,0.9593347632045408
22669,0.9593754081188791
22670,0.9584165121587404
22671,0.9584580748652284
22672,0.9584995960297809
22673,0.958541075693919
22674,0.9585825138991225
22675,0.9586239106868295
22676,0.9586652660984368
22677,0.9587065801753
22678,0.958747852958733
22679,0.9577895842401336
22680,0.957831773561233
22681,0.9578739207140953
22682,0.9579160257408678
22683,0.9579580886836555
22684,0.9580001095845214
22685,0.9580420884854864
22686,0.9580840254285294
22687,0.9581259204555874
22688,0.9581677736085553
22689,0.9582095849292864
22690,0.958251354459592
22691,0.9582930822412415
22692,0.958334768315963
22693,0.9583764127254423
22694,0.9584180155113239
22695,0.9584595767152106
22696,0.9585010963786638
22697,0.9585425745432028
22698,0.958584011250306
22699,0.9586254065414102
22700,0.9586667604579104
22701,0.9587080730411609
22702,0.958749344332474
22703,0.9587905743731212
22704,0.9588317632043325
22705,0.9588729108672966
22706,0.9589140174031614
22707,0.9589550828530333
22708,0.9589961072579778
22709,0.9590370906590193
22710,0.9590780330971412
22711,0.959118934613286
22712,0.9591597952483552
22713,0.9592006150432094
22714,0.9592413940386685
22715,0.9592821322755114
22716,0.9593228297944764
22717,0.959363486636261
22718,0.9594041028415221
22719,0.9594446784508759
22720,0.959485213504898
22721,0.9595257080441235
22722,0.9595661621090469
22723,0.9596065757401223
22724,0.9596469489777634
22725,0.9596872818623433
22726,0.9597275744341951
22727,0.9597678267336112
22728,0.959808038800844
22729,0.9598482106761055
22730,0.9598883423995677
22731,0.9599284340113622
22732,0.9599684855515808
22733,0.9600084970602748
22734,0.960048468577456
22735,0.9600884001430957
22736,0.9601282917971256
22737,0.9601681435794372
22738,0.9602079555298826
22739,0.9602477276882735
22740,0.9592879598445071
22741,0.9593286515388154
22742,0.9583698023118901
22743,0.9584114117048816
22744,0.9584529795092745
22745,0.9584945057666366
22746,0.958535990518494
22747,0.9585774338063316
22748,0.9586188356715927
22749,0.958660196155679
22750,0.9587015152999512
22751,0.9587427931457283
22752,0.9587840297342883
22753,0.9588252251068677
22754,0.958866379304662
22755,0.9589074923688252
22756,0.9589485643404706
22757,0.9589895952606701
22758,0.9590305851704545
22759,0.9590715341108138
22760,0.958112941872822
22761,0.9581548079978867
22762,0.9581966322777489
22763,0.9582384147542329
22764,0.9582801554691212
22765,0.9583218544641545
22766,0.958363511781032
22767,0.9584051274614107
22768,0.9584467015469066
22769,0.9584882340790936
22770,0.9585297250995043
22771,0.9585711746496297
22772,0.9586125827709194
22773,0.9586539495047816
22774,0.9586952748925829
22775,0.9587365589756488
22776,0.9587778017952634
22777,0.9588190033926695
22778,0.9588601638090686
22779,0.9589012830856213
22780,0.9589423612634468
22781,0.9589833983836232
22782,0.9590243944871878
22783,0.9590653496151367
22784,0.9591062638084249
22785,0.9591471371079667
22786,0.9591879695546355
22787,0.9592287611892635
22788,0.9592695120526425
22789,0.9593102221855234
22790,0.9593508916286163
22791,0.9593915204225907
22792,0.9594321086080754
22793,0.9594726562256585
22794,0.9595131633158877
22795,0.9595536299192701
22796,0.9595940560762724
22797,0.9596344418273206
22798,0.9586752869629255
22799,0.958716591023932
22800,0.9587578538015193
22801,0.9587990753369501
22802,0.9588402556714459
22803,0.9588813948461871
22804,0.9589224929023128
22805,0.9589635498809211
22806,0.9590045658230691
22807,0.9590455407697728
22808,0.9590864747620069
22809,0.9591273678407055
22810,0.9591682200467618
22811,0.959209031421028
22812,0.9592498020043153
22813,0.9592905318373944
22814,0.9593312209609952
22815,0.9593718694158068
22816,0.9594124772424776
22817,0.9594530444816155
22818,0.9594935711737878
22819,0.9595340573595211
22820,0.9595745030793017
22821,0.9586154081237002
22822,0.9586567720336215
22823,0.9586980946003045
22824,0.9587393758650719
22825,0.9587806158692047
22826,0.9588218146539431
22827,0.9588629722604859
22828,0.9589040887299907
22829,0.9589451641035739
22830,0.9589861984223109
22831,0.9590271917272362
22832,0.9590681440593428
22833,0.9591090554595834
22834,0.9591499259688692
22835,0.9591907556280707
22836,0.9592315444780176
22837,0.9592722925594989
22838,0.9593129999132625
22839,0.9593536665800159
22840,0.9593942926004256
22841,0.9594348780151178
22842,0.9594754228646779
22843,0.9595159271896507
22844,0.9595563910305407
22845,0.9595968144278115
22846,0.9596371974218867
22847,0.9596775400531492
22848,0.9597178423619417
22849,0.9597581043885665
22850,0.9597983261732855
22851,0.9588390075064457
22852,0.9588801479287281
22853,0.9589212472311481
22854,0.9589623054548052
22855,0.9590033226407574
22856,0.959044298830022
22857,0.9590852340635752
22858,0.9591261283823522
22859,0.9591669818272475
22860,0.9582082941892393
22861,0.9582500650096398
22862,0.958291794080095
22863,0.9583334814423338
22864,0.9583751271380436
22865,0.9584167312088702
22866,0.9584582936964176
22867,0.9584998146422482
22868,0.9585412940878831
22869,0.9575832318249268
22870,0.9576256273953166
22871,0.9576679805913233
22872,0.9577102914553
22873,0.9577525600295576
22874,0.9577947863563646
22875,0.9578369704779475
22876,0.9578791124364903
22877,0.957921212274135
22878,0.9579632700329814
22879,0.9570057855052123
22880,0.957048758233343
22881,0.9570916880102213
22882,0.9571345748787767
22883,0.9571774188818964
22884,0.9572202200624242
22885,0.9572629784631614
22886,0.9573056941268664
22887,0.9573483670962548
22888,0.9573909974139997
22889,0.9574335851227314
22890,0.9574761302650374
22891,0.9575186328834632
22892,0.9575610930205112
22893,0.9576035107186416
22894,0.9576458860202721
22895,0.9576882189677781
22896,0.9577305096034925
22897,0.9577727579697058
22898,0.9578149641086666
22899,0.9578571280625809
22900,0.9578992498736129
22901,0.9579413295838841
22902,0.9579833672354744
22903,0.9580253628704214
22904,0.9580673165307209
22905,0.9581092282583263
22906,0.9581510980951496
22907,0.9581929260830605
22908,0.958234712263887
22909,0.9582764566794154
22910,0.95831815937139
22911,0.9583598203815136
22912,0.9584014397514471
22913,0.9584430175228099
22914,0.9584845537371799
22915,0.9585260484360932
22916,0.9585675016610447
22917,0.9586089134534874
22918,0.9586502838548333
22919,0.9586916129064527
22920,0.9587329006496746
22921,0.9587741471257869
22922,0.958815352376036
22923,0.9588565164416272
22924,0.9588976393637245
22925,0.9589387211834509
22926,0.9589797619418883
22927,0.9590207616800773
22928,0.9580622201891428
22929,0.958104137010543
22930,0.9581460119360696
22931,0.9581878450075978
22932,0.9582296362669606
22933,0.9582713857559491
22934,0.9583130935163129
22935,0.9583547595897598
22936,0.9583963840179559
22937,0.9584379668425257
22938,0.9584795081050519
22939,0.9585210078470758
22940,0.9575629658602222
22941,0.9576053816864488
22942,0.9576477551180466
22943,0.9576900861973888
22944,0.9577323749668067
22945,0.957774621468589
22946,0.9568173254951072
22947,0.9558609863391901
22948,0.9559051032943734
22949,0.9559491761546489
22950,0.9559932049640896
22951,0.9560371897667241
22952,0.9560811306065375
22953,0.9561250275274705
22954,0.9561688805734201
22955,0.9562126897882393
22956,0.9562564552157373
22957,0.9563001768996796
22958,0.9563438548837879
22959,0.9563874892117401
22960,0.9564310799271707
22961,0.9564746270736703
22962,0.9565181306947861
22963,0.9565615908340217
22964,0.9566050075348372
22965,0.9566483808406495
22966,0.9566917107948317
22967,0.956734997440714
22968,0.9557787405717078
22969,0.9558229397315561
22970,0.9548675944644581
22971,0.9549127043150684
22972,0.9549577690783716
22973,0.9550027887994327
22974,0.9550477635232714
22975,0.9550926932948623
22976,0.9551375781591354
22977,0.9551824181609753
22978,0.9552272133452222
22979,0.9542724635067962
22980,0.9543181681909473
22981,0.9533643269433801
22982,0.9534109393102533
22983,0.9534575050880542
22984,0.9535040243233485
22985,0.9535504970626555
22986,0.953596923352448
22987,0.9536433032391521
22988,0.953689636769148
22989,0.953735923988769
22990,0.9537821649443026
22991,0.9538283596819894
22992,0.9538745082480244
22993,0.9539206106885562
22994,0.953966667049687
22995,0.9540126773774734
22996,0.9540586417179258
22997,0.9541045601170083
22998,0.9541504326206395
22999,0.9541962592746918
23000,0.9542420401249919
23001,0.9542877752173208
23002,0.9543334645974134
23003,0.9543791083109592
23004,0.9544247064036019
23005,0.9544702589209396
23006,0.9545157659085249
23007,0.9545612274118648
23008,0.9546066434764207
23009,0.9546520141476087
23010,0.9546973394707995
23011,0.9547426194913184
23012,0.9547878542544456
23013,0.9548330438054157
23014,0.9548781881894183
23015,0.9549232874515977
23016,0.9549683416370534
23017,0.9550133507908394
23018,0.955058314957965
23019,0.9551032341833944
23020,0.9551481085120467
23021,0.9551929379887962
23022,0.9552377226584726
23023,0.9552824625658605
23024,0.9553271577556997
23025,0.9553718082726854
23026,0.9554164141614684
23027,0.9554609754666543
23028,0.9555054922328046
23029,0.955549964504436
23030,0.9555943923260207
23031,0.9556387757419867
23032,0.9556831147967174
23033,0.9557274095345518
23034,0.9557716599997846
23035,0.9558158662366664
23036,0.9558600282894033
23037,0.9559041462021576
23038,0.955948220019047
23039,0.9559922497841454
23040,0.9560362355414826
23041,0.9560801773350444
23042,0.9561240752087724
23043,0.9561679292065647
23044,0.9562117393722752
23045,0.9552560054998391
23046,0.9553007271335224
23047,0.9553454040679217
23048,0.9553900363477139
23049,0.9554346240175313
23050,0.9554791671219616
23051,0.9555236657055478
23052,0.9555681198127887
23053,0.9556125294881382
23054,0.9556568947760061
23055,0.9547017154708827
23056,0.9547469911175884
23057,0.954792221511274
23058,0.9548374066971698
23059,0.9548825467204609
23060,0.9549276416262875
23061,0.9549726914597445
23062,0.9550176962658817
23063,0.955062656089704
23064,0.955107570976171
23065,0.9551524409701979
23066,0.9551972661166545
23067,0.9552420464603659
23068,0.9552867820461127
23069,0.9553314729186304
23070,0.9553761191226098
23071,0.9554207207026971
23072,0.955465277703494
23073,0.9555097901695575
23074,0.9555542581454001
23075,0.9555986816754897
23076,0.9556430608042498
23077,0.9556873955760596
23078,0.9557316860352539
23079,0.9557759322261232
23080,0.9558201341929137
23081,0.9558642919798273
23082,0.9559084056310219
23083,0.955952475190611
23084,0.9559965007026644
23085,0.9560404822112074
23086,0.9560844197602217
23087,0.9551288131437697
23088,0.9551736619062448
23089,0.9552184658423705
23090,0.9552632249969508
23091,0.955307939414745
23092,0.9543531088905923
23093,0.9543987329696622
23094,0.9544443114474536
23095,0.9544898443695451
23096,0.9545353317814695
23097,0.9545807737287144
23098,0.9546261702567217
23099,0.9546715214108878
23100,0.9547168272365641
23101,0.9547620877790564
23102,0.95380780283375
23103,0.9538539719463599
23104,0.9539000949129303
23105,0.953946171779584
23106,0.9539922025923979
23107,0.954038187397403
23108,0.954084126240584
23109,0.9541300191678798
23110,0.9541758662251832
23111,0.9542216674583415
23112,0.9542674229131557
23113,0.9533136323855064
23114,0.9533602954216028
23115,0.9534069118179831
23116,0.9534534816212634
23117,0.9535000048780138
23118,0.9535464816347574
23119,0.953592911937971
23120,0.953639295834085
23121,0.9526861331196081
23122,0.9527334233413777
23123,0.9527806662965587
23124,0.9528278620323942
23125,0.95287501059608
23126,0.9529221120347646
23127,0.9529691663955495
23128,0.953016173725489
23129,0.9530631340715904
23130,0.9531100474808142
23131,0.9531569140000737
23132,0.9532037336762356
23133,0.9532505065561194
23134,0.9532972326864981
23135,0.9523444118642228
23136,0.9523920436364725
23137,0.9524396278007539
23138,0.9524871644046512
23139,0.952534653495701
23140,0.9525820951213925
23141,0.9526294893291671
23142,0.9526768361664193
23143,0.9527241356804959
23144,0.9527713879186963
23145,0.9528185929282729
23146,0.9528657507564305
23147,0.9529128614503272
23148,0.9529599250570735
23149,0.9530069416237331
23150,0.9530539111973226
23151,0.9521013335749365
23152,0.9521492083039971
23153,0.952197035182254
23154,0.952244814257534
23155,0.9522925455776164
23156,0.9523402291902325
23157,0.9523878651430658
23158,0.9524354534837525
23159,0.9524829942598807
23160,0.9525304875189913
23161,0.9525779333085775
23162,0.9526253316760852
23163,0.9526726826689127
23164,0.952719986334411
23165,0.9527672427198839
23166,0.9528144518725876
23167,0.9528616138397314
23168,0.9529087286684773
23169,0.9529557964059401
23170,0.9530028170991875
23171,0.9530497907952403
23172,0.9530967175410722
23173,0.9521440971337348
23174,0.9521919291206077
23175,0.9522397132993977
23176,0.952287449717889
23177,0.9523351384238182
23178,0.9523827794648739
23179,0.9524303728886971
23180,0.9524779187428813
23181,0.9525254170749724
23182,0.9525728679324686
23183,0.952620271362821
23184,0.9526676274134329
23185,0.9527149361316604
23186,0.9527621975648122
23187,0.9528094117601497
23188,0.9528565787648872
23189,0.9529036986261916
23190,0.9529507713911829
23191,0.9529977971069339
23192,0.9530447758204702
23193,0.9530917075787706
23194,0.9531385924287669
23195,0.9531854304173438
23196,0.9522327213414644
23197,0.9512809644985444
23198,0.9513296591867018
23199,0.9513783052045062
23200,0.9514269026006036
23201,0.9514754514235915
23202,0.9515239517220186
23203,0.9515724035443854
23204,0.9516208069391436
23205,0.9516691619546968
23206,0.9507179683895246
23207,0.9507672257924337
23208,0.9508164339625562
23209,0.9508655929491003
23210,0.9509147028012251
23211,0.9509637635680405
23212,0.9510127752986072
23213,0.9510617380419369
23214,0.9501111515971175
23215,0.9501610155135621
23216,0.9502108295910099
23217,0.9492610936293997
23218,0.9493118071789955
23219,0.9493624700403859
23220,0.9494130822642336
23221,0.9494636439011509
23222,0.9495141550016994
23223,0.9495646156163904
23224,0.9496150257956844
23225,0.9496653855899915
23226,0.9497156950496717
23227,0.9497659542250343
23228,0.9498161631663387
23229,0.9498663219237936
23230,0.9499164305475579
23231,0.9499664890877403
23232,0.9500164975943992
23233,0.9500664561175433
23234,0.9491168644572558
23235,0.9491677221639453
23236,0.9492185290383441
23237,0.9492692851312593
23238,0.949319990493447
23239,0.9493706451756124
23240,0.9494212492284104
23241,0.949471802702445
23242,0.9495223056482697
23243,0.9495727581163873
23244,0.9496231601572505
23245,0.9496735118212613
23246,0.9497238131587712
23247,0.9497740642200818
23248,0.949824265055444
23249,0.9498744157150588
23250,0.9499245162490767
23251,0.9499745667075984
23252,0.9500245671406743
23253,0.9500745175983049
23254,0.9501244181304405
23255,0.9501742687869817
23256,0.9502240696177794
23257,0.9502738206726342
23258,0.9503235220012972
23259,0.9503731736534698
23260,0.9504227756788037
23261,0.9504723281269009
23262,0.9505218310473138
23263,0.9505712844895454
23264,0.9506206885030491
23265,0.950670043137229
23266,0.9507193484414397
23267,0.9507686044649865
23268,0.9508178112571254
23269,0.9508669688670633
23270,0.9509160773439579
23271,0.9509651367369174
23272,0.9510141470950014
23273,0.9510631084672203
23274,0.9511120209025354
23275,0.9511608844498592
23276,0.9512096991580553
23277,0.9512584650759384
23278,0.9513071822522743
23279,0.9513558507357802
23280,0.9514044705751248
23281,0.9514530418189278
23282,0.9515015645157604
23283,0.9515500387141455
23284,0.9515984644625571
23285,0.9516468418094212
23286,0.9516951708031149
23287,0.9517434514919674
23288,0.9517916839242593
23289,0.9518398681482231
23290,0.9518880042120429
23291,0.951936092163855
23292,0.9519841320517471
23293,0.9520321239237594
23294,0.9520800678278836
23295,0.9521279638120635
23296,0.9521758119241954
23297,0.9522236122121273
23298,0.9522713647236594
23299,0.9523190695065442
23300,0.9523667266084866
23301,0.9524143360771439
23302,0.9524618979601253
23303,0.9525094123049928
23304,0.9525568791592606
23305,0.9516047983205207
23306,0.9516531693366921
23307,0.9517014920060207
23308,0.9517497663768293
23309,0.9517979924973922
23310,0.9518461704159356
23311,0.9518943001806373
23312,0.9519423818396271
23313,0.9519904154409868
23314,0.95203840103275
23315,0.9520863386629022
23316,0.952134228379381
23317,0.9521820702300763
23318,0.9522298642628299
23319,0.9522776105254357
23320,0.9523253090656402
23321,0.9523729599311418
23322,0.9524205631695914
23323,0.9524681188285924
23324,0.9525156269557002
23325,0.9525630875984232
23326,0.9526105008042219
23327,0.9526578666205096
23328,0.952705185094652
23329,0.9527524562739677
23330,0.9527996802057278
23331,0.9528468569371563
23332,0.95289398651543
23333,0.9529410689876785
23334,0.9529881044009841
23335,0.9530350928023824
23336,0.9530820342388618
23337,0.9531289287573638
23338,0.9531757764047827
23339,0.9532225772279663
23340,0.9532693312737155
23341,0.9533160385887842
23342,0.9533626992198799
23343,0.9534093132136632
23344,0.953455880616748
23345,0.9525029012258267
23346,0.9525503745879198
23347,0.9525978005003757
23348,0.9526451790106202
23349,0.9526925101660318
23350,0.9527397940139418
23351,0.952787030601634
23352,0.9528342199763451
23353,0.9528813621852643
23354,0.9529284572755339
23355,0.952975505294249
23356,0.9530225062884576
23357,0.9530694603051608
23358,0.9531163673913126
23359,0.95316322759382
23360,0.9532100409595433
23361,0.9532568075352958
23362,0.9533035273678443
23363,0.9533502005039084
23364,0.9533968269901614
23365,0.9534434068732297
23366,0.9534899401996932
23367,0.9535364270160853
23368,0.9535828673688929
23369,0.9536292613045562
23370,0.9536756088694691
23371,0.9537219101099794
23372,0.9537681650723883
23373,0.9538143738029506
23374,0.9538605363478753
23375,0.9539066527533246
23376,0.9539527230654152
23377,0.9539987473302174
23378,0.9540447255937554
23379,0.9540906579020075
23380,0.9541365443009061
23381,0.9541823848363374
23382,0.9542281795541422
23383,0.954273928500115
23384,0.954319631720005
23385,0.9543652892595152
23386,0.9544109011643034
23387,0.9544564674799813
23388,0.9545019882521152
23389,0.954547463526226
23390,0.954592893347789
23391,0.954638277762234
23392,0.9546836168149454
23393,0.9547289105512623
23394,0.9547741590164784
23395,0.9548193622558423
23396,0.954864520314557
23397,0.9549096332377809
23398,0.9549547010706266
23399,0.9549997238581622
23400,0.9550447016454104
23401,0.9550896344773491
23402,0.955134522398911
23403,0.955179365454984
23404,0.9552241636904114
23405,0.9552689171499912
23406,0.9553136258784769
23407,0.9553582899205774
23408,0.9554029093209566
23409,0.955447484124234
23410,0.9554920143749843
23411,0.9555365001177379
23412,0.9555809413969806
23413,0.9556253382571535
23414,0.9546701904927785
23415,0.9547154976487077
23416,0.9547607595201233
23417,0.9548059761522871
23418,0.9548511475904158
23419,0.9548962738796807
23420,0.9549413550652083
23421,0.9549863911920796
23422,0.9550313823053309
23423,0.9550763284499533
23424,0.9551212296708929
23425,0.9551660860130509
23426,0.9552108975212837
23427,0.9552556642404029
23428,0.9553003862151751
23429,0.9553450634903223
23430,0.9553896961105219
23431,0.9554342841204064
23432,0.9554788275645639
23433,0.9555233264875379
23434,0.9545682806839522
23435,0.9546136896987608
23436,0.9546590533272478
23437,0.9547043716147767
23438,0.954749644606666
23439,0.9547948723481886
23440,0.9548400548845722
23441,0.9548851922609994
23442,0.9549302845226076
23443,0.9549753317144891
23444,0.955020333881691
23445,0.9550652910692156
23446,0.9551102033220199
23447,0.9551550706850164
23448,0.9551998932030723
23449,0.9552446709210103
23450,0.955289403883608
23451,0.9553340921355984
23452,0.9553787357216698
23453,0.9554233346864657
23454,0.9544683888247101
23455,0.954513897681457
23456,0.9545593610520903
23457,0.9546047789820732
23458,0.9546501515168238
23459,0.9546954787017145
23460,0.9547407605820726
23461,0.9547859972031799
23462,0.9548311886102732
23463,0.9538768345986687
23464,0.9539229347140123
23465,0.9539689887522792
23466,0.9540149967595233
23467,0.9540609587817527
23468,0.9541068748649293
23469,0.9541527450549694
23470,0.9541985693977431
23471,0.9542443479390746
23472,0.9542900807247428
23473,0.9543357678004801
23474,0.9543814092119739
23475,0.9534275047549904
23476,0.9534740539756251
23477,0.9535205566703021
23478,0.9535670128855241
23479,0.9536134226677475
23480,0.953659786063382
23481,0.9537061031187909
23482,0.9537523738802913
23483,0.9537985983941542
23484,0.9538447767066037
23485,0.9538909088638186
23486,0.9539369949119306
23487,0.9539830348970262
23488,0.9540290288651451
23489,0.9540749768622814
23490,0.954120878934383
23491,0.9541667351273522
23492,0.9532130452371699
23493,0.9532598088101463
23494,0.9533065256429197
23495,0.9533531957822071
23496,0.9533998192746787
23497,0.9534463961669578
23498,0.9534929265056216
23499,0.9535394103372001
23500,0.9535858477081774
23501,0.9536322386649909
23502,0.9536785832540314
23503,0.9537248815216436
23504,0.9537711335141257
23505,0.9538173392777297
23506,0.9538634988586615
23507,0.9539096123030807
23508,0.9539556796571006
23509,0.9540017009667886
23510,0.9540476762781661
23511,0.9540936056372085
23512,0.9541394890898449
23513,0.954185326681959
23514,0.9542311184593883
23515,0.9542768644679247
23516,0.9543225647533141
23517,0.9543682193612568
23518,0.9544138283374075
23519,0.9544593917273752
23520,0.9545049095767231
23521,0.9545503819309692
23522,0.9545958088355859
23523,0.9546411903360001
23524,0.9546865264775933
23525,0.9547318173057017
23526,0.954777062865616
23527,0.9538227629527068
23528,0.9538689171126742
23529,0.953915025141547
23530,0.9539610870854335
23531,0.9540071029903956
23532,0.9540530729024491
23533,0.9540989968675642
23534,0.9541448749316646
23535,0.9541907071406284
23536,0.9542364935402879
23537,0.9542822341764295
23538,0.9543279290947939
23539,0.954373578341076
23540,0.9544191819609249
23541,0.9544647399999444
23542,0.9545102525036926
23543,0.9545557195176819
23544,0.9546011410873794
23545,0.9546465172582066
23546,0.9546918480755398
23547,0.9547371335847096
23548,0.9547823738310017
23549,0.9548275688596564
23550,0.9548727187158687
23551,0.9549178234447884
23552,0.9549628830915202
23553,0.9550078977011239
23554,0.955052867318614
23555,0.9550977919889603
23556,0.9551426717570872
23557,0.9551875066678748
23558,0.9552322967661577
23559,0.9552770420967263
23560,0.9553217427043257
23561,0.9553663986336567
23562,0.9554110099293752
23563,0.9554555766360925
23564,0.9555000987983753
23565,0.9555445764607458
23566,0.9555890096676816
23567,0.955633398463616
23568,0.9556777428929377
23569,0.9557220429999913
23570,0.9557662988290768
23571,0.9558105104244501
23572,0.9558546778303227
23573,0.9558988010908621
23574,0.9559428802501916
23575,0.9559869153523903
23576,0.9560309064414934
23577,0.9560748535614919
23578,0.956118756756333
23579,0.9561626160699198
23580,0.9562064315461118
23581,0.9562502032287244
23582,0.9562939311615293
23583,0.9563376153882543
23584,0.9563812559525839
23585,0.9564248528981586
23586,0.9564684062685752
23587,0.9565119161073873
23588,0.9565553824581046
23589,0.9565988053641934
23590,0.9566421848690767
23591,0.9566855210161341
23592,0.9567288138487017
23593,0.9567720634100723
23594,0.9568152697434955
23595,0.9568584328921776
23596,0.9569015528992819
23597,0.9569446298079283
23598,0.9569876636611937
23599,0.957030654502112
23600,0.9570736023736741
23601,0.9571165073188279
23602,0.9571593693804783
23603,0.9572021886014873
23604,0.9572449650246743
23605,0.9572876986928155
23606,0.9573303896486448
23607,0.9573730379348531
23608,0.9574156435940886
23609,0.9574582066689571
23610,0.9575007272020216
23611,0.9575432052358027
23612,0.9575856408127784
23613,0.9576280339753843
23614,0.9576703847660136
23615,0.9577126932270171
23616,0.9577549594007033
23617,0.9577971833293383
23618,0.957839365055146
23619,0.9578815046203083
23620,0.9579236020669647
23621,0.9579656574372126
23622,0.9580076707731074
23623,0.9580496421166625
23624,0.9580915715098492
23625,0.958133458994597
23626,0.9581753046127933
23627,0.9582171084062838
23628,0.9582588704168723
23629,0.9583005906863207
23630,0.9583422692563494
23631,0.9583839061686369
23632,0.9584255014648202
23633,0.9584670551864946
23634,0.9585085673752137
23635,0.9585500380724898
23636,0.9585914673197937
23637,0.9586328551585546
23638,0.9586742016301603
23639,0.9587155067759572
23640,0.9587567706372506
23641,0.9587979932553043
23642,0.958839174671341
23643,0.9588803149265421
23644,0.9589214140620478
23645,0.9589624721189572
23646,0.9590034891383286
23647,0.9590444651611788
23648,0.959085400228484
23649,0.9591262943811791
23650,0.9591671476601584
23651,0.9592079601062752
23652,0.9592487317603419
23653,0.9592894626631301
23654,0.9593301528553708
23655,0.9593708023777543
23656,0.95941141127093
23657,0.9594519795755068
23658,0.9594925073320529
23659,0.9595329945810963
23660,0.9595734413631242
23661,0.9596138477185833
23662,0.9596542136878801
23663,0.9596945393113804
23664,0.95973482462941
23665,0.9597750696822541
23666,0.9598152745101579
23667,0.9598554391533262
23668,0.9598955636519235
23669,0.9599356480460746
23670,0.9599756923758636
23671,0.9600156966813349
23672,0.960055661002493
23673,0.9600955853793021
23674,0.9601354698516865
23675,0.9601753144595309
23676,0.9602151192426798
23677,0.960254884240938
23678,0.9602946094940704
23679,0.9603342950418025
23680,0.9603739409238197
23681,0.9604135471797679
23682,0.9604531138492534
23683,0.9604926409718428
23684,0.9605321285870634
23685,0.9605715767344026
23686,0.9606109854533088
23687,0.9606503547831906
23688,0.9606896847634173
23689,0.9607289754333189
23690,0.9607682268321862
23691,0.9608074389992705
23692,0.960846611973784
23693,0.9608857457948996
23694,0.9609248405017513
23695,0.9609638961334337
23696,0.9610029127290025
23697,0.9610418903274742
23698,0.9610808289678265
23699,0.9611197286889981
23700,0.9611585895298886
23701,0.960197911279484
23702,0.9602376934771056
23703,0.9602774359124109
23704,0.9603171386251421
23705,0.960356801655002
23706,0.9603964250416537
23707,0.9604360088247205
23708,0.9604755530437862
23709,0.9605150577383951
23710,0.9605545229480519
23711,0.9595944484623466
23712,0.9596348338212048
23713,0.9596751788148868
23714,0.9597154834837375
23715,0.9597557478680616
23716,0.9597959720081235
23717,0.9598361559441474
23718,0.9598762997163172
23719,0.9599164033647766
23720,0.9599564669296293
23721,0.959996490450939
23722,0.9600364739687293
23723,0.9600764175229834
23724,0.9601163211536451
23725,0.9601561849006179
23726,0.9601960088037658
23727,0.9602357929029124
23728,0.960275537237842
23729,0.9603152418482989
23730,0.9603549067739877
23731,0.9603945320545735
23732,0.9604341177296813
23733,0.9604736638388971
23734,0.9605131704217668
23735,0.960552637517797
23736,0.9595925649165797
23737,0.9596329521580425
23738,0.9596732990324472
23739,0.959713605580141
23740,0.9597538718414301
23741,0.9597940978565811
23742,0.9598342836658199
23743,0.9598744293093323
23744,0.9589150345773889
23745,0.958956099010595
23746,0.9589971223998898
23747,0.9590381047862967
23748,0.9590790462107982
23749,0.9591199467143356
23750,0.9591608063378095
23751,0.9592016251220796
23752,0.9592424031079646
23753,0.9592831403362425
23754,0.9593238368476505
23755,0.9593644926828853
23756,0.9594051078826025
23757,0.9594456824874175
23758,0.9594862165379048
23759,0.9595267100745986
23760,0.9595671631379923
23761,0.9596075757685391
23762,0.9596479480066514
23763,0.9596882798927018
23764,0.959728571467022
23765,0.9597688227699035
23766,0.9598090338415978
23767,0.9598492047223158
23768,0.9598893354522285
23769,0.9599294260714667
23770,0.9599694766201209
23771,0.9600094871382417
23772,0.9600494576658397
23773,0.9600893882428854
23774,0.9601292789093092
23775,0.960169129705002
23776,0.9602089406698145
23777,0.9602487118435579
23778,0.960288443266003
23779,0.9603281349768816
23780,0.9603677870158852
23781,0.960407399422666
23782,0.9604469722368362
23783,0.9604865054979688
23784,0.960525999245597
23785,0.9605654535192146
23786,0.9606048683582759
23787,0.9606442438021956
23788,0.9606835798903494
23789,0.9607228766620731
23790,0.9607621341566638
23791,0.9608013524133787
23792,0.9608405314714363
23793,0.9608796713700156
23794,0.9609187721482565
23795,0.9609578338452598
23796,0.9609968565000871
23797,0.9610358401517612
23798,0.9610747848392658
23799,0.9611136906015454
23800,0.9611525574775058
23801,0.961191385506014
23802,0.9612301747258981
23803,0.9602694249260721
23804,0.9603091356457862
23805,0.9603488066746261
23806,0.9603884380522626
23807,0.9604280298183273
23808,0.9604675820124119
23809,0.9605070946740687
23810,0.9605465678428102
23811,0.9605860015581098
23812,0.959625895609526
23813,0.9596662495369528
23814,0.959706563130619
23815,0.9597468364308382
23816,0.9597870694778838
23817,0.9598272623119889
23818,0.9598674149733463
23819,0.9599075275021085
23820,0.9599475999383883
23821,0.9599876323222579
23822,0.9600276246937499
23823,0.9600675770928566
23824,0.9601074895595304
23825,0.9601473621336838
23826,0.9601871948551893
23827,0.9602269877638798
23828,0.9602667408995481
23829,0.9603064543019474
23830,0.960346128010791
23831,0.9603857620657528
23832,0.9604253565064667
23833,0.9604649113725272
23834,0.9605044267034892
23835,0.960543902538868
23836,0.9605833389181395
23837,0.9606227358807401
23838,0.9606620934660667
23839,0.9607014117134769
23840,0.9607406906622891
23841,0.960779930351782
23842,0.9608191308211955
23843,0.9608582921097301
23844,0.960897414256547
23845,0.9609364973007682
23846,0.9609755412814771
23847,0.9610145462377175
23848,0.9610535122084944
23849,0.9610924392327738
23850,0.9611313273494826
23851,0.9611701765975091
23852,0.9612089870157026
23853,0.9612477586428733
23854,0.9612864915177929
23855,0.9613251856791943
23856,0.9613638411657719
23857,0.961402458016181
23858,0.9614410362690383
23859,0.9614795759629223
23860,0.9615180771363727
23861,0.9615565398278906
23862,0.9605954638260636
23863,0.9606348486698157
23864,0.9606741941484066
23865,0.9607135003011819
23866,0.9607527671674475
23867,0.9607919947864706
23868,0.9608311831974786
23869,0.96087033243966
23870,0.9609094425521642
23871,0.959949013324226
23872,0.9599890442954162
23873,0.9600290352556407
23874,0.9600689862448903
23875,0.9601088973031163
23876,0.9601487684702297
23877,0.9601885997861015
23878,0.9602283912905631
23879,0.9602681430234061
23880,0.9603078550243822
23881,0.9603475273332034
23882,0.960387159989542
23883,0.9604267530330307
23884,0.9604663065032626
23885,0.960505820439791
23886,0.9605452948821301
23887,0.9605847298697542
23888,0.9606241254420983
23889,0.960663481638558
23890,0.9607027984984895
23891,0.9607420760612096
23892,0.960781314365996
23893,0.960820513452087
23894,0.9608596733586816
23895,0.9608987941249398
23896,0.9609378757899824
23897,0.9609769183928909
23898,0.9610159219727081
23899,0.9610548865684375
23900,0.9610938122190438
23901,0.9611326989634525
23902,0.9611715468405505
23903,0.9612103558891857
23904,0.961249126148167
23905,0.9612878576562648
23906,0.9613265504522106
23907,0.9613652045746971
23908,0.9614038200623786
23909,0.9614423969538705
23910,0.9614809352877497
23911,0.9615194351025546
23912,0.9615578964367849
23913,0.9615963193289021
23914,0.961634703817329
23915,0.9616730499404501
23916,0.9617113577366115
23917,0.9617496272441212
23918,0.9617878585012485
23919,0.9618260515462247
23920,0.9618642064172429
23921,0.961902323152458
23922,0.9619404017899869
23923,0.9619784423679079
23924,0.9620164449242617
23925,0.9620544094970511
23926,0.9620923361242405
23927,0.9621302248437565
23928,0.962168075693488
23929,0.9622058887112855
23930,0.9622436639349624
23931,0.9622814014022938
23932,0.9623191011510172
23933,0.9623567632188322
23934,0.9623943876434011
23935,0.9624319744623483
23936,0.9624695237132604
23937,0.962507035433687
23938,0.9625445096611396
23939,0.9625819464330925
23940,0.9626193457869824
23941,0.9626567077602088
23942,0.9626940323901336
23943,0.9627313197140815
23944,0.9627685697693399
23945,0.9628057825931586
23946,0.9628429582227507
23947,0.9628800966952916
23948,0.96291719804792
23949,0.9629542623177372
23950,0.9629912895418073
23951,0.9630282797571579
23952,0.963065233000779
23953,0.9631021493096238
23954,0.9631390287206086
23955,0.9621763710207379
23956,0.9622141757473539
23957,0.9622519426881362
23958,0.9622896718808517
23959,0.9623273633632297
23960,0.9623650171729615
23961,0.9624026333477012
23962,0.9624402119250648
23963,0.9624777529426309
23964,0.9625152564379407
23965,0.9625527224484974
23966,0.9625901510117673
23967,0.9626275421651788
23968,0.9626648959461231
23969,0.9627022123919541
23970,0.9627394915399881
23971,0.9627767334275044
23972,0.9628139380917448
23973,0.9628511055699139
23974,0.9628882358991794
23975,0.9629253291166715
23976,0.9629623852594834
23977,0.9629994043646714
23978,0.9630363864692544
23979,0.9630733316102147
23980,0.9631102398244973
23981,0.9631471111490105
23982,0.9631839456206257
23983,0.9632207432761773
23984,0.962258003902588
23985,0.9622957270371181
23986,0.9623334124673658
23987,0.9623710602310166
23988,0.9624086703657182
23989,0.9624462429090808
23990,0.9624837778986769
23991,0.9625212753720416
23992,0.9625587353666722
23993,0.962596157920029
23994,0.9626335430695342
23995,0.9626708908525732
23996,0.9617087010566185
23997,0.9617469732194804
23998,0.961785207129306
23999,0.9618234028243292
24000,0.9618615603427457
24001,0.961899679722713
24002,0.9619377610023504
24003,0.9619758042197394
24004,0.962013809412923
24005,0.9620517766199066
24006,0.9620897058786573
24007,0.9621275972271044
24008,0.9621654507031393
24009,0.9622032663446154
24010,0.9622410441893484
24011,0.9622787842751162
24012,0.9623164866396587
24013,0.9623541513206786
24014,0.9623917783558403
24015,0.962429367782771
24016,0.9624669196390601
24017,0.9625044339622594
24018,0.9625419107898833
24019,0.9625793501594087
24020,0.9626167521082748
24021,0.9626541166738837
24022,0.9626914438936
24023,0.9627287338047508
24024,0.9627659864446261
24025,0.9628032018504785
24026,0.9628403800595235
24027,0.9628775211089393
24028,0.9629146250358669
24029,0.9629516918774103
24030,0.9629887216706362
24031,0.9620262142026995
24032,0.9620641690110926
24033,0.9621020858836452
24034,0.9621399648582742
24035,0.9621778059728586
24036,0.9622156092652395
24037,0.9622533747732203
24038,0.9622911025345664
24039,0.9623287925870057
24040,0.9613669447183529
24041,0.9614055584667603
24042,0.9614441336207166
24043,0.9614826702187969
24044,0.9605216680496627
24045,0.9605611266523116
24046,0.9606005458160775
24047,0.9606399255803793
24048,0.9606792659845967
24049,0.9607185670680705
24050,0.9607578288701014
24051,0.9607970514299514
24052,0.960836234786843
24053,0.9608753789799596
24054,0.9609144840484454
24055,0.9609535500314055
24056,0.9609925769679059
24057,0.9610315648969734
24058,0.9610705138575961
24059,0.961109423888723
24060,0.961148295029264
24061,0.9611871273180903
24062,0.9612259207940342
24063,0.9612646754958892
24064,0.9613033914624101
24065,0.9613420687323126
24066,0.9613807073442744
24067,0.9604198070870588
24068,0.9604593674997653
24069,0.9604988883718295
24070,0.9605383697427722
24071,0.9605778116520748
24072,0.9606172141391791
24073,0.9606565772434877
24074,0.9606959010043639
24075,0.9607351854611311
24076,0.960774430653074
24077,0.9608136366194377
24078,0.9608528033994284
24079,0.9608919310322125
24080,0.960931019556918
24081,0.9609700690126332
24082,0.9610090794384076
24083,0.9610480508732518
24084,0.9610869833561372
24085,0.9611258769259962
24086,0.9611647316217223
24087,0.9612035474821704
24088,0.9612423245461562
24089,0.961281062852457
24090,0.9613197624398109
24091,0.9613584233469175
24092,0.9603975453625627
24093,0.9604371280258686
24094,0.9604766711262924
24095,0.9605161747033776
24096,0.9605556387966275
24097,0.9605950634455065
24098,0.960634448689439
24099,0.9606737945678104
24100,0.9607131011199666
24101,0.9607523683852139
24102,0.96079159640282
24103,0.9608307852120126
24104,0.9598704346021055
24105,0.9599105441127481
24106,0.9599506135339247
24107,0.9599906429057049
24108,0.960030632268118
24109,0.9600705816611533
24110,0.9601104911247603
24111,0.9601503606988485
24112,0.9601901904232875
24113,0.9602299803379069
24114,0.9602697304824966
24115,0.960309440896807
24116,0.9603491116205484
24117,0.9603887426933914
24118,0.9604283341549672
24119,0.9604678860448673
24120,0.9605073984026435
24121,0.9605468712678084
24122,0.9605863046798345
24123,0.9606256986781555
24124,0.9606650533021653
24125,0.9607043685912187
24126,0.9607436445846307
24127,0.9607828813216776
24128,0.9608220788415959
24129,0.9608612371835833
24130,0.960900356386798
24131,0.9609394364903595
24132,0.9609784775333476
24133,0.9610174795548035
24134,0.9610564425937292
24135,0.9610953666890878
24136,0.9611342518798034
24137,0.9611730982047612
24138,0.9612119057028073
24139,0.9612506744127496
24140,0.9612894043733565
24141,0.9613280956233582
24142,0.9613667482014457
24143,0.9614053621462719
24144,0.9614439374964505
24145,0.961482474290557
24146,0.9615209725671282
24147,0.9615594323646623
24148,0.9615978537216192
24149,0.9616362366764202
24150,0.9616745812674482
24151,0.961712887533048
24152,0.9617511555115257
24153,0.9617893852411493
24154,0.9618275767601486
24155,0.9618657301067152
24156,0.9619038453190023
24157,0.9619419224351252
24158,0.9619799614931611
24159,0.9620179625311489
24160,0.9620559255870897
24161,0.9620938506989467
24162,0.9621317379046449
24163,0.9621695872420716
24164,0.962207398749076
24165,0.9612456722135947
24166,0.961284407173901
24167,0.9613231034186047
24168,0.9603622607365272
24169,0.9604018786668255
24170,0.9604414569989925
24171,0.9604809957726067
24172,0.9605204950272068
24173,0.959560454552417
24174,0.9596008738881967
24175,0.9596412528248401
24176,0.9596815914027264
24177,0.9597218896621938
24178,0.959762147643541
24179,0.9598023653870257
24180,0.9598425429328657
24181,0.9598826803212387
24182,0.959922777592282
24183,0.9599628347860928
24184,0.9600028519427284
24185,0.960042829102206
24186,0.9600827663045026
24187,0.9601226635895556
24188,0.9601625209972622
24189,0.9602023385674798
24190,0.9602421163400261
24191,0.9602818543546787
24192,0.9603215526511758
24193,0.9603612112692156
24194,0.9604008302484568
24195,0.9604404096285183
24196,0.9604799494489795
24197,0.9605194497493803
24198,0.960558910569221
24199,0.9605983319479624
24200,0.960637713925026
24201,0.9606770565397935
24202,0.9607163598316079
24203,0.9607556238397722
24204,0.9607948486035506
24205,0.9608340341621677
24206,0.9608731805548092
24207,0.9609122878206214
24208,0.9609513559987117
24209,0.9609903851281483
24210,0.9610293752479602
24211,0.9610683263971376
24212,0.9611072386146317
24213,0.9611461119393546
24214,0.9611849464101798
24215,0.9612237420659417
24216,0.961262498945436
24217,0.9613012170874196
24218,0.9613398965306106
24219,0.9613785373136884
24220,0.961417139475294
24221,0.9614557030540293
24222,0.9614942280884581
24223,0.9615327146171053
24224,0.9615711626784575
24225,0.9616095723109629
24226,0.9616479435530308
24227,0.9606867761931578
24228,0.9607260697701762
24229,0.9607653240732544
24230,0.960804539141647
24231,0.9608437150145689
24232,0.959883351481321
24233,0.9599234480815395
24234,0.9589640043553211
24235,0.9590050198432218
24236,0.9590459943361321
24237,0.9580874276251515
24238,0.9581293192517131
24239,0.9581711690075835
24240,0.9582129769346124
24241,0.9582547430746078
24242,0.9582964674693358
24243,0.9583381501605209
24244,0.9583797911898457
24245,0.9584213905989514
24246,0.9584629484294371
24247,0.958504464722861
24248,0.9585459395207392
24249,0.9585873728645465
24250,0.9586287647957165
24251,0.9586701153556407
24252,0.95871142458567
24253,0.9587526925271137
24254,0.9587939192212396
24255,0.9588351047092744
24256,0.9588762490324035
24257,0.9589173522317714
24258,0.9589584143484813
24259,0.9589994354235952
24260,0.9590404154981343
24261,0.9590813546130788
24262,0.9591222528093676
24263,0.9591631101278989
24264,0.9592039266095301
24265,0.9592447022950779
24266,0.9592854372253177
24267,0.9593261314409846
24268,0.9593667849827727
24269,0.9584078976414606
24270,0.9584494689581609
24271,0.9584909987243196
24272,0.9585324869814668
24273,0.9585739337710905
24274,0.9576158388847625
24275,0.957658201864388
24276,0.9567010222523297
24277,0.9567442995914078
24278,0.9567875336747748
24279,0.9568307245456645
24280,0.956873872247268
24281,0.956916976822733
24282,0.9569600383151641
24283,0.9570030567676227
24284,0.9570460322231272
24285,0.9570889647246533
24286,0.9571318543151335
24287,0.9571747010374572
24288,0.9572175049344712
24289,0.9572602660489795
24290,0.9573029844237432
24291,0.9573456601014806
24292,0.9573882931248674
24293,0.9564313832866617
24294,0.9564749301299533
24295,0.9565184334481642
24296,0.9565618932847978
24297,0.9566053096833137
24298,0.9566486826871284
24299,0.9566920123396151
24300,0.9567352986841032
24301,0.9567785417638792
24302,0.9568217416221861
24303,0.956864898302224
24304,0.9569080118471494
24305,0.9569510823000758
24306,0.9569941097040737
24307,0.9570370941021706
24308,0.9570800355373509
24309,0.9571229340525559
24310,0.9571657896906842
24311,0.9572086024945916
24312,0.9572513725070908
24313,0.9572940997709518
24314,0.9573367843289019
24315,0.9573794262236256
24316,0.9574220254977649
24317,0.9574645821939191
24318,0.9575070963546448
24319,0.9575495680224563
24320,0.9575919972398251
24321,0.9576343840491807
24322,0.9576767284929096
24323,0.9577190306133565
24324,0.9577612904528234
24325,0.9578035080535703
24326,0.9578456834578146
24327,0.9578878167077318
24328,0.9579299078454552
24329,0.9579719569130759
24330,0.958013963952643
24331,0.9580559290061637
24332,0.9580978521156027
24333,0.9581397333228835
24334,0.9581815726698871
24335,0.9582233701984529
24336,0.9582651259503785
24337,0.9583068399674196
24338,0.9583485122912903
24339,0.9583901429636628
24340,0.9584317320261678
24341,0.9584732795203945
24342,0.9585147854878904
24343,0.9585562499701613
24344,0.9585976730086719
24345,0.9586390546448452
24346,0.9586803949200627
24347,0.9587216938756649
24348,0.9587629515529505
24349,0.9588041679931775
24350,0.9588453432375621
24351,0.9588864773272797
24352,0.9589275703034643
24353,0.958968622207209
24354,0.9590096330795657
24355,0.9590506029615451
24356,0.9590915318941172
24357,0.9591324199182111
24358,0.9591732670747146
24359,0.9592140734044751
24360,0.9592548389482987
24361,0.958296063497076
24362,0.9573382463421564
24363,0.9573808867755975
24364,0.9574234845899148
24365,0.957466039827706
24366,0.9575085525315263
24367,0.9575510227438886
24368,0.957593450507263
24369,0.9576358358640773
24370,0.9576781788567169
24371,0.9577204795275248
24372,0.9577627379188016
24373,0.9578049540728059
24374,0.9578471280317535
24375,0.9578892598378187
24376,0.9579313495331332
24377,0.9579733971597867
24378,0.9580154027598269
24379,0.9580573663752593
24380,0.9580992880480477
24381,0.9581411678201136
24382,0.9581830057333369
24383,0.9582248018295555
24384,0.9582665561505654
24385,0.9583082687381211
24386,0.9583499396339351
24387,0.9583915688796784
24388,0.95843315651698
24389,0.9584747025874278
24390,0.9585162071325678
24391,0.9585576701939046
24392,0.9585990918129011
24393,0.9586404720309792
24394,0.958681810889519
24395,0.9587231084298593
24396,0.9587643646932977
24397,0.9588055797210905
24398,0.9588467535544527
24399,0.9588878862345582
24400,0.9589289778025397
24401,0.9589700282994887
24402,0.9590110377664558
24403,0.9590520062444503
24404,0.9590929337744408
24405,0.959133820397355
24406,0.9591746661540792
24407,0.9592154710854595
24408,0.9592562352323005
24409,0.9592969586353667
24410,0.9593376413353814
24411,0.9593782833730271
24412,0.9594188847889461
24413,0.9594594456237397
24414,0.9594999659179689
24415,0.9595404457121539
24416,0.9595808850467744
24417,0.9596212839622699
24418,0.9596616424990392
24419,0.959701960697441
24420,0.9597422385977934
24421,0.9597824762403743
24422,0.9598226736654214
24423,0.9598628309131321
24424,0.9599029480236637
24425,0.9589435247872583
24426,0.9589845607444925
24427,0.9590255556862771
24428,0.9590665096536072
24429,0.9591074226874367
24430,0.9591482948286786
24431,0.9591891261182052
24432,0.9592299165968476
24433,0.9592706663053965
24434,0.9593113752846015
24435,0.9593520435751717
24436,0.9593926712177752
24437,0.9594332582530397
24438,0.9594738047215524
24439,0.9595143106638597
24440,0.9595547761204676
24441,0.9595952011318414
24442,0.9596355857384062
24443,0.9596759299805467
24444,0.9597162338986072
24445,0.9597564975328914
24446,0.9597967209236631
24447,0.9598369041111456
24448,0.9598770471355224
24449,0.9599171500369361
24450,0.9599572128554898
24451,0.9599972356312465
24452,0.9600372184042287
24453,0.9600771612144194
24454,0.9601170641017613
24455,0.9601569271061574
24456,0.9601967502674706
24457,0.9602365336255242
24458,0.9602762772201013
24459,0.9603159810909458
24460,0.9603556452777615
24461,0.9593957695703375
24462,0.9594363535087979
24463,0.9594768968836016
24464,0.9595173997352922
24465,0.9595578621043723
24466,0.9595982840313045
24467,0.9596386655565107
24468,0.9596790067203722
24469,0.9597193075632304
24470,0.9597595681253861
24471,0.9597997884470999
24472,0.9598399685685921
24473,0.9598801085300428
24474,0.9589207081217169
24475,0.958961766884214
24476,0.9590027846084677
24477,0.9590437613354956
24478,0.9590846971062748
24479,0.9591255919617407
24480,0.9591664459427884
24481,0.9592072590902719
24482,0.9592480314450043
24483,0.9592887630477579
24484,0.9593294539392644
24485,0.9593701041602146
24486,0.9594107137512589
24487,0.9594512827530067
24488,0.9594918112060272
24489,0.9595322991508488
24490,0.9595727466279594
24491,0.9596131536778065
24492,0.9596535203407972
24493,0.9596938466572982
24494,0.9597341326676357
24495,0.9597743784120959
24496,0.9598145839309243
24497,0.9598547492643267
24498,0.9598948744524682
24499,0.9599349595354743
24500,0.9599750045534298
24501,0.9600150095463799
24502,0.9600549745543295
24503,0.9600948996172437
24504,0.9601347847750475
24505,0.9601746300676262
24506,0.9602144355348249
24507,0.9602542012164492
24508,0.9602939271522649
24509,0.9603336133819977
24510,0.9603732599453341
24511,0.9604128668819204
24512,0.9594529339814887
24513,0.9594934607841059
24514,0.9595339470801738
24515,0.9595743929101787
24516,0.9596147983145663
24517,0.9596551633337421
24518,0.9596954880080713
24519,0.9597357723778783
24520,0.9597760164834477
24521,0.9598162203650235
24522,0.9598563840628095
24523,0.9598965076169697
24524,0.9599365910676273
24525,0.959976634454866
24526,0.9600166378187293
24527,0.9600566011992203
24528,0.9600965246363026
24529,0.9601364081698994
24530,0.9601762518398945
24531,0.9602160556861316
24532,0.9602558197484142
24533,0.9602955440665067
24534,0.9603352286801334
24535,0.9603748736289789
24536,0.960414478952688
24537,0.9604540446908663
24538,0.9604935708830793
24539,0.9605330575688533
24540,0.9595730045378
24541,0.9596134113298662
24542,0.9596537777353337
24543,0.9596941037945688
24544,0.9597343895478976
24545,0.9597746350356058
24546,0.9598148402979391
24547,0.9598550053751026
24548,0.9598951303072614
24549,0.9599352151345405
24550,0.9599752598970247
24551,0.9590157643848838
24552,0.9590567281386221
24553,0.9590976509490783
24554,0.9591385328571752
24555,0.9591793739037947
24556,0.9592201741297779
24557,0.959260933575925
24558,0.9593016522829956
24559,0.9583428300418332
24560,0.9583844663936154
24561,0.9584260611298536
24562,0.9584676142921427
24563,0.9585091259220356
24564,0.9585505960610441
24565,0.9585920247506382
24566,0.9586334120322467
24567,0.958674757947257
24568,0.9587160625370148
24569,0.9587573258428249
24570,0.9577990476560755
24571,0.9578412275184882
24572,0.9578833652221179
24573,0.9579254608091023
24574,0.957967514321537
24575,0.9580095258014756
24576,0.9580514952909294
24577,0.9580934228318679
24578,0.9581353084662189
24579,0.9581771522358679
24580,0.9582189541826586
24581,0.958260714348393
24582,0.9583024327748314
24583,0.9583441095036921
24584,0.9583857445766519
24585,0.958427338035346
24586,0.9584688899213676
24587,0.9585104002762688
24588,0.9585518691415599
24589,0.9585932965587097
24590,0.9586346825691457
24591,0.958676027214254
24592,0.9587173305353792
24593,0.9587585925738246
24594,0.9587998133708522
24595,0.9588409929676829
24596,0.9588821314054963
24597,0.9589232287254308
24598,0.9589642849685838
24599,0.9590053001760115
24600,0.9590462743887291
24601,0.9590872076477109
24602,0.9591280999938901
24603,0.9591689514681592
24604,0.9592097621113694
24605,0.9592505319643316
24606,0.9592912610678156
24607,0.9593319494625504
24608,0.9593725971892245
24609,0.9594132042884856
24610,0.959453770800941
24611,0.9594942967671569
24612,0.9595347822276595
24613,0.9595752272229342
24614,0.958616131543551
24615,0.958657494730414
24616,0.9586988165747614
24617,0.9587400971179151
24618,0.9587813364011556
24619,0.9588225344657222
24620,0.9588636913528129
24621,0.9589048071035847
24622,0.9589458817591534
24623,0.9589869153605936
24624,0.9590279079489388
24625,0.9590688595651817
24626,0.959109770250274
24627,0.9591506400451263
24628,0.9591914689906085
24629,0.9592322571275494
24630,0.9592730044967374
24631,0.9593137111389195
24632,0.9583548768449276
24633,0.9583965011559271
24634,0.9584380838634174
24635,0.9584796250089812
24636,0.9585211246341596
24637,0.9585625827804523
24638,0.9586039994893174
24639,0.9586453748021717
24640,0.9586867087603904
24641,0.9587280014053076
24642,0.9587692527782158
24643,0.9588104629203665
24644,0.9588516318729698
24645,0.9588927596771948
24646,0.9589338463741691
24647,0.9589748920049795
24648,0.9590158966106717
24649,0.9590568602322502
24650,0.9590977829106788
24651,0.95913866468688
24652,0.9591795056017357
24653,0.9592203056960867
24654,0.9592610650107334
24655,0.9593017835864348
24656,0.9593424614639097
24657,0.9593830986838358
24658,0.9594236952868505
24659,0.9594642513135503
24660,0.9595047668044913
24661,0.959545241800189
24662,0.9585861760912433
24663,0.9586275692185884
24664,0.9586689209734923
24665,0.9587102313973069
24666,0.9587515005313426
24667,0.9587927284168685
24668,0.9578344148452375
24669,0.9578765593581358
24670,0.9579186617475829
24671,0.9579607220556813
24672,0.9580027403244912
24673,0.958044716596031
24674,0.9580866509122768
24675,0.9581285433151632
24676,0.9581703938465823
24677,0.9582122025483848
24678,0.9582539694623794
24679,0.958295694630333
24680,0.9583373780939709
24681,0.9583790198949764
24682,0.9584206200749914
24683,0.9584621786756161
24684,0.9585036957384091
24685,0.9585451713048875
24686,0.9585866054165267
24687,0.9586279981147611
24688,0.9586693494409831
24689,0.9587106594365444
24690,0.9587519281427548
24691,0.958793155600883
24692,0.9588343418521564
24693,0.9588754869377615
24694,0.9589165908988432
24695,0.9589576537765055
24696,0.9589986756118114
24697,0.9590396564457826
24698,0.9590805963194
24699,0.9591214952736035
24700,0.959162353349292
24701,0.9592031705873237
24702,0.9592439470285158
24703,0.9592846827136448
24704,0.9583258774335711
24705,0.9583675307294895
24706,0.9584091423929283
24707,0.9584507124654991
24708,0.958492240988772
24709,0.9585337280042754
24710,0.9585751735534965
24711,0.9586165776778809
24712,0.9586579404188326
24713,0.9586992618177143
24714,0.9587405419158475
24715,0.9587817807545123
24716,0.9588229783749476
24717,0.9588641348183509
24718,0.9589052501258788
24719,0.9589463243386466
24720,0.9589873574977283
24721,0.9590283496441574
24722,0.9590693008189258
24723,0.9591102110629849
24724,0.9591510804172447
24725,0.9591919089225748
24726,0.9592326966198036
24727,0.9592734435497189
24728,0.9593141497530675
24729,0.9593548152705557
24730,0.9593954401428489
24731,0.9594360244105722
24732,0.9594765681143097
24733,0.9595170712946053
24734,0.959557533991962
24735,0.9595979562468425
24736,0.9596383380996693
24737,0.959678679590824
24738,0.9597189807606482
24739,0.9597592416494432
24740,0.9597994622974697
24741,0.9598396427449485
24742,0.95987978303206
24743,0.9599198831989445
24744,0.9599599432857022
24745,0.9599999633323931
24746,0.9600399433790374
24747,0.9600798834656151
24748,0.9601197836320663
24749,0.9601596439182911
24750,0.9601994643641499
24751,0.9602392450094631
24752,0.9602789858940114
24753,0.9603186870575356
24754,0.960358348539737
24755,0.960397970380277
24756,0.9604375526187774
24757,0.9604770952948206
24758,0.9605165984479492
24759,0.9605560621176664
24760,0.9605954863434358
24761,0.9606348711646818
24762,0.9606742166207891
24763,0.9607135227511031
24764,0.96075278959493
24765,0.9607920171915368
24766,0.960831205580151
24767,0.960870354799961
24768,0.960909464890116
24769,0.9609485358897261
24770,0.9609875678378623
24771,0.9610265607735566
24772,0.9610655147358019
24773,0.9611044297635523
24774,0.9611433058957226
24775,0.9611821431711891
24776,0.9612209416287891
24777,0.9612597013073211
24778,0.9612984222455446
24779,0.9613371044821808
24780,0.9613757480559117
24781,0.9614143530053811
24782,0.9614529193691939
24783,0.9614914471859163
24784,0.9615299364940763
24785,0.9615683873321631
24786,0.9616067997386277
24787,0.9616451737518825
24788,0.9616835094103015
24789,0.9617218067522202
24790,0.9617600658159361
24791,0.9617982866397082
24792,0.9618364692617575
24793,0.9618746137202665
24794,0.9619127200533797
24795,0.9619507882992034
24796,0.961988818495806
24797,0.9620268106812174
24798,0.9620647648934301
24799,0.9621026811703981
24800,0.9611410593001628
24801,0.9601803985712272
24802,0.9602201982728051
24803,0.9602599581945714
24804,0.960299678376286
24805,0.9603393588576691
24806,0.960378999678401
24807,0.9604186008781227
24808,0.9604581624964355
24809,0.9604976845729007
24810,0.9605371671470407
24811,0.9605766102583381
24812,0.9606160139462357
24813,0.9606553782501376
24814,0.9606947032094079
24815,0.9607339888633715
24816,0.9607732352513141
24817,0.9608124424124822
24818,0.9608516103860829
24819,0.9608907392112842
24820,0.9609298289272149
24821,0.9609688795729648
24822,0.9610078911875846
24823,0.9610468638100857
24824,0.961085797479441
24825,0.961124692234584
24826,0.9611635481144095
24827,0.9612023651577735
24828,0.9612411434034929
24829,0.9612798828903459
24830,0.9613185836570722
24831,0.9613572457423725
24832,0.9613958691849088
24833,0.9614344540233047
24834,0.961473000296145
24835,0.9615115080419759
24836,0.9615499772993052
24837,0.9615884081066023
24838,0.9616268005022979
24839,0.9616651545247843
24840,0.9617034702124156
24841,0.9617417476035077
24842,0.9617799867363378
24843,0.9618181876491451
24844,0.9618563503801304
24845,0.9618944749674566
24846,0.9619325614492482
24847,0.9619706098635918
24848,0.9620086202485357
24849,0.9620465926420905
24850,0.9610850268323533
24851,0.9611239223577582
24852,0.9601632787572008
24853,0.9602030955700371
24854,0.9602428725859591
24855,0.9602826098447438
24856,0.9603223073861283
24857,0.9603619652498103
24858,0.9604015834754477
24859,0.9604411621026586
24860,0.9604807011710218
24861,0.9605202007200763
24862,0.9605596607893215
24863,0.9605990814182178
24864,0.9606384626461856
24865,0.9606778045126062
24866,0.9607171070568215
24867,0.960756370318134
24868,0.960795594335807
24869,0.9608347791490646
24870,0.9608739247970914
24871,0.9609130313190334
24872,0.9609520987539969
24873,0.9609911271410494
24874,0.9610301165192192
24875,0.9610690669274958
24876,0.9611079784048296
24877,0.9611468509901322
24878,0.961185684722276
24879,0.9612244796400947
24880,0.9612632357823835
24881,0.9613019531878984
24882,0.9613406318953567
24883,0.9613792719434373
24884,0.9614178733707802
24885,0.9614564362159869
24886,0.9614949605176201
24887,0.9615334463142041
24888,0.9615718936442249
24889,0.9616103025461298
24890,0.9616486730583276
24891,0.9606875049693138
24892,0.9607267978179201
24893,0.9607660513933145
24894,0.9608052657347504
24895,0.9598449406315673
24896,0.9598850756234398
24897,0.959925170500378
24898,0.9599652253024765
24899,0.9600052400697904
24900,0.9590457145924592
24901,0.9590866484109576
24902,0.959127541316094
24903,0.9591683933487616
24904,0.9592092045498123
24905,0.9592499749600574
24906,0.9592907046202672
24907,0.9593313935711715
24908,0.9593720418534591
24909,0.9594126495077785
24910,0.9594532165747373
24911,0.9594937430949024
24912,0.9595342291088006
24913,0.9595746746569177
24914,0.9596150797796994
24915,0.9596554445175508
24916,0.9596957689108366
24917,0.9597360529998813
24918,0.9597762968249689
24919,0.9598165004263433
24920,0.959856663844208
24921,0.9588972868688515
24922,0.9589383690408966
24923,0.9589794101513005
24924,0.9590204102411043
24925,0.959061369351308
24926,0.9581027872729959
24927,0.9581446635475857
24928,0.9581864979668284
24929,0.9582282905725588
24930,0.9582700414065692
24931,0.9583117505106107
24932,0.9583534179263922
24933,0.9583950436955812
24934,0.9584366278598034
24935,0.9584781704606432
24936,0.958519671539643
24937,0.958561131138304
24938,0.9586025492980857
24939,0.9586439260604065
24940,0.958685261466643
24941,0.9587265555581306
24942,0.9587678083761634
24943,0.9588090199619943
24944,0.9588501903568349
24945,0.9588913196018556
24946,0.9589324077381856
24947,0.958973454806913
24948,0.959014460849085
24949,0.9590554259057077
24950,0.959096350017746
24951,0.9581377329762489
24952,0.9581795743225995
24953,0.9582213738485139
24954,0.9582631315957918
24955,0.9583048476061908
24956,0.958346521921427
24957,0.9583881545831747
24958,0.9584297456330666
24959,0.9584712951126937
24960,0.9585128030636055
24961,0.95855426952731
24962,0.9585956945452737
24963,0.9576375779090466
24964,0.9576799191605118
24965,0.9577222180918855
24966,0.9567649744955918
24967,0.9568081879143868
24968,0.9568513581413589
24969,0.9568944852196783
24970,0.9569375691924723
24971,0.9569806101028246
24972,0.9570236079937764
24973,0.9570665629083254
24974,0.9571094748894265
24975,0.9571523439799918
24976,0.9571951702228904
24977,0.9572379536609484
24978,0.9572806943369495
24979,0.9573233922936342
24980,0.9573660475737005
24981,0.9574086602198038
24982,0.9574512302745566
24983,0.957493757780529
24984,0.9575362427802486
24985,0.9575786853162004
24986,0.9576210854308269
24987,0.9576634431665282
24988,0.9577057585656621
24989,0.957748031670544
24990,0.957790262523447
24991,0.957832451166602
24992,0.9578745976421976
24993,0.9569172017425053
24994,0.9569602630101289
24995,0.9570032812380048
24996,0.9570462564691512
24997,0.9570891887465434
24998,0.9571320781131135
24999,0.9571749246117511
25000,0.9572177282853026
25001,0.9572604891765717
25002,0.9573032073283192
25003,0.9573458827832634
25004,0.9573885155840797
25005,0.957431105773401
25006,0.9574736533938174
25007,0.9565166582380015
25008,0.956560119848958
25009,0.9566035380200234
25010,0.9566469127946161
25011,0.9556907439662357
25012,0.9557350310787132
25013,0.9557792739262106
25014,0.9558234725529711
25015,0.9558676270031929
25016,0.9559117373210309
25017,0.95495630330072
25018,0.9550013244868263
25019,0.9550463006742458
25020,0.9550912319079546
25021,0.9551361182328842
25022,0.9551809596939208
25023,0.9552257563359059
25024,0.9552705082036361
25025,0.9553152153418634
25026,0.9553598777952947
25027,0.9554044956085928
25028,0.9554490688263753
25029,0.9554935974932155
25030,0.9555380816536421
25031,0.9555825213521392
25032,0.9556269166331465
25033,0.9556712675410594
25034,0.9557155741202287
25035,0.9557598364149611
25036,0.9558040544695189
25037,0.9558482283281201
25038,0.9558923580349385
25039,0.955936443634104
25040,0.9559804851697021
25041,0.9560244826857744
25042,0.9560684362263184
25043,0.9561123458352876
25044,0.9561562115565917
25045,0.9562000334340963
25046,0.9562438115116234
25047,0.9562875458329512
25048,0.9563312364418138
25049,0.956374883381902
25050,0.9564184866968627
25051,0.9564620464302991
25052,0.956505562625771
25053,0.9565490353267947
25054,0.9565924645768429
25055,0.9566358504193447
25056,0.9566791928976862
25057,0.9567224920552098
25058,0.9567657479352145
25059,0.9568089605809564
25060,0.9568521300356482
25061,0.9568952563424591
25062,0.9569383395445156
25063,0.9569813796849008
25064,0.9570243768066551
25065,0.9570673309527754
25066,0.9571102421662159
25067,0.9571531104898878
25068,0.9571959359666595
25069,0.9572387186393565
25070,0.9572814585507614
25071,0.9573241557436142
25072,0.9573668102606121
25073,0.9564099218945346
25074,0.956453490188493
25075,0.9564970149359308
25076,0.9565404961803726
25077,0.9565839339652998
25078,0.955627828084275
25079,0.9556721780811923
25080,0.9557164837502766
25081,0.9557607451358335
25082,0.9558049622821245
25083,0.9558491352333668
25084,0.9558932640337332
25085,0.9559373487273527
25086,0.9559813893583099
25087,0.9560253859706455
25088,0.956069338608356
25089,0.956113247315394
25090,0.9561571121356686
25091,0.9562009331130442
25092,0.9562447102913421
25093,0.9562884437143392
25094,0.9553326331758941
25095,0.955377278220196
25096,0.9554218786417651
25097,0.9554664344852016
25098,0.9545114455451864
25099,0.9545569113667305
25100,0.9546023317451745
25101,0.9546477067259389
25102,0.9546930363543987
25103,0.9547383206758836
25104,0.9547835597356779
25105,0.9548287535790205
25106,0.9538744020012304
25107,0.9539205045479558
25108,0.9539665610151743
25109,0.9540125714489422
25110,0.9540585358952701
25111,0.9541044544001224
25112,0.9541503270094176
25113,0.9541961537690283
25114,0.9542419347247815
25115,0.9542876699224578
25116,0.9543333594077927
25117,0.9543790032264756
25118,0.9544246014241503
25119,0.954470154046415
25120,0.9545156611388224
25121,0.9545611227468795
25122,0.9546065389160481
25123,0.9546519096917442
25124,0.9546972351193387
25125,0.954742515244157
25126,0.9547877501114792
25127,0.9548329397665402
25128,0.9548780842545296
25129,0.954923183620592
25130,0.9549682379098268
25131,0.9550132471672882
25132,0.9550582114379855
25133,0.9551031307668831
25134,0.9551480051989002
25135,0.9551928347789113
25136,0.9552376195517459
25137,0.955282359562189
25138,0.9553270548549804
25139,0.9553717054748154
25140,0.9554163114663449
25141,0.9554608728741746
25142,0.955505389742866
25143,0.9545503618670611
25144,0.9545957887917317
25145,0.9546411703121798
25146,0.9546865064737868
25147,0.954731797321889
25148,0.9547770429017771
25149,0.9548222432586969
25150,0.9548673984378486
25151,0.9549125084843875
25152,0.9549575734434236
25153,0.9550025933600219
25154,0.9550475682792023
25155,0.9550924982459398
25156,0.9551373833051642
25157,0.9551822235017607
25158,0.9552270188805696
25159,0.9552717694863861
25160,0.955316475363961
25161,0.955361136558
25162,0.9554057531131644
25163,0.9554503250740708
25164,0.9554948524852911
25165,0.9555393353913527
25166,0.9555837738367386
25167,0.9556281678658873
25168,0.9556725175231928
25169,0.9557168228530047
25170,0.9557610838996284
25171,0.9548058004574499
25172,0.9548509720711855
25173,0.954896098535882
25174,0.9549411798966657
25175,0.9549862161986181
25176,0.9550312074867754
25177,0.955076153806129
25178,0.9551210552016252
25179,0.9551659117181652
25180,0.9552107234006059
25181,0.9552554902937587
25182,0.9553002124423906
25183,0.9553448898912238
25184,0.9553895226849357
25185,0.9554341108681592
25186,0.9554786544854824
25187,0.9555231535814489
25188,0.9555676082005579
25189,0.9546125181373889
25190,0.9546578829368518
25191,0.9547032023941863
25192,0.9547484765547118
25193,0.9547937054637027
25194,0.9548388891663876
25195,0.9548840277079504
25196,0.9549291211335297
25197,0.9549741694882188
25198,0.9550191728170662
25199,0.955064131165075
25200,0.9551090445772039
25201,0.9541544128484911
25202,0.9542002355243048
25203,0.9542460124003425
25204,0.9542917435223811
25205,0.9543374289361518
25206,0.95438306868734
25207,0.9544286628215856
25208,0.9544742113844825
25209,0.9545197144215795
25210,0.9545651719783794
25211,0.95461058410034
25212,0.9546559508328735
25213,0.9547012722213464
25214,0.9547465483110802
25215,0.954791779147351
25216,0.9548369647753897
25217,0.9548821052403819
25218,0.9549272005874679
25219,0.9549722508617433
25220,0.9550172561082583
25221,0.9550622163720182
25222,0.9551071316979831
25223,0.9551520021310685
25224,0.9551968277161449
25225,0.9552416084980379
25226,0.955286344521528
25227,0.9553310358313516
25228,0.9553756824721998
25229,0.9554202844887194
25230,0.9554648419255123
25231,0.955509354827136
25232,0.9555538232381033
25233,0.9555982472028829
25234,0.9556426267658985
25235,0.9556869619715298
25236,0.955731252864112
25237,0.9557754994879359
25238,0.9558197018872483
25239,0.9548643598563765
25240,0.9549094729399783
25241,0.9549545409330418
25242,0.9549995638806349
25243,0.9550445418277806
25244,0.955089474819457
25245,0.9551343629005971
25246,0.9551792061160888
25247,0.9552240045107753
25248,0.9552687581294551
25249,0.9553134670168819
25250,0.9553581312177646
25251,0.9554027507767673
25252,0.9554473257385097
25253,0.9554918561475666
25254,0.9555363420484686
25255,0.9555807834857015
25256,0.9556251805037068
25257,0.9556695331468815
25258,0.9557138414595783
25259,0.9557581054861054
25260,0.9548028250208519
25261,0.9548479996085372
25262,0.9548931290442108
25263,0.9549382133730021
25264,0.9549832526399956
25265,0.9550282468902305
25266,0.955073196168701
25267,0.9551181005203565
25268,0.9551629599901013
25269,0.9552077746227948
25270,0.9552525444632518
25271,0.9552972695562421
25272,0.9553419499464907
25273,0.9553865856786781
25274,0.95543117679744
25275,0.9544762230974926
25276,0.9545217241238819
25277,0.954567179671984
25278,0.9546125897872544
25279,0.9546579545151032
25280,0.9547032739008952
25281,0.9547485479899497
25282,0.954793776827541
25283,0.9548389604588977
25284,0.9548840989292037
25285,0.9549291922835973
25286,0.954974240567172
25287,0.9550192438249758
25288,0.9550642021020124
25289,0.9541096151933647
25290,0.9541554826444458
25291,0.9542013042509981
25292,0.9542470800588432
25293,0.9542928101137569
25294,0.9543384944614692
25295,0.9543841331476647
25296,0.9544297262179818
25297,0.9544752737180139
25298,0.9545207756933082
25299,0.9545662321893669
25300,0.9546116432516464
25301,0.9546570089255578
25302,0.9547023292564668
25303,0.9547476042896937
25304,0.9547928340705136
25305,0.9548380186441563
25306,0.9548831580558063
25307,0.9549282523506031
25308,0.9549733015736409
25309,0.9550183057699692
25310,0.9550632649845918
25311,0.9551081792624683
25312,0.9551530486485128
25313,0.9551978731875947
25314,0.9552426529245387
25315,0.9552873879041244
25316,0.9553320781710868
25317,0.9543772235202411
25318,0.9544228234967327
25319,0.9544683778960363
25320,0.9545138867637064
25321,0.954559350145252
25322,0.9546047680861363
25323,0.9546501406317773
25324,0.9546954678275477
25325,0.9547407497187745
25326,0.9547859863507397
25327,0.95483117776868
25328,0.9548763240177868
25329,0.9549214251432063
25330,0.9549664811900397
25331,0.955011492203343
25332,0.9550564582281272
25333,0.9551013793093585
25334,0.9551462554919578
25335,0.9551910868208013
25336,0.9552358733407206
25337,0.955280615096502
25338,0.9553253121328873
25339,0.9553699644945736
25340,0.9554145722262132
25341,0.9554591353724139
25342,0.9555036539777388
25343,0.9555481280867066
25344,0.9555925577437914
25345,0.9556369429934227
25346,0.955681283879986
25347,0.9557255804478221
25348,0.9557698327412275
25349,0.9558140408044546
25350,0.9558582046817116
25351,0.9559023244171622
25352,0.9559464000549261
25353,0.9559904316390792
25354,0.9550349189637777
25355,0.955079861573509
25356,0.9551247592630907
25357,0.9551696120774205
25358,0.955214420061351
25359,0.9552591832596905
25360,0.955303901717202
25361,0.954349075228729
25362,0.954394703339445
25363,0.9544402858448529
25364,0.9544858227905352
25365,0.9545313142220289
25366,0.9545767601848254
25367,0.9536226604744957
25368,0.95366901463694
25369,0.9527158222185123
25370,0.95276308276602
25371,0.9528102960765986
25372,0.9528574621974616
25373,0.9529045811757749
25374,0.9529516530586577
25375,0.9529986778931818
25376,0.953045655726372
25377,0.9530925866052062
25378,0.9531394705766153
25379,0.9531863076874832
25380,0.9532330979846472
25381,0.9532798415148974
25382,0.9533265383249775
25383,0.9533731884615843
25384,0.9534197919713677
25385,0.9534663489009316
25386,0.9535128592968327
25387,0.9535593232055815
25388,0.9536057406736418
25389,0.9536521117474313
25390,0.9536984364733209
25391,0.9537447148976353
25392,0.9537909470666532
25393,0.9538371330266066
25394,0.9538832728236815
25395,0.9539293665040176
25396,0.9529759138638337
25397,0.953022914449677
25398,0.953069868058423
25399,0.9531167747370253
25400,0.9531636345323906
25401,0.9532104474913787
25402,0.9532572136608026
25403,0.9533039330874286
25404,0.9533506058179758
25405,0.9533972318991173
25406,0.953443811377479
25407,0.9534903442996404
25408,0.9535368307121346
25409,0.9535832706614478
25410,0.9536296641940201
25411,0.9536760113562449
25412,0.9537223121944696
25413,0.9537685667549949
25414,0.9528152748342003
25415,0.9528624359787937
25416,0.9529095499858115
25417,0.9529566169023673
25418,0.9530036367755284
25419,0.9530506096523145
25420,0.9530975355796985
25421,0.9531444146046063
25422,0.9531912467739171
25423,0.9532380321344629
25424,0.9532847707330292
25425,0.9533314626163545
25426,0.9533781078311307
25427,0.9534247064240032
25428,0.9534712584415704
25429,0.9535177639303845
25430,0.9535642229369508
25431,0.9536106355077284
25432,0.9536570016891299
25433,0.9537033215275216
25434,0.9537495950692232
25435,0.9537958223605083
25436,0.9538420034476043
25437,0.9538881383766922
25438,0.9539342271939069
25439,0.9539802699453372
25440,0.9540262666770261
25441,0.9540722174349701
25442,0.95411812226512
25443,0.9541639812133808
25444,0.9542097943256113
25445,0.9542555616476246
25446,0.9543012832251881
25447,0.9543469591040236
25448,0.9543925893298066
25449,0.9544381739481677
25450,0.9544837130046913
25451,0.9545292065449165
25452,0.9545746546143369
25453,0.9546200572584005
25454,0.9546654145225101
25455,0.9547107264520228
25456,0.9547559930922507
25457,0.9548012144884603
25458,0.9548463906858732
25459,0.9538920214797904
25460,0.9539381064158425
25461,0.9539841452899896
25462,0.9540301381482705
25463,0.9540760850366781
25464,0.9541219860011592
25465,0.9541678410876148
25466,0.9542136503419
25467,0.9542594138098242
25468,0.9543051315371507
25469,0.9543508035695973
25470,0.9543964299528361
25471,0.9544420107324935
25472,0.9544875459541501
25473,0.9545330356633414
25474,0.9545784799055569
25475,0.954623878726241
25476,0.9546692321707925
25477,0.9547145402845648
25478,0.9547598031128661
25479,0.9548050207009592
25480,0.9548501930940617
25481,0.954895320337346
25482,0.9549404024759394
25483,0.954985439554924
25484,0.9550304316193369
25485,0.9550753787141701
25486,0.9551202808843708
25487,0.9541656379249662
25488,0.9542114493813131
25489,0.9542572150490979
25490,0.9543029349740862
25491,0.9543486092019982
25492,0.9543942377785078
25493,0.9544398207492439
25494,0.9544853581597894
25495,0.9545308500556817
25496,0.9545762964824127
25497,0.9546216974854288
25498,0.954667053110131
25499,0.954712363401875
25500,0.9547576284059711
25501,0.9548028481676842
25502,0.9548480227322342
25503,0.9548931521447958
25504,0.9549382364504981
25505,0.9549832756944256
25506,0.9550282699216176
25507,0.9550732191770682
25508,0.9551181235057268
25509,0.9551629829524977
25510,0.9552077975622403
25511,0.9552525673797693
25512,0.9552972924498545
25513,0.955341972817221
25514,0.9553866085265491
25515,0.9554311996224746
25516,0.9554757461495885
25517,0.9555202481524375
25518,0.9555647056755235
25519,0.9556091187633041
25520,0.9556534874601924
25521,0.955697811810557
25522,0.9557420918587224
25523,0.9557863276489685
25524,0.9558305192255313
25525,0.9558746666326022
25526,0.9559187699143288
25527,0.9559628291148142
25528,0.9560068442781178
25529,0.9560508154482545
25530,0.9560947426691958
25531,0.9561386259848688
25532,0.9551829651892817
25533,0.9552277598267737
25534,0.9552725096920143
25535,0.9543177145798784
25536,0.9543633740355706
25537,0.9544089878546255
25538,0.9544545560826568
25539,0.9545000787652329
25540,0.9545455559478764
25541,0.9545909876760644
25542,0.9546363739952288
25543,0.9546817149507558
25544,0.9547270105879865
25545,0.9547722609522163
25546,0.9548174660886959
25547,0.9548626260426302
25548,0.9549077408591793
25549,0.9549528105834579
25550,0.9549978352605359
25551,0.955042814935438
25552,0.9550877496531437
25553,0.9551326394585878
25554,0.9551774843966602
25555,0.9552222845122057
25556,0.9552670398500246
25557,0.9553117504548722
25558,0.955356416371459
25559,0.9554010376444511
25560,0.9554456143184696
25561,0.9554901464380914
25562,0.9555346340478484
25563,0.9555790771922285
25564,0.9556234759156745
25565,0.9556678302625854
25566,0.9557121402773154
25567,0.9557564060041747
25568,0.9558006274874289
25569,0.9558448047712995
25570,0.9558889378999639
25571,0.9559330269175551
25572,0.9559770718681623
25573,0.9560210727958303
25574,0.9560650297445601
25575,0.9561089427583087
25576,0.955153311631114
25577,0.9551981359073448
25578,0.9552429153817003
25579,0.9552876500989599
25580,0.9553323401038585
25581,0.955376985441086
25582,0.9554215861552877
25583,0.9554661422910645
25584,0.9555106538929725
25585,0.9555551210055233
25586,0.955599543673184
25587,0.9556439219403772
25588,0.9556882558514812
25589,0.9557325454508301
25590,0.9557767907827133
25591,0.9558209918913763
25592,0.95586514882102
25593,0.9559092616158016
25594,0.9559533303198338
25595,0.9559973549771853
25596,0.9560413356318808
25597,0.9560852723279009
25598,0.9561291651091823
25599,0.956173014019618
25600,0.9562168191030567
25601,0.9552610801534285
25602,0.9553057967149943
25603,0.9553504685823456
25604,0.9553950958001544
25605,0.9554396784130478
25606,0.9544847162157334
25607,0.9545302087532489
25608,0.9545756558209618
25609,0.9546210574643191
25610,0.9546664137287226
25611,0.9547117246595285
25612,0.9547569903020476
25613,0.9548022107015458
25614,0.9538478856533683
25615,0.95389401470319
25616,0.9539400976470149
25617,0.953986134530926
25618,0.95403212540096
25619,0.954078070303108
25620,0.9541239692833148
25621,0.9541698223874794
25622,0.9542156296614549
25623,0.9542613911510487
25624,0.9543071069020221
25625,0.9543527769600911
25626,0.9543984013709256
25627,0.9544439801801501
25628,0.9544895134333433
25629,0.9545350011760386
25630,0.9545804434537237
25631,0.954625840311841
25632,0.9546711917957871
25633,0.9547164979509137
25634,0.954761758822527
25635,0.9548069744558878
25636,0.9548521448962117
25637,0.9548972701886693
25638,0.9539428501285108
25639,0.9539888842613159
25640,0.9540348723829938
25641,0.9540808145395325
25642,0.9541267107768743
25643,0.9541725611409154
25644,0.9542183656775062
25645,0.9532646241825762
25646,0.9533113362023837
25647,0.9533580015335158
25648,0.9534046202226377
25649,0.9534511923163682
25650,0.9534977178612793
25651,0.9535441969038968
25652,0.9535906294906995
25653,0.9536370156681201
25654,0.9536833554825448
25655,0.9537296489803133
25656,0.9537758962077193
25657,0.95382209721101
25658,0.9538682520363863
25659,0.953914360730003
25660,0.953960423337969
25661,0.9540064399063469
25662,0.9540524104811532
25663,0.9540983351083584
25664,0.9541442138338873
25665,0.9541900467036185
25666,0.954235833763385
25667,0.9542815750589739
25668,0.9533277703862514
25669,0.9533744192914125
25670,0.9534210215709813
25671,0.9534675772715601
25672,0.9535140864397045
25673,0.9535605491219237
25674,0.9536069653646804
25675,0.9536533352143909
25676,0.953699658717425
25677,0.9537459359201063
25678,0.9537921668687118
25679,0.9538383516094727
25680,0.9538844901885737
25681,0.9539305826521534
25682,0.9539766290463041
25683,0.9540226294170724
25684,0.9540685838104587
25685,0.9541144922724172
25686,0.9541603548488565
25687,0.9542061715856393
25688,0.9532524422787071
25689,0.9532991664743306
25690,0.9533458439691088
25691,0.9533924748097194
25692,0.9534390590427932
25693,0.9534855967149144
25694,0.9535320878726207
25695,0.9535785325624031
25696,0.9536249308307065
25697,0.9536712827239292
25698,0.953717588288423
25699,0.9537638475704936
25700,0.9538100606164002
25701,0.9538562274723558
25702,0.9539023481845273
25703,0.9539484227990356
25704,0.953994451361955
25705,0.9540404339193144
25706,0.9540863705170962
25707,0.9541322612012371
25708,0.9541781060176276
25709,0.9542239050121127
25710,0.9542696582304915
25711,0.9543153657185169
25712,0.9543610275218968
25713,0.9544066436862927
25714,0.9544522142573209
25715,0.9544977392805519
25716,0.9545432188015109
25717,0.9545886528656774
25718,0.9546340415184853
25719,0.9546793848053234
25720,0.954724682771535
25721,0.9547699354624181
25722,0.9548151429232252
25723,0.954860305199164
25724,0.9549054223353967
25725,0.9549504943770405
25726,0.9549955213691674
25727,0.9540410031069294
25728,0.954086939135808
25729,0.9541328292516142
25730,0.9541786735002383
25731,0.9542244719275245
25732,0.954270224579271
25733,0.9543159315012307
25734,0.9543615927391106
25735,0.9544072083385717
25736,0.9544527783452298
25737,0.9544983028046549
25738,0.9545437817623713
25739,0.9545892152638582
25740,0.954634603354549
25741,0.9546799460798318
25742,0.9547252434850493
25743,0.954770495615499
25744,0.954815702516433
25745,0.9548608642330583
25746,0.9549059808105365
25747,0.9549510522939842
25748,0.954996078728473
25749,0.9550410601590292
25750,0.9550859966306344
25751,0.955130888188225
25752,0.9551757348766925
25753,0.9552205367408837
25754,0.9552652938256004
25755,0.9553100061755998
25756,0.9553546738355942
25757,0.9553992968502514
25758,0.9554438752641942
25759,0.9554884091220011
25760,0.955532898468206
25761,0.9555773433472983
25762,0.9556217438037228
25763,0.954666599632005
25764,0.9547119103770004
25765,0.954757175833895
25766,0.954802396047954
25767,0.9548475710643979
25768,0.9548927009284015
25769,0.9549377856850948
25770,0.9549828253795625
25771,0.9550278200568443
25772,0.9550727697619349
25773,0.955117674539784
25774,0.9551625344352965
25775,0.9552073494933322
25776,0.9552521197587062
25777,0.9552968452761887
25778,0.9553415260905054
25779,0.955386162246337
25780,0.9544312535384446
25781,0.9544767995119194
25782,0.9545222999621824
25783,0.954567754934734
25784,0.9546131644750291
25785,0.9546585286284773
25786,0.9547038474404429
25787,0.9547491209562445
25788,0.9547943492211558
25789,0.954839532280405
25790,0.9548846701791752
25791,0.9549297629626043
25792,0.9549748106757852
25793,0.9550198133637654
25794,0.9540652708216727
25795,0.9541111825949644
25796,0.9541570484794272
25797,0.954202868520927
25798,0.9542486427652839
25799,0.9542943712582721
25800,0.9543400540456202
25801,0.9543856911730109
25802,0.9544312826860814
25803,0.954476828630423
25804,0.953522828801707
25805,0.9535692827459332
25806,0.9536156902594305
25807,0.9536620513886065
25808,0.9537083661798222
25809,0.9537546346793926
25810,0.9538008569335861
25811,0.9538470329886249
25812,0.9538931628906853
25813,0.953939246685897
25814,0.9539852844203439
25815,0.9540312761400637
25816,0.9540772218910482
25817,0.954123121719243
25818,0.954168975670548
25819,0.9542147837908174
25820,0.954260546125859
25821,0.9543062627214354
25822,0.9533524333733879
25823,0.9533990576278873
25824,0.9534456352814327
25825,0.9534921663806016
25826,0.9535386509719254
25827,0.9535850891018884
25828,0.9536314808169291
25829,0.9536778261634389
25830,0.9537241251877633
25831,0.9537703779362013
25832,0.9538165844550057
25833,0.953862744790383
25834,0.9539088589884935
25835,0.9539549270954516
25836,0.9540009491573253
25837,0.9540469252201366
25838,0.9540928553298615
25839,0.9541387395324304
25840,0.9541845778737273
25841,0.9542303703995907
25842,0.954276117155813
25843,0.954321818188141
25844,0.9543674735422758
25845,0.9544130832638728
25846,0.9544586473985416
25847,0.9545041659918464
25848,0.9545496390893058
25849,0.9545950667363929
25850,0.9546404489785355
25851,0.9546857858611156
25852,0.9547310774294704
25853,0.9547763237288912
25854,0.9548215248046245
25855,0.9548666807018712
25856,0.9549117914657874
25857,0.9549568571414838
25858,0.955001877774026
25859,0.9550468534084348
25860,0.9550917840896856
25861,0.9541371696128343
25862,0.9541830095232663
25863,0.9542288036166963
25864,0.9542745519389184
25865,0.9543202545356811
25866,0.954365911452687
25867,0.9544115227355928
25868,0.95445708843001
25869,0.9545026085815043
25870,0.9545480832355957
25871,0.954593512437759
25872,0.9546388962334235
25873,0.9546842346679728
25874,0.9547295277867455
25875,0.9547747756350345
25876,0.954819978258088
25877,0.9548651357011083
25878,0.9549102480092532
25879,0.9549553152276348
25880,0.9550003374013203
25881,0.9550453145753319
25882,0.9550902467946469
25883,0.9551351341041975
25884,0.955179976548871
25885,0.9552247741735098
25886,0.9552695270229116
25887,0.9553142351418292
25888,0.9553588985749708
25889,0.9554035173669998
25890,0.9554480915625351
25891,0.9554926212061507
25892,0.9555371063423764
25893,0.9555815470156974
25894,0.9556259432705543
25895,0.9556702951513433
25896,0.9557146027024164
25897,0.9557588659680811
25898,0.9558030849926008
25899,0.9558472598201944
25900,0.9558913904950368
25901,0.9559354770612587
25902,0.9559795195629466
25903,0.9550240177942679
25904,0.9550689712997209
25905,0.955113879874134
25906,0.9551587435624157
25907,0.9552035624094298
25908,0.9552483364599951
25909,0.9552930657588856
25910,0.9553377503508308
25911,0.9553823902805151
25912,0.9554269855925785
25913,0.9554715363316164
25914,0.9555160425421795
25915,0.955560504268774
25916,0.9556049215558617
25917,0.9556492944478598
25918,0.9556936229891413
25919,0.9557379072240347
25920,0.9557821471968243
25921,0.9558263429517501
25922,0.9558704945330077
25923,0.9559146019847488
25924,0.9549591651012058
25925,0.9550041834269417
25926,0.9550491567568498
25927,0.9550940851359034
25928,0.9551389686090309
25929,0.9551838072211158
25930,0.9552286010169968
25931,0.9552733500414675
25932,0.9553180543392772
25933,0.95536271395513
25934,0.9544078286838105
25935,0.9544533980704334
25936,0.9544989219104429
25937,0.954544400249363
25938,0.954589833132672
25939,0.9546352206058027
25940,0.9546805627141428
25941,0.9547258595030342
25942,0.9547711110177738
25943,0.954816317303613
25944,0.9548614784057584
25945,0.9549065943693709
25946,0.9549516652395664
25947,0.9549966910614159
25948,0.9550416718799453
25949,0.9550866077401352
25950,0.9551314986869217
25951,0.9541768445153206
25952,0.9542226447706776
25953,0.954268399248668
25954,0.9543141079950461
25955,0.9543597710555208
25956,0.9544053884757552
25957,0.9544509603013667
25958,0.9544964865779271
25959,0.9545419673509626
25960,0.9545874026659542
25961,0.9546327925683371
25962,0.9546781371035011
25963,0.954723436316791
25964,0.9547686902535059
25965,0.9548138989588997
25966,0.9548590624781811
25967,0.9549041808565137
25968,0.954949254139016
25969,0.9549942823707611
25970,0.9550392655967773
25971,0.955084203862048
25972,0.9551290972115112
25973,0.9551739456900604
25974,0.9552187493425441
25975,0.9552635082137659
25976,0.9553082223484848
25977,0.9553528917914148
25978,0.9553975165872255
25979,0.9554420967805416
25980,0.9554866324159433
25981,0.9555311235379664
25982,0.9555755701911018
25983,0.9556199724197963
25984,0.9556643302684522
25985,0.9557086437814273
25986,0.955752913003035
25987,0.9557971379775447
25988,0.9558413187491813
25989,0.9548859551122506
25990,0.9549310466113888
25991,0.9549760930415624
25992,0.9550210944478177
25993,0.9550660508751562
25994,0.9551109623685343
25995,0.9551558289728637
25996,0.9552006507330107
25997,0.9552454276937974
25998,0.9552901599000004
25999,0.9553348473963522
26000,0.9553794902275403
26001,0.9554240884382075
26002,0.9554686420729519
26003,0.9555131511763273
26004,0.9555576157928427
26005,0.9556020359669628
26006,0.9556464117431077
26007,0.9556907431656534
26008,0.9557350302789311
26009,0.9557792731272281
26010,0.9558234717547871
26011,0.9558676262058068
26012,0.9559117365244416
26013,0.955955802754802
26014,0.955999824940954
26015,0.95604380312692
26016,0.9560877373566783
26017,0.9561316276741628
26018,0.9561754741232641
26019,0.9562192767478286
26020,0.9562630355916588
26021,0.9563067506985137
26022,0.9563504221121084
26023,0.9563940498761143
26024,0.9564376340341592
26025,0.9564811746298272
26026,0.9565246717066589
26027,0.9565681253081515
26028,0.9566115354777586
26029,0.9566549022588903
26030,0.9566982256949134
26031,0.9567415058291513
26032,0.9567847427048842
26033,0.9568279363653491
26034,0.9568710868537396
26035,0.9569141942132061
26036,0.9569572584868561
26037,0.9570002797177538
26038,0.9570432579489204
26039,0.9570861932233343
26040,0.9571290855839307
26041,0.957171935073602
26042,0.9572147417351976
26043,0.9572575056115242
26044,0.9573002267453458
26045,0.9573429051793834
26046,0.9573855409563156
26047,0.957428134118778
26048,0.9574706847093639
26049,0.957513192770624
26050,0.9575556583450662
26051,0.957598081475156
26052,0.9576404622033168
26053,0.9576828005719291
26054,0.9577250966233315
26055,0.95776735039982
26056,0.9578095619436482
26057,0.9578517312970278
26058,0.9568943582522532
26059,0.9569374423519511
26060,0.9569804833890806
26061,0.9570234814066827
26062,0.9570664364477555
26063,0.957109348555254
26064,0.9571522177720903
26065,0.9571950441411337
26066,0.9572378277052105
26067,0.9572805685071043
26068,0.957323266589556
26069,0.9573659219952636
26070,0.9574085347668825
26071,0.9574511049470256
26072,0.9574936325782629
26073,0.9575361177031222
26074,0.9575785603640886
26075,0.9576209606036048
26076,0.9576633184640709
26077,0.957705633987845
26078,0.9577479072172425
26079,0.9577901381945365
26080,0.9578323269619583
26081,0.9578744735616965
26082,0.9579165780358977
26083,0.9569591401767914
26084,0.9570021595269396
26085,0.9570451358792365
26086,0.9570880692766585
26087,0.957130959762139
26088,0.9571738073785687
26089,0.9572166121687951
26090,0.9572593741756229
26091,0.9563025931919391
26092,0.9563462687609626
26093,0.9563899006762441
26094,0.9564334889814152
26095,0.9564770337200645
26096,0.9565205349357366
26097,0.9565639926719328
26098,0.9566074069721108
26099,0.9566507778796849
26100,0.956694105438026
26101,0.9567373896904617
26102,0.9557811304304014
26103,0.9558253272015854
26104,0.9558694797980856
26105,0.9559135882640545
26106,0.9559576526436007
26107,0.9560016729807884
26108,0.9560456493196382
26109,0.9560895817041263
26110,0.9561334701781852
26111,0.9561773147857032
26112,0.9562211155705251
26113,0.9562648725764517
26114,0.9563085858472398
26115,0.9563522554266028
26116,0.9563958813582104
26117,0.9564394636856884
26118,0.9564830024526193
26119,0.9565264977025417
26120,0.956569949478951
26121,0.9566133578252989
26122,0.9566567227849937
26123,0.9567000444014006
26124,0.9567433227178409
26125,0.9567865577775931
26126,0.9568297496238924
26127,0.9568728982999305
26128,0.9569160038488561
26129,0.9569590663137748
26130,0.957002085737749
26131,0.9570450621637983
26132,0.9570879956348989
26133,0.9571308861939845
26134,0.9571737338839454
26135,0.9572165387476297
26136,0.9572593008278419
26137,0.9573020201673443
26138,0.9573446968088563
26139,0.9573873307950543
26140,0.9574299221685725
26141,0.9564729707221271
26142,0.9565164759987667
26143,0.9565599377918713
26144,0.9566033561449029
26145,0.9566467311012798
26146,0.955690562454502
26147,0.9557348497484005
26148,0.9557790927771377
26149,0.9558232915849566
26150,0.9558674462160561
26151,0.9559115567145908
26152,0.9549561228747961
26153,0.9550011442412382
26154,0.9550461206088131
26155,0.9550910520224974
26156,0.9551359385272226
26157,0.955180780167875
26158,0.9552255769892964
26159,0.9552703290362836
26160,0.9553150363535887
26161,0.955359698985919
26162,0.955404316977937
26163,0.955448890374261
26164,0.9554934192194641
26165,0.9555379035580753
26166,0.955582343434579
26167,0.9556267388934151
26168,0.9556710899789789
26169,0.9557153967356216
26170,0.9547601589577749
26171,0.9548053761902009
26172,0.9548505482279918
26173,0.9548956751163196
26174,0.9549407569003112
26175,0.9549857936250485
26176,0.9540312850856931
26177,0.9540772308277364
26178,0.954123130646999
26179,0.9541689845893808
26180,0.9542147927007357
26181,0.9542605550268719
26182,0.9543062716135516
26183,0.9543519425064916
26184,0.9543975677513626
26185,0.9544431473937901
26186,0.9544886814793535
26187,0.954534170053587
26188,0.9545796131619791
26189,0.9536255106000981
26190,0.9536718619138411
26191,0.9537181668994344
26192,0.9537644256031831
26193,0.9538106380713458
26194,0.9538568043501351
26195,0.9539029244857171
26196,0.9539489985242121
26197,0.9539950265116942
26198,0.9540410084941913
26199,0.9540869445176853
26200,0.9541328346281124
26201,0.9541786788713627
26202,0.9542244772932803
26203,0.9542702299396638
26204,0.9543159368562658
26205,0.9543615980887933
26206,0.9544072136829075
26207,0.9544527836842239
26208,0.9544983081383127
26209,0.9545437870906982
26210,0.9545892205868595
26211,0.9546346086722299
26212,0.9546799513921977
26213,0.9547252487921056
26214,0.9547705009172509
26215,0.9548157078128858
26216,0.9548608695242172
26217,0.9549059860964069
26218,0.9549510575745713
26219,0.9549960840037821
26220,0.9550410654290656
26221,0.9550860018954034
26222,0.9551308934477318
26223,0.9551757401309425
26224,0.9552205419898822
26225,0.9552652990693525
26226,0.9553100114141108
26227,0.9553546790688693
26228,0.9553993020782957
26229,0.955443880487013
26230,0.9554884143395997
26231,0.9555329036805896
26232,0.9555773485544721
26233,0.955621749005692
26234,0.9556661050786498
26235,0.9557104168177016
26236,0.9557546842671593
26237,0.95579890747129
26238,0.9558430864743173
26239,0.9558872213204199
26240,0.9559313120537328
26241,0.9559753587183468
26242,0.9560193613583085
26243,0.9560633200176205
26244,0.9561072347402416
26245,0.9561511055700864
26246,0.9561949325510258
26247,0.9562387157268869
26248,0.9562824551414527
26249,0.9563261508384627
26250,0.9563698028616127
26251,0.9564134112545546
26252,0.9564569760608969
26253,0.9565004973242043
26254,0.9565439750879982
26255,0.9565874093957563
26256,0.956630800290913
26257,0.9566741478168591
26258,0.9567174520169422
26259,0.9567607129344665
26260,0.956803930612693
26261,0.9568471050948392
26262,0.9558907361742046
26263,0.9559348233944203
26264,0.9559788665494483
26265,0.956022865683332
26266,0.9560668208400702
26267,0.9561107320636184
26268,0.9561545993978876
26269,0.9561984228867453
26270,0.9562422025740149
26271,0.9562859385034762
26272,0.956329630718865
26273,0.9563732792638736
26274,0.9554173839322756
26275,0.9554619442681753
26276,0.9555064600660083
26277,0.9555509313702901
26278,0.9555953582254922
26279,0.9556397406760415
26280,0.9556840787663203
26281,0.9557283725406669
26282,0.9557726220433749
26283,0.9558168273186939
26284,0.9558609884108291
26285,0.9559051053639417
26286,0.9559491782221486
26287,0.9559932070295228
26288,0.9560371918300931
26289,0.9560811326678441
26290,0.9561250295867169
26291,0.9561688826306082
26292,0.9562126918433712
26293,0.9562564572688151
26294,0.9563001789507054
26295,0.9563438569327637
26296,0.956387491258668
26297,0.9564310819720526
26298,0.9564746291165084
26299,0.9565181327355823
26300,0.9565615928727781
26301,0.9566050095715559
26302,0.9566483828753325
26303,0.9566917128274811
26304,0.9567349994713317
26305,0.9567782428501709
26306,0.9568214430072421
26307,0.9568645999857457
26308,0.9569077138288384
26309,0.9569507845796342
26310,0.9569938122812038
26311,0.957036796976575
26312,0.9560802384588573
26313,0.9561241362714921
26314,0.9561679902082522
26315,0.9562118003129916
26316,0.9562555666295203
26317,0.9562992892016047
26318,0.9563429680729674
26319,0.9563866032872872
26320,0.9564301948881995
26321,0.9564737429192958
26322,0.956517247424124
26323,0.9565607084461889
26324,0.9566041260289513
26325,0.9566475002158289
26326,0.9566908310501959
26327,0.9567341185753832
26328,0.9567773628346781
26329,0.9568205638713251
26330,0.9568637217285252
26331,0.9569068364494362
26332,0.9569499080771728
26333,0.9569929366548069
26334,0.9570359222253668
26335,0.9570788648318382
26336,0.9571217645171637
26337,0.957164621324243
26338,0.9572074352959329
26339,0.9572502064750474
26340,0.9572929349043577
26341,0.9573356206265923
26342,0.9573782636844368
26343,0.9574208641205343
26344,0.9574634219774852
26345,0.9575059372978476
26346,0.9575484101241366
26347,0.9575908404988251
26348,0.9576332284643435
26349,0.9576755740630798
26350,0.9577178773373796
26351,0.9577601383295461
26352,0.9578023570818404
26353,0.9578445336364813
26354,0.9578866680356452
26355,0.9579287603214666
26356,0.9579708105360378
26357,0.9580128187214091
26358,0.9580547849195886
26359,0.9580967091725425
26360,0.9581385915221952
26361,0.9581804320104288
26362,0.9582222306790841
26363,0.9582639875699596
26364,0.9583057027248122
26365,0.9583473761853571
26366,0.9583890079932679
26367,0.9584305981901762
26368,0.9584721468176722
26369,0.9585136539173047
26370,0.9585551195305807
26371,0.958596543698966
26372,0.9586379264638846
26373,0.9586792678667193
26374,0.9587205679488116
26375,0.9587618267514614
26376,0.9588030443159277
26377,0.958844220683428
26378,0.9588853558951387
26379,0.958926449992195
26380,0.9589675030156911
26381,0.9590085150066799
26382,0.9590494860061736
26383,0.9590904160551429
26384,0.9591313051945181
26385,0.9591721534651882
26386,0.9592129609080017
26387,0.9592537275637658
26388,0.9592944534732473
26389,0.959335138677172
26390,0.9593757832162253
26391,0.9594163871310517
26392,0.9594569504622551
26393,0.9594974732503988
26394,0.9595379555360056
26395,0.9595783973595579
26396,0.9596187987614974
26397,0.9596591597822255
26398,0.9596994804621033
26399,0.9597397608414515
26400,0.9597800009605505
26401,0.9598202008596404
26402,0.9598603605789211
26403,0.9599004801585523
26404,0.9599405596386538
26405,0.9599805990593048
26406,0.9600205984605449
26407,0.9600605578823734
26408,0.9601004773647499
26409,0.9601403569475937
26410,0.9591806964209094
26411,0.9582219950751614
26412,0.958263752201523
26413,0.9583054675916265
26414,0.9583471412871871
26415,0.9583887733298786
26416,0.958430363761333
26417,0.9584719126231407
26418,0.9585134199568507
26419,0.9585548858039703
26420,0.9585963102059654
26421,0.9586376932042603
26422,0.9586790348402381
26423,0.9587203351552404
26424,0.9587615941905675
26425,0.9588028119874785
26426,0.9588439885871912
26427,0.9588851240308822
26428,0.9589262183596869
26429,0.9579677713648247
26430,0.9580097825878483
26431,0.9580517518206441
26432,0.9580936791051812
26433,0.9581355644833869
26434,0.9581774079971466
26435,0.9582192096883039
26436,0.9582609695986604
26437,0.957303187520101
26438,0.9573458629948436
26439,0.9573884958154385
26440,0.9564315857746435
26441,0.9564751324155484
26442,0.9565186355315748
26443,0.9565620951662259
26444,0.9566055113629613
26445,0.9566488841651972
26446,0.9566922136163065
26447,0.9567354997596186
26448,0.9567787426384196
26449,0.9568219422959524
26450,0.9568650987754167
26451,0.956908212119969
26452,0.9569512823727226
26453,0.9569943095767479
26454,0.957037293775072
26455,0.9570802350106791
26456,0.9571231333265104
26457,0.9571659887654644
26458,0.9572088013703965
26459,0.9572515711841193
26460,0.9572942982494025
26461,0.9573369826089733
26462,0.957379624305516
26463,0.9574222233816725
26464,0.9574647798800416
26465,0.95750729384318
26466,0.9575497653136016
26467,0.9575921943337778
26468,0.9576345809461378
26469,0.9576769251930682
26470,0.9577192271169133
26471,0.9567619865100998
26472,0.9568052029153871
26473,0.9568483761258665
26474,0.9568915061847112
26475,0.9569345931350514
26476,0.9569776370199738
26477,0.9570206378825226
26478,0.9570635957656984
26479,0.9571065107124593
26480,0.9571493827657203
26481,0.9571922119683532
26482,0.9572349983631875
26483,0.9572777419930094
26484,0.9573204429005626
26485,0.957363101128548
26486,0.9564062164697489
26487,0.9564497884672803
26488,0.9564933169145894
26489,0.9565368018552045
26490,0.9565802433326106
26491,0.9566236413902491
26492,0.9566669960715183
26493,0.9567103074197726
26494,0.9567535754783235
26495,0.9567968002904391
26496,0.9568399818993443
26497,0.9568831203482205
26498,0.9569262156802063
26499,0.956969267938397
26500,0.9570122771658449
26501,0.9570552434055593
26502,0.9570981667005062
26503,0.9571410470936091
26504,0.9571838846277485
26505,0.9572266793457618
26506,0.9572694312904437
26507,0.9573121405045463
26508,0.9573548070307786
26509,0.9573974309118073
26510,0.9574400121902562
26511,0.9574825509087067
26512,0.9575250471096975
26513,0.9575675008357248
26514,0.9576099121292424
26515,0.9576522810326614
26516,0.9576946075883509
26517,0.9577368918386374
26518,0.9577791338258052
26519,0.9578213335920962
26520,0.9578634911797103
26521,0.957905606630805
26522,0.9579476799874959
26523,0.9579897112918562
26524,0.9570322003360422
26525,0.9560756464126678
26526,0.956119548815054
26527,0.956163407336978
26528,0.9562072220222984
26529,0.9562509929148297
26530,0.9562947200583432
26531,0.9563384034965657
26532,0.9563820432731809
26533,0.9564256394318283
26534,0.9564691920161044
26535,0.9565127010695615
26536,0.9565561666357089
26537,0.956599588758012
26538,0.9566429674798931
26539,0.9566863028447308
26540,0.9567295948958605
26541,0.9567728436765743
26542,0.956816049230121
26543,0.9568592115997061
26544,0.956902330828492
26545,0.956945406959598
26546,0.9569884400361001
26547,0.9570314301010315
26548,0.9570743771973823
26549,0.9571172813680996
26550,0.9571601426560875
26551,0.9572029611042073
26552,0.9572457367552776
26553,0.9572884696520739
26554,0.9573311598373292
26555,0.9573738073537337
26556,0.9574164122439348
26557,0.9574589745505375
26558,0.9575014943161042
26559,0.9575439715831546
26560,0.9575864063941659
26561,0.956629298541698
26562,0.9566726475686428
26563,0.9567159532682243
26564,0.9567592156837483
26565,0.9568024348584773
26566,0.9568456108356302
26567,0.9568887436583833
26568,0.9569318333698692
26569,0.9569748800131777
26570,0.9570178836313554
26571,0.957060844267406
26572,0.9571037619642901
26573,0.9571466367649255
26574,0.9571894687121869
26575,0.9572322578489063
26576,0.9572750042178729
26577,0.9573177078618331
26578,0.9563608685736155
26579,0.9564044858963805
26580,0.9554485593737454
26581,0.9554930885497837
26582,0.9555375732188993
26583,0.955582013425577
26584,0.9556264092142571
26585,0.9546712603794603
26586,0.9547165664660375
26587,0.9547618272691699
26588,0.9548070428341183
26589,0.9548522132060983
26590,0.95489733843028
26591,0.954942418551789
26592,0.9549874536157053
26593,0.9550324436670639
26594,0.9550773887508549
26595,0.9551222889120234
26596,0.9551671441954697
26597,0.9552119546460489
26598,0.9552567203085716
26599,0.9543019409779283
26600,0.9543476161993397
26601,0.9543932457683558
26602,0.9544388297306063
26603,0.9544843681316753
26604,0.9545298610171009
26605,0.9545753084323761
26606,0.9546207104229485
26607,0.9546660670342199
26608,0.954711378311547
26609,0.9547566443002411
26610,0.9548018650455682
26611,0.954847040592749
26612,0.9548921709869592
26613,0.954937256273329
26614,0.9549822964969439
26615,0.955027291702844
26616,0.9550722419360245
26617,0.9551171472414357
26618,0.955162007663983
26619,0.9552068232485267
26620,0.9552515940398825
26621,0.9552963200828212
26622,0.9553410014220687
26623,0.9553856381023065
26624,0.9554302301681712
26625,0.9554747776642549
26626,0.9555192806351053
26627,0.9555637391252251
26628,0.9556081531790729
26629,0.9556525228410628
26630,0.9556968481555645
26631,0.9557411291669033
26632,0.9557853659193603
26633,0.955829558457172
26634,0.9558737068245311
26635,0.955917811065586
26636,0.955961871224441
26637,0.9560058873451562
26638,0.9560498594717478
26639,0.9560937876481879
26640,0.9561376719184046
26641,0.9561815123262822
26642,0.9562253089156613
26643,0.9562690617303382
26644,0.956312770814066
26645,0.9563564362105537
26646,0.9564000579634666
26647,0.9564436361164267
26648,0.9564871707130119
26649,0.955531161546882
26650,0.9555756081620276
26651,0.9556200103527702
26652,0.9556643681635121
26653,0.955708681638611
26654,0.9557529508223805
26655,0.9557971757590898
26656,0.9558413564929639
26657,0.9558854930681833
26658,0.9559295855288847
26659,0.9559736339191607
26660,0.9560176382830595
26661,0.9560615986645857
26662,0.9561055151076996
26663,0.9561493876563176
26664,0.9561932163543123
26665,0.9562370012455124
26666,0.9562807423737028
26667,0.9563244397826246
26668,0.9563680935159753
26669,0.9564117036174086
26670,0.9564552701305346
26671,0.9564987930989198
26672,0.9565422725660874
26673,0.9565857085755166
26674,0.9566291011706435
26675,0.9566724503948607
26676,0.9557162560416425
26677,0.9557605176547942
26678,0.9558047350284525
26679,0.9558489082068349
26680,0.9558930372341145
26681,0.9559371221544202
26682,0.955981163011837
26683,0.9560251598504059
26684,0.9560691127141236
26685,0.9561130216469431
26686,0.9561568866927732
26687,0.9562007078954791
26688,0.9562444852988818
26689,0.956288218946759
26690,0.9563319088828441
26691,0.9563755551508273
26692,0.9564191577943547
26693,0.956462716857029
26694,0.9565062323824093
26695,0.9565497044140111
26696,0.9565931329953065
26697,0.956636518169724
26698,0.9566798599806488
26699,0.9567231584714228
26700,0.9567664136853443
26701,0.9568096256656689
26702,0.9568527944556082
26703,0.9568959200983312
26704,0.9569390026369636
26705,0.9569820421145878
26706,0.9570250385742434
26707,0.9570679920589268
26708,0.9571109026115915
26709,0.9571537702751481
26710,0.9571965950924644
26711,0.957239377106365
26712,0.957282116359632
26713,0.9573248128950047
26714,0.9573674667551796
26715,0.9574100779828106
26716,0.957452646620509
26717,0.9574951727108433
26718,0.9575376562963397
26719,0.9575800974194818
26720,0.9576224961227107
26721,0.9566653521985501
26722,0.9567086651898559
26723,0.956751934889816
26724,0.9567951613417003
26725,0.9568383445887351
26726,0.9568814846741036
26727,0.9569245816409461
26728,0.9569676355323594
26729,0.9570106463913975
26730,0.9570536142610713
26731,0.9570965391843486
26732,0.9571394212041543
26733,0.9571822603633705
26734,0.9572250567048364
26735,0.9572678102713483
26736,0.9573105211056598
26737,0.9573531892504817
26738,0.9573958147484822
26739,0.9574383976422869
26740,0.9574809379744785
26741,0.9575234357875975
26742,0.9575658911241416
26743,0.9576083040265663
26744,0.9576506745372844
26745,0.9576930026986664
26746,0.9577352885530406
26747,0.9577775321426927
26748,0.9578197335098664
26749,0.957861892696763
26750,0.9579040097455419
26751,0.95794608469832
26752,0.9579881175971723
26753,0.9580301084841316
26754,0.958072057401189
26755,0.9581139643902932
26756,0.9581558294933513
26757,0.9581976527522286
26758,0.9582394342087481
26759,0.9582811739046914
26760,0.9583228718817981
26761,0.9583645281817663
26762,0.9584061428462524
26763,0.9584477159168708
26764,0.9584892474351948
26765,0.9585307374427559
26766,0.958572185981044
26767,0.9586135930915077
26768,0.9586549588155542
26769,0.9586962831945491
26770,0.958737566269817
26771,0.9587788080826407
26772,0.9588200086742622
26773,0.9588611680858822
26774,0.9589022863586599
26775,0.9589433635337138
26776,0.9579848994022458
26777,0.9580268935057918
26778,0.9580688456362209
26779,0.958110755835485
26780,0.9581526241454945
26781,0.9581944506081177
26782,0.9582362352651811
26783,0.9582779781584693
26784,0.9583196793297252
26785,0.95836133882065
26786,0.9584029566729032
26787,0.9584445329281027
26788,0.9584860676278247
26789,0.958527560813604
26790,0.9585690125269337
26791,0.9586104228092657
26792,0.95865179170201
26793,0.9586931192465357
26794,0.9587344054841703
26795,0.9587756504562002
26796,0.9588168542038701
26797,0.958858016768384
26798,0.9588991381909043
26799,0.9589402185125526
26800,0.9589812577744091
26801,0.9590222560175131
26802,0.9590632132828629
26803,0.9591041296114158
26804,0.9591450050440881
26805,0.9591858396217552
26806,0.9592266333852517
26807,0.9592673863753715
26808,0.9593080986328674
26809,0.9593487701984517
26810,0.959389401112796
26811,0.9594299914165314
26812,0.9584710409003729
26813,0.9585125491053701
26814,0.958554015822906
26815,0.9585954410944473
26816,0.9586368249614193
26817,0.9586781674652061
26818,0.9587194686471499
26819,0.958760728548552
26820,0.9588019472106724
26821,0.9588431246747297
26822,0.9588842609819014
26823,0.9589253561733238
26824,0.958966410290092
26825,0.9590074233732603
26826,0.9590483954638417
26827,0.9590893266028083
26828,0.9591302168310913
26829,0.959171066189581
26830,0.9592118747191267
26831,0.9592526424605369
26832,0.9592933694545793
26833,0.958334555492106
26834,0.9583762001143028
26835,0.9584178031126893
26836,0.9584593645288685
26837,0.9585008844044018
26838,0.9585423627808093
26839,0.9585837996995691
26840,0.9586251952021182
26841,0.9586665493298522
26842,0.9587078621241252
26843,0.95874913362625
26844,0.9587903638774982
26845,0.9588315529190998
26846,0.9588727007922442
26847,0.9579143072882039
26848,0.9579563719485855
26849,0.9579983945653285
26850,0.9580403751804556
26851,0.9580823138359474
26852,0.9581242105737426
26853,0.9581660654357379
26854,0.9582078784637882
26855,0.9582496496997064
26856,0.9582913791852639
26857,0.9583330669621901
26858,0.9583747130721729
26859,0.9584163175568584
26860,0.9584578804578511
26861,0.9584994018167138
26862,0.958540881674968
26863,0.9585823200740935
26864,0.9576242168056537
26865,0.9576665714115451
26866,0.9577088836839973
26867,0.9577511536653227
26868,0.9577933813977911
26869,0.9578355669236304
26870,0.957877710285026
26871,0.9579198115241214
26872,0.9579618706830179
26873,0.9580038878037744
26874,0.9580458629284083
26875,0.9570882958490197
26876,0.9571311861080412
26877,0.957174033498238
26878,0.9572168380624577
26879,0.9572595998435047
26880,0.9573023188841409
26881,0.9573449952270853
26882,0.9573876289150142
26883,0.9574302199905613
26884,0.9574727684963179
26885,0.9565157742249573
26886,0.9565592367194851
26887,0.9566026557732387
26888,0.9566460314296372
26889,0.9566893637320564
26890,0.9567326527238285
26891,0.9567758984482424
26892,0.956819100948544
26893,0.9568622602679359
26894,0.9569053764495771
26895,0.9559489492867089
26896,0.9559929783229041
26897,0.9560369633520666
26898,0.9560809044181814
26899,0.9561248015651898
26900,0.9561686548369887
26901,0.9562124642774315
26902,0.9562562299303276
26903,0.9562999518394427
26904,0.9563436300484988
26905,0.956387264601174
26906,0.9564308555411029
26907,0.9564744029118764
26908,0.9555184065071668
26909,0.9545633656211027
26910,0.9546087795485179
26911,0.9546541480847013
26912,0.9546994712750214
26913,0.9547447491648015
26914,0.9547899817993194
26915,0.9548351692238078
26916,0.9548803114834542
26917,0.9549254086234008
26918,0.9549704606887447
26919,0.955015467724538
26920,0.9550604297757879
26921,0.9551053468874563
26922,0.9551502191044603
26923,0.9551950464716722
26924,0.9552398290339194
26925,0.9552845668359844
26926,0.9553292599226051
26927,0.9553739083384746
26928,0.9554185121282412
26929,0.9554630713365089
26930,0.9555075860078367
26931,0.9555520561867394
26932,0.9555964819176872
26933,0.9556408632451058
26934,0.9556852002133766
26935,0.9557294928668364
26936,0.9557737412497781
26937,0.9558179454064499
26938,0.9558621053810562
26939,0.9559062212177568
26940,0.9559502929606676
26941,0.9559943206538604
26942,0.9560383043413627
26943,0.9560822440671585
26944,0.9561261398751874
26945,0.956169991809345
26946,0.9562137999134837
26947,0.9562575642314112
26948,0.956301284806892
26949,0.9563449616836468
26950,0.9563885949053523
26951,0.9564321845156418
26952,0.956475730558105
26953,0.9565192330762878
26954,0.9565626921136928
26955,0.9566061077137791
26956,0.9566494799199622
26957,0.9566928087756144
26958,0.9567360943240645
26959,0.9567793366085982
26960,0.9568225356724577
26961,0.956865691558842
26962,0.9569088043109072
26963,0.9569518739717658
26964,0.9569949005844877
26965,0.9570378841920993
26966,0.9570808248375845
26967,0.9571237225638838
26968,0.9571665774138949
26969,0.9572093894304727
26970,0.9572521586564293
26971,0.9572948851345339
26972,0.9573375689075129
26973,0.9573802100180501
26974,0.9574228085087867
26975,0.9574653644223211
26976,0.9575078778012094
26977,0.9575503486879648
26978,0.9575927771250583
26979,0.9576351631549184
26980,0.9576775068199309
26981,0.9577198081624397
26982,0.9577620672247461
26983,0.9578042840491092
26984,0.9578464586777458
26985,0.9578885911528304
26986,0.9579306815164957
26987,0.957972729810832
26988,0.9580147360778877
26989,0.958056700359669
26990,0.9580986226981401
26991,0.9581405031352234
26992,0.9581823417127994
26993,0.9572246382228315
26994,0.9572673922076164
26995,0.9573101034597826
26996,0.9573527720220417
26997,0.9573953979370622
26998,0.9574379812474699
26999,0.9574805219958483
27000,0.957523020224738
27001,0.9575654759766373
27002,0.957607889294002
27003,0.9576502602192454
27004,0.9576925887947384
27005,0.9577348750628096
27006,0.9567776188158703
27007,0.9568208195966641
27008,0.9568639771982667
27009,0.9569070916638356
27010,0.9569501630364854
27011,0.9569931913592875
27012,0.9570361766752702
27013,0.9570791190274188
27014,0.9571220184586757
27015,0.9571648750119404
27016,0.9572076887300693
27017,0.9572504596558764
27018,0.9572931878321324
27019,0.9573358733015656
27020,0.9573785161068613
27021,0.9574211162906625
27022,0.9574636738955694
27023,0.9575061889641395
27024,0.957548661538888
27025,0.9575910916622874
27026,0.9576334793767679
27027,0.9576758247247171
27028,0.9577181277484805
27029,0.9577603884903612
27030,0.9578026069926197
27031,0.9578447832974746
27032,0.9578869174471023
27033,0.9579290094836369
27034,0.9579710594491705
27035,0.958013067385753
27036,0.9580550333353924
27037,0.9580969573400547
27038,0.9581388394416639
27039,0.958180679682102
27040,0.9582224781032093
27041,0.9582642347467842
27042,0.9573064494047085
27043,0.9573491216191966
27044,0.9573917511827956
27045,0.9574343381381352
27046,0.9574768825278022
27047,0.9575193843943411
27048,0.9575618437802539
27049,0.9576042607279998
27050,0.9576466352799957
27051,0.9576889674786164
27052,0.957731257366194
27053,0.9577735049850185
27054,0.9578157103773373
27055,0.9578578735853559
27056,0.9578999946512377
27057,0.9579420736171035
27058,0.9579841105250324
27059,0.9580261054170613
27060,0.9570685580853102
27061,0.9571114680722315
27062,0.95715433517061
27063,0.9571971594233131
27064,0.9572399408731649
27065,0.9572826795629469
27066,0.9573253755353978
27067,0.9573680288332135
27068,0.9574106394990474
27069,0.9574532075755101
27070,0.9574957331051698
27071,0.9575382161305519
27072,0.9575806566941396
27073,0.9576230548383734
27074,0.9576654106056514
27075,0.9577077240383294
27076,0.9577499951787208
27077,0.9577922240690969
27078,0.9578344107516865
27079,0.9578765552686763
27080,0.9579186576622108
27081,0.9579607179743925
27082,0.9580027362472817
27083,0.9580447125228966
27084,0.9580866468432135
27085,0.9581285392501668
27086,0.958170389785649
27087,0.9582121984915104
27088,0.9582539654095599
27089,0.9582956905815643
27090,0.9583373740492489
27091,0.9583790158542971
27092,0.9584206160383507
27093,0.95846217464301
27094,0.9585036917098335
27095,0.9585451672803385
27096,0.9585866013960003
27097,0.9586279940982532
27098,0.9586693454284898
27099,0.9587106554280616
27100,0.9587519241382784
27101,0.958793151600409
27102,0.958834337855681
27103,0.9588754829452805
27104,0.9589165869103526
27105,0.9589576497920015
27106,0.9589986716312898
27107,0.9590396524692396
27108,0.9590805923468316
27109,0.9591214913050057
27110,0.9591623493846608
27111,0.9592031666266552
27112,0.9592439430718059
27113,0.9592846787608896
27114,0.9593253737346419
27115,0.9593660280337577
27116,0.9594066416988913
27117,0.9594472147706565
27118,0.9594877472896264
27119,0.9595282392963334
27120,0.9595686908312695
27121,0.9596091019348865
27122,0.9596494726475953
27123,0.9596898030097666
27124,0.9597300930617308
27125,0.959770342843778
27126,0.9598105523961581
27127,0.9598507217590805
27128,0.9598908509727145
27129,0.9599309400771896
27130,0.9599709891125947
27131,0.9600109981189789
27132,0.9600509671363513
27133,0.9600908962046808
27134,0.9601307853638965
27135,0.9601706346538876
27136,0.9602104441145034
27137,0.9602502137855534
27138,0.9602899437068072
27139,0.9603296339179948
27140,0.9603692844588063
27141,0.9604088953688925
27142,0.9604484666878641
27143,0.9604879984552925
27144,0.9605274907107095
27145,0.9605669434936074
27146,0.9596068565935638
27147,0.9596472295504918
27148,0.9596875621546392
27149,0.9597278544463388
27150,0.9597681064658827
27151,0.959808318253523
27152,0.9598484898494715
27153,0.9598886212938997
27154,0.9599287126269394
27155,0.9599687638886816
27156,0.9600087751191776
27157,0.9600487463584387
27158,0.9600886776464362
27159,0.9601285690231015
27160,0.9601684205283257
27161,0.9602082322019606
27162,0.9602480040838177
27163,0.960287736213669
27164,0.9603274286312465
27165,0.9603670813762428
27166,0.9604066944883105
27167,0.9604462680070628
27168,0.9604858019720732
27169,0.9605252964228758
27170,0.9605647513989648
27171,0.9606041669397954
27172,0.9606435430847832
27173,0.9606828798733041
27174,0.9607221773446951
27175,0.9607614355382537
27176,0.9608006544932379
27177,0.9598403339989918
27178,0.9598804735951947
27179,0.9599205730718612
27180,0.9599606324690907
27181,0.9600006518269427
27182,0.9600406311854365
27183,0.9600805705845514
27184,0.9601204700642271
27185,0.9601603296643628
27186,0.9602001494248182
27187,0.9602399293854131
27188,0.9602796695859275
27189,0.9603193700661015
27190,0.9603590308656356
27191,0.9603986520241906
27192,0.9604382335813878
27193,0.9594782753269336
27194,0.9595187768008697
27195,0.9595592377935726
27196,0.959599658345503
27197,0.9596400384970817
27198,0.9596803782886888
27199,0.9597206777606642
27200,0.9597609369533072
27201,0.9598011559068771
27202,0.9598413346615928
27203,0.9598814732576332
27204,0.9599215717351368
27205,0.9599616301342021
27206,0.9590021482450125
27207,0.9590431256080859
27208,0.9590840620142748
27209,0.9591249575045153
27210,0.9591658121197032
27211,0.959206625900693
27212,0.9592473988882986
27213,0.9592881311232928
27214,0.959328822646408
27215,0.9583699732484605
27216,0.958411582470601
27217,0.9584531501043135
27218,0.9584946761911658
27219,0.9585361607726839
27220,0.9585776038903524
27221,0.9586190055856144
27222,0.9586603658998717
27223,0.9587016848744845
27224,0.9587429625507718
27225,0.9587841989700114
27226,0.9588253941734397
27227,0.9588665482022518
27228,0.9589076610976018
27229,0.9589487329006028
27230,0.9589897636523264
27231,0.9590307533938033
27232,0.9590717021660233
27233,0.9591126100099353
27234,0.9591534769664471
27235,0.9581948028265507
27236,0.9582365871315716
27237,0.9582783296731692
27238,0.958320030493086
27239,0.9583616896330229
27240,0.9584033071346391
27241,0.958444883039552
27242,0.9584864173893376
27243,0.9585279102255302
27244,0.9585693615896226
27245,0.9586107715230663
27246,0.957652639817396
27247,0.9576949660144801
27248,0.9577372499065196
27249,0.9577794915357984
27250,0.9578216909445583
27251,0.9578638481749985
27252,0.9579059632692764
27253,0.957948036269507
27254,0.9579900672177634
27255,0.9570325559062014
27256,0.9570755018773096
27257,0.957118404923909
27258,0.9571612650889025
27259,0.9562045821652755
27260,0.9562483556963447
27261,0.9562920854757586
27262,0.9563357715472471
27263,0.9563794139544962
27264,0.9564230127411484
27265,0.9564665679508024
27266,0.9565100796270135
27267,0.9555540475634183
27268,0.9555984713039847
27269,0.9546433503931361
27270,0.9546886843757516
27271,0.9547339730470402
27272,0.9547792164522906
27273,0.954824414636746
27274,0.9548695676456049
27275,0.9549146755240201
27276,0.9549597383170996
27277,0.9550047560699061
27278,0.9550497288274574
27279,0.9550946566347264
27280,0.9551395395366407
27281,0.9551843775780833
27282,0.9552291708038922
27283,0.9552739192588608
27284,0.9553186229877375
27285,0.955363282035226
27286,0.9554078964459854
27287,0.9554524662646301
27288,0.9554969915357299
27289,0.9555414723038101
27290,0.9555859086133516
27291,0.9556303005087905
27292,0.9556746480345188
27293,0.9557189512348842
27294,0.9557632101541896
27295,0.9558074248366942
27296,0.9558515953266126
27297,0.9558957216681152
27298,0.9559398039053285
27299,0.9559838420823347
27300,0.9560278362431719
27301,0.9560717864318344
27302,0.9561156926922724
27303,0.956159555068392
27304,0.9562033736040558
27305,0.9562471483430822
27306,0.9562908793292461
27307,0.9563345666062782
27308,0.9553787099679911
27309,0.9554233089585279
27310,0.9554678633723624
27311,0.9555123732540493
27312,0.9555568386480982
27313,0.9556012595989746
27314,0.9546461359012245
27315,0.954691467099724
27316,0.9547367529896793
27317,0.9547819936163763
27318,0.9548271890250556
27319,0.9538728390110376
27320,0.953918943119972
27321,0.9539650011478381
27322,0.9540110131406938
27323,0.9540569791445512
27324,0.9541028992053763
27325,0.954148773369089
27326,0.9541946016815637
27327,0.9542403841886286
27328,0.9542861209360662
27329,0.9543318119696134
27330,0.954377457334961
27331,0.9544230570777547
27332,0.954468611243594
27333,0.9545141198780331
27334,0.9545595830265808
27335,0.9546050007347002
27336,0.954650373047809
27337,0.9546957000112795
27338,0.9547409816704386
27339,0.9547862180705682
27340,0.9548314092569045
27341,0.9548765552746387
27342,0.9549216561689169
27343,0.95496671198484
27344,0.9550117227674638
27345,0.9550566885617991
27346,0.9551016094128119
27347,0.9551464853654228
27348,0.9551913164645078
27349,0.9552361027548981
27350,0.9552808442813799
27351,0.9553255410886949
27352,0.9553701932215398
27353,0.9554148007245667
27354,0.9554593636423833
27355,0.9555038820195523
27356,0.9555483559005922
27357,0.9555927853299769
27358,0.9556371703521359
27359,0.9556815110114542
27360,0.9557258073522723
27361,0.9557700594188867
27362,0.9558142672555495
27363,0.9558584309064685
27364,0.9559025504158074
27365,0.9559466258276856
27366,0.9559906571861787
27367,0.9550351442854429
27368,0.9550800866699652
27369,0.9551249841345629
27370,0.9551698367241336
27371,0.9552146444835298
27372,0.9552594074575592
27373,0.955304125690985
27374,0.9553487992285252
27375,0.9553934281148535
27376,0.9554380123945988
27377,0.9554825521123453
27378,0.9555270473126328
27379,0.9555714980399566
27380,0.9556159043387672
27381,0.9556602662534711
27382,0.9557045838284302
27383,0.955748857107962
27384,0.9557930861363398
27385,0.9558372709577928
27386,0.9558814116165056
27387,0.955925508156619
27388,0.9559695606222296
27389,0.9560135690573898
27390,0.956057533506108
27391,0.9561014540123488
27392,0.9561453306200326
27393,0.956189163373036
27394,0.9562329523151919
27395,0.9562766974902892
27396,0.956320398942073
27397,0.9563640567142448
27398,0.9564076708504625
27399,0.9564512413943401
27400,0.9564947683894482
27401,0.9565382518793138
27402,0.9565816919074205
27403,0.9566250885172082
27404,0.9566684417520736
27405,0.9567117516553698
27406,0.9567550182704069
27407,0.9567982416404515
27408,0.9568414218087269
27409,0.9568845588184133
27410,0.9569276527126478
27411,0.9569707035345242
27412,0.9570137113270933
27413,0.9570566761333631
27414,0.9570995979962983
27415,0.9571424769588207
27416,0.9571853130638094
27417,0.9572281063541004
27418,0.9572708568724871
27419,0.95731356466172
27420,0.9573562297645068
27421,0.9573988522235128
27422,0.9574414320813605
27423,0.9574839693806294
27424,0.9575264641638571
27425,0.9575689164735384
27426,0.9576113263521255
27427,0.9576536938420285
27428,0.9576960189856146
27429,0.9577383018252092
27430,0.9577805424030951
27431,0.9578227407615127
27432,0.9578648969426606
27433,0.9579070109886949
27434,0.9579490829417296
27435,0.9579911128438369
27436,0.9580331007370464
27437,0.9580750466633462
27438,0.9581169506646822
27439,0.9581588127829583
27440,0.9582006330600369
27441,0.958242411537738
27442,0.9582841482578403
27443,0.9583258432620803
27444,0.9583674965921531
27445,0.9574096080398372
27446,0.9574521771472436
27447,0.9564952034569415
27448,0.9565386865119571
27449,0.9565821261056483
27450,0.9566255222814547
27451,0.9566688750827725
27452,0.9567121845529547
27453,0.9567554507353105
27454,0.9567986736731063
27455,0.956841853409565
27456,0.9568849899878662
27457,0.9569280834511467
27458,0.9569711338424999
27459,0.9570141412049762
27460,0.9570571055815829
27461,0.9571000270152844
27462,0.9571429055490023
27463,0.957185741225615
27464,0.9572285340879582
27465,0.9562717839289497
27466,0.9563154902918394
27467,0.9563591529702083
27468,0.9564027720077194
27469,0.9564463474479915
27470,0.9564898793346002
27471,0.9565333677110773
27472,0.9565768126209113
27473,0.956620214107547
27474,0.9566635722143861
27475,0.9567068869847866
27476,0.9567501584620631
27477,0.9567933866894873
27478,0.9568365717102875
27479,0.9568797135676484
27480,0.9569228123047123
27481,0.9569658679645777
27482,0.9570088805903003
27483,0.9570518502248927
27484,0.9570947769113246
27485,0.9571376606925227
27486,0.9571805016113708
27487,0.9572232997107097
27488,0.9572660550333377
27489,0.95730876762201
27490,0.9573514375194393
27491,0.9573940647682955
27492,0.9574366494112058
27493,0.9574791914907548
27494,0.9575216910494847
27495,0.957564148129895
27496,0.9576065627744428
27497,0.9576489350255428
27498,0.9576912649255672
27499,0.957733552516846
27500,0.9577757978416668
27501,0.9578180009422748
27502,0.9578601618608732
27503,0.9579022806396229
27504,0.9569448570707677
27505,0.9569878906968838
27506,0.95703088131088
27507,0.9570738289557467
27508,0.9571167336744316
27509,0.9571595955098395
27510,0.9572024145048322
27511,0.9572451907022287
27512,0.9572879241448051
27513,0.957330614875295
27514,0.9573732629363891
27515,0.9574158683707356
27516,0.9574584312209398
27517,0.9575009515295645
27518,0.9575434293391302
27519,0.9575858646921146
27520,0.957628257630953
27521,0.9566711079481635
27522,0.9567144151865961
27523,0.956757679139433
27524,0.9568008998499383
27525,0.9568440773613327
27526,0.9568872117167936
27527,0.9569303029594555
27528,0.9569733511324096
27529,0.957016356278704
27530,0.957059318441344
27531,0.9571022376632916
27532,0.9571451139874663
27533,0.9571879474567442
27534,0.9572307381139589
27535,0.957273486001901
27536,0.9573161911633183
27537,0.9573588536409162
27538,0.957401473477357
27539,0.9574440507152607
27540,0.9574865853972045
27541,0.957529077565723
27542,0.9575715272633085
27543,0.9566144342825356
27544,0.9566577981663111
27545,0.956701118707874
27546,0.9567443959505448
27547,0.9567876299376008
27548,0.9568308207122759
27549,0.9568739683177608
27550,0.9569170727972034
27551,0.956960134193708
27552,0.957003152550336
27553,0.9570461279101058
27554,0.9570890603159927
27555,0.9561324495610543
27556,0.9561762951886794
27557,0.9562200969925888
27558,0.9562638550165842
27559,0.9563075693044236
27560,0.9563512398998215
27561,0.9563948668464484
27562,0.9564384501879312
27563,0.9564819899678533
27564,0.9565254862297544
27565,0.956568939017131
27566,0.9566123483734358
27567,0.9566557143420781
27568,0.9566990369664238
27569,0.9567423162897957
27570,0.956785552355473
27571,0.9568287452066919
27572,0.9568718948866453
27573,0.9569150014384827
27574,0.9569580649053109
27575,0.9570010853301931
27576,0.95704406275615
27577,0.9570869972261588
27578,0.9571298887831541
27579,0.9571727374700275
27580,0.9572155433296277
27581,0.9572583064047605
27582,0.9573010267381891
27583,0.9573437043726336
27584,0.9573863393507719
27585,0.9574289317152389
27586,0.9574714815086269
27587,0.9575139887734859
27588,0.957556453552323
27589,0.9575988758876031
27590,0.9576412558217484
27591,0.9576835933971389
27592,0.9577258886561123
27593,0.9577681416409638
27594,0.9578103523939463
27595,0.9578525209572707
27596,0.9578946473731055
27597,0.9579367316835772
27598,0.95797877393077
27599,0.9580207741567263
27600,0.9580627324034462
27601,0.958104648712888
27602,0.9581465231269681
27603,0.9581883556875609
27604,0.9582301464364988
27605,0.9582718954155728
27606,0.9583136026665318
27607,0.958355268231083
27608,0.958396892150892
27609,0.9584384744675827
27610,0.9584800152227375
27611,0.9585215144578972
27612,0.958562972214561
27613,0.9576048882843116
27614,0.9576472622090648
27615,0.9576895937810698
27616,0.9577318830426579
27617,0.9577741300361184
27618,0.9578163348036985
27619,0.9578584973876029
27620,0.957900617829994
27621,0.9579426961729925
27622,0.9579847324586767
27623,0.9580267267290827
27624,0.9580686790262051
27625,0.958110589391996
27626,0.9581524578683658
27627,0.958194284497183
27628,0.9582360693202743
27629,0.9582778123794244
27630,0.9583195137163766
27631,0.958361173372832
27632,0.9584027913904504
27633,0.9584443678108497
27634,0.9584859026756065
27635,0.9585273960262556
27636,0.9585688479042903
27637,0.9586102583511625
27638,0.9586516274082828
27639,0.9586929551170201
27640,0.9587342415187022
27641,0.9587754866546155
27642,0.9588166905660053
27643,0.9588578532940752
27644,0.9588989748799882
27645,0.9589400553648658
27646,0.9589810947897884
27647,0.9590220931957957
27648,0.9580635503740108
27649,0.9581054658658908
27650,0.9581473394632263
27651,0.9581891712078907
27652,0.9582309611417159
27653,0.9582727093064918
27654,0.9583144157439666
27655,0.9583560804958466
27656,0.9583977036037968
27657,0.9584392851094402
27658,0.9584808250543583
27659,0.958522323480091
27660,0.958563780428137
27661,0.9586051959399529
27662,0.9586465700569544
27663,0.9586879028205156
27664,0.9587291942719693
27665,0.9587704444526071
27666,0.9588116534036789
27667,0.9588528211663939
27668,0.9588939477819197
27669,0.9589350332913831
27670,0.9589760777358695
27671,0.9590170811564233
27672,0.959058043594048
27673,0.9590989650897062
27674,0.9591398456843191
27675,0.9591806854187676
27676,0.9592214843338912
27677,0.959262242470489
27678,0.959302959869319
27679,0.9593436365710988
27680,0.9593842726165049
27681,0.9594248680461736
27682,0.9594654229007001
27683,0.9595059372206395
27684,0.959546411046506
27685,0.9595868444187733
27686,0.9596272373778749
27687,0.9596675899642039
27688,0.9597079022181128
27689,0.9597481741799138
27690,0.9597884058898789
27691,0.9598285973882399
27692,0.9598687487151881
27693,0.959908859910875
27694,0.9599489310154119
27695,0.9599889620688697
27696,0.9600289531112797
27697,0.9600689041826327
27698,0.96010881532288
27699,0.9601486865719325
27700,0.9601885179696618
27701,0.960228309555899
27702,0.9602680613704359
27703,0.9603077734530241
27704,0.960347445843376
27705,0.9603870785811637
27706,0.9604266717060201
27707,0.9604662252575383
27708,0.9605057392752719
27709,0.9605452137987349
27710,0.9605846488674018
27711,0.9606240445207077
27712,0.9606634007980484
27713,0.9607027177387799
27714,0.9607419953822194
27715,0.9597817335177694
27716,0.9598219316851679
27717,0.9598620896744882
27718,0.959902207525888
27719,0.9599422852794852
27720,0.9599823229753578
27721,0.9600223206535433
27722,0.9600622783540396
27723,0.9601021961168041
27724,0.9601420739817549
27725,0.9601819119887697
27726,0.9602217101776864
27727,0.9602614685883034
27728,0.960301187260379
27729,0.960340866233632
27730,0.9603805055477413
27731,0.9604201052423463
27732,0.9604596653570466
27733,0.9604991859314024
27734,0.9605386670049342
27735,0.9605781086171231
27736,0.9606175108074109
27737,0.9606568736151996
27738,0.9606961970798521
27739,0.9607354812406919
27740,0.960774726137003
27741,0.9608139318080304
27742,0.9608530982929799
27743,0.960892225631018
27744,0.9609313138612718
27745,0.9609703630228298
27746,0.961009373154741
27747,0.9610483442960156
27748,0.9610872764856248
27749,0.9611261697625006
27750,0.9611650241655366
27751,0.961203839733587
27752,0.9612426165054675
27753,0.9612813545199548
27754,0.9613200538157869
27755,0.9613587144316632
27756,0.9613973364062443
27757,0.961435919778152
27758,0.96147446458597
27759,0.9615129708682428
27760,0.9605519384136019
27761,0.9605913667610145
27762,0.9606307556997842
27763,0.9606701052692996
27764,0.9607094155089105
27765,0.9607486864579271
27766,0.9607879181556204
27767,0.960827110641222
27768,0.9608662639539244
27769,0.959905877883006
27770,0.9599459519680804
27771,0.9599859859990968
27772,0.9600259800160892
27773,0.9600659340590516
27774,0.959106347918063
27775,0.9591472211335372
27776,0.9591880534962224
27777,0.9592288450469508
27778,0.959269595826514
27779,0.959310305875663
27780,0.9593509752351076
27781,0.9593916039455173
27782,0.9594321920475207
27783,0.9594727395817061
27784,0.9595132465886209
27785,0.9595537131087722
27786,0.9595941391826266
27787,0.95963452485061
27788,0.9596748701531082
27789,0.9597151751304663
27790,0.9597554398229896
27791,0.9597956642709427
27792,0.95983584851455
27793,0.9598759925939957
27794,0.959916096549424
27795,0.9599561604209388
27796,0.959996184248604
27797,0.9600361680724435
27798,0.960076111932441
27799,0.9601160158685406
27800,0.960155879920646
27801,0.9601957041286213
27802,0.9602354885322909
27803,0.960275233171439
27804,0.9603149380858104
27805,0.9603546033151099
27806,0.9603942288990028
27807,0.9604338148771148
27808,0.9604733612890317
27809,0.9605128681743
27810,0.9605523355724267
27811,0.960591763522879
27812,0.960631152065085
27813,0.9606705012384332
27814,0.9607098110822728
27815,0.9607490816359138
27816,0.9607883129386265
27817,0.9608275050296424
27818,0.9608666579481535
27819,0.9609057717333128
27820,0.959945346174359
27821,0.9599853808108664
27822,0.9600253754327446
27823,0.9600653300799882
27824,0.9601052447925519
27825,0.9601451196103504
27826,0.9601849545732586
27827,0.9592252494712363
27828,0.9592660038445784
27829,0.9593067174839142
27830,0.9593473904299572
27831,0.9593880227233805
27832,0.9594286144048164
27833,0.9594691655148566
27834,0.9595096760940521
27835,0.9595501461829137
27836,0.9595905758219113
27837,0.9596309650514746
27838,0.9596713139119929
27839,0.959711622443815
27840,0.9597518906872495
27841,0.9597921186825646
27842,0.9598323064699884
27843,0.9598724540897086
27844,0.9599125615818728
27845,0.9599526289865885
27846,0.9599926563439233
27847,0.9600326436939044
27848,0.9600725910765192
27849,0.9601124985317151
27850,0.9601523660993996
27851,0.9601921938194402
27852,0.9602319817316647
27853,0.9592722296259859
27854,0.9593129370426516
27855,0.9593536037722442
27856,0.9593942298554303
27857,0.9594348153328361
27858,0.9594753602450472
27859,0.9595158646326084
27860,0.9595563285360241
27861,0.9595967519957582
27862,0.9596371350522342
27863,0.9596774777458352
27864,0.9597177801169039
27865,0.9597580422057426
27866,0.9597982640526134
27867,0.9598384456977382
27868,0.9598785871812987
27869,0.9599186885434363
27870,0.9599587498242524
27871,0.9599987710638084
27872,0.9600387523021254
27873,0.9600786935791847
27874,0.9601185949349277
27875,0.9601584564092556
27876,0.96019827804203
27877,0.9602380598730724
27878,0.9602778019421648
27879,0.9603175042890493
27880,0.960357166953428
27881,0.9603967899749638
27882,0.9604363733932797
27883,0.9604759172479591
27884,0.9605154215785459
27885,0.9605548864245443
27886,0.9605943118254193
27887,0.9596341975707212
27888,0.9596745432003357
27889,0.9597148485044833
27890,0.9597551135234693
27891,0.9597953382975588
27892,0.9588360226171014
27893,0.9588771660227815
27894,0.9589182683056173
27895,0.9589593295067111
27896,0.9590003496671242
27897,0.9590413288278767
27898,0.9590822670299478
27899,0.9591231643142757
27900,0.9591640207217577
27901,0.9592048362932502
27902,0.9592456110695687
27903,0.9592863450914882
27904,0.9593270383997426
27905,0.9593676910350253
27906,0.9584088027881137
27907,0.9584503732001196
27908,0.9584919020624884
27909,0.9585333894167487
27910,0.9585748353043881
27911,0.9576167395169775
27912,0.9576591015964208
27913,0.9577014213349551
27914,0.9577436987749002
27915,0.9567864337086585
27916,0.9568296256789647
27917,0.9568727744788857
27918,0.9559163799016954
27919,0.9559604414909991
27920,0.9560044590407333
27921,0.9560484325949155
27922,0.9560923621975193
27923,0.9561362478924742
27924,0.9561800897236661
27925,0.9562238877349368
27926,0.9562676419700843
27927,0.9563113524728628
27928,0.9563550192869829
27929,0.9563986424561113
27930,0.9564422220238713
27931,0.9564857580338424
27932,0.9565292505295607
27933,0.9565726995545187
27934,0.9566161051521654
27935,0.9566594673659065
27936,0.956702786239104
27937,0.9567460618150769
27938,0.9567892941371008
27939,0.9568324832484081
27940,0.9568756291921878
27941,0.956918732011586
27942,0.9569617917497053
27943,0.9570048084496057
27944,0.9570477821543037
27945,0.9560912126568981
27946,0.9561350995008192
27947,0.9561789424798289
27948,0.9562227416377701
27949,0.956266497018442
27950,0.9563102086656
27951,0.9563538766229558
27952,0.9563975009341772
27953,0.9564410816428887
27954,0.9564846187926709
27955,0.956528112427061
27956,0.9565715625895528
27957,0.9566149693235962
27958,0.9566583326725981
27959,0.9567016526799219
27960,0.9567449293888876
27961,0.9567881628427717
27962,0.9568313530848079
27963,0.9568745001581864
27964,0.9569176041060543
27965,0.9569606649715156
27966,0.9570036827976309
27967,0.9560471573775433
27968,0.9560910882547272
27969,0.9561349752229884
27970,0.9561788183262138
27971,0.9562226176082466
27972,0.956266373112886
27973,0.9563100848838876
27974,0.9553542527150881
27975,0.9553988761506552
27976,0.9554434549850873
27977,0.9554879892629633
27978,0.9555324790288174
27979,0.9555769243271395
27980,0.9556213252023747
27981,0.9556656816989241
27982,0.9557099938611441
27983,0.9557542617333469
27984,0.9557984853598003
27985,0.955842664784728
27986,0.9558868000523095
27987,0.9559308912066801
27988,0.9559749382919308
27989,0.9560189413521087
27990,0.9560629004312171
27991,0.9561068155732149
27992,0.9561506868220172
27993,0.9561945142214955
27994,0.956238297815477
27995,0.9562820376477453
27996,0.9563257337620404
27997,0.9563693862020584
27998,0.9564129950114516
27999,0.956456560233829
28000,0.9565000819127557
28001,0.9565435600917535
28002,0.9565869948143004
28003,0.9566303861238313
28004,0.9566737340637376
28005,0.956717038677367
28006,0.9567603000080244
28007,0.9568035180989709
28008,0.9568466929934247
28009,0.9568898247345607
28010,0.9569329133655107
28011,0.9569759589293633
28012,0.9560194612192889
28013,0.95606341977879
28014,0.9561073344016997
28015,0.9561512051319329
28016,0.9561950320133602
28017,0.9552393148399335
28018,0.9552840531559356
28019,0.9553287467559796
28020,0.9553733956847592
28021,0.9554179999869233
28022,0.9554625597070764
28023,0.9555070748897779
28024,0.9555515455795432
28025,0.9555959718208431
28026,0.9556403536581036
28027,0.9556846911357068
28028,0.9557289842979899
28029,0.9557732331892463
28030,0.9558174378537249
28031,0.9558615983356302
28032,0.9559057146791229
28033,0.9549502866784441
28034,0.9549953138781657
28035,0.9550402960731901
28036,0.9550852333084993
28037,0.9551301256290305
28038,0.9551749730796761
28039,0.9552197757052836
28040,0.9552645335506557
28041,0.9553092466605501
28042,0.9553539150796799
28043,0.9553985388527138
28044,0.9554431180242753
28045,0.9554876526389436
28046,0.9555321427412535
28047,0.955576588375695
28048,0.9556209895867138
28049,0.9556653464187111
28050,0.9557096589160438
28051,0.9557539271230242
28052,0.9557981510839207
28053,0.9558423308429573
28054,0.9558864664443137
28055,0.9559305579321256
28056,0.9559746053504843
28057,0.9560186087434374
28058,0.9560625681549881
28059,0.9561064836290961
28060,0.9561503552096767
28061,0.9561941829406015
28062,0.9562379668656984
28063,0.9562817070287511
28064,0.9563254034735
28065,0.9563690562436414
28066,0.9564126653828282
28067,0.9564562309346695
28068,0.9564997529427308
28069,0.9565432314505342
28070,0.9565866665015582
28071,0.9566300581392378
28072,0.9566734064069647
28073,0.9567167113480872
28074,0.9567599730059102
28075,0.9568031914236954
28076,0.9568463666446613
28077,0.9568894987119829
28078,0.9569325876687925
28079,0.956975633558179
28080,0.9570186364231884
28081,0.9570615963068234
28082,0.9571045132520439
28083,0.9571473873017671
28084,0.9571902184988668
28085,0.9572330068861742
28086,0.9572757525064779
28087,0.9573184554025234
28088,0.9573611156170136
28089,0.9574037331926089
28090,0.9574463081719266
28091,0.9574888405975418
28092,0.957531330511987
28093,0.9575737779577521
28094,0.9576161829772846
28095,0.9576585456129895
28096,0.9577008659072294
28097,0.9577431439023246
28098,0.9577853796405532
28099,0.9578275731641509
28100,0.9568702242654361
28101,0.9569133324870599
28102,0.9569563976220054
28103,0.9569994197133377
28104,0.9570423988040789
28105,0.9570853349372083
28106,0.9571282281556618
28107,0.9571710785023327
28108,0.9572138860200715
28109,0.9572566507516856
28110,0.9572993727399398
28111,0.9573420520275561
28112,0.9573846886572137
28113,0.9574272826715493
28114,0.957469834113157
28115,0.9575123430245881
28116,0.9575548094483516
28117,0.9575972334269139
28118,0.9576396150026991
28119,0.9576819542180888
28120,0.957724251115422
28121,0.9577665057369958
28122,0.9578087181250649
28123,0.9578508883218414
28124,0.9578930163694958
28125,0.9579351023101559
28126,0.9579771461859079
28127,0.9580191480387955
28128,0.9580611079108207
28129,0.9581030258439432
28130,0.9581449018800813
28131,0.9581867360611107
28132,0.9582285284288657
28133,0.9582702790251387
28134,0.9583119878916804
28135,0.9583536550701994
28136,0.9583952806023631
28137,0.958436864529797
28138,0.9584784068940851
28139,0.9575204074868947
28140,0.9575628658502261
28141,0.9576052817764128
28142,0.9576476553078707
28143,0.9576899864869732
28144,0.9577322753560518
28145,0.957774521957395
28146,0.9578167263332497
28147,0.9578588885258201
28148,0.9579010085772686
28149,0.957943086529715
28150,0.9579851224252376
28151,0.958027116305872
28152,0.9580690682136123
28153,0.9581109781904102
28154,0.958152846278176
28155,0.9581946725187775
28156,0.9582364569540411
28157,0.9582781996257512
28158,0.9583199005756505
28159,0.95836155984544
28160,0.9574036772269039
28161,0.9574462522621594
28162,0.9574887847436565
28163,0.9575312747139277
28164,0.957573722215463
28165,0.9576161272907099
28166,0.9576584899820735
28167,0.9577008103319165
28168,0.9577430883825592
28169,0.9567858239264047
28170,0.9568290165061883
28171,0.9568721659149778
28172,0.9569152721959223
28173,0.9569583353921283
28174,0.9570013555466589
28175,0.9570443327025343
28176,0.9570872669027317
28177,0.9571301581901852
28178,0.9571730066077863
28179,0.9572158121983831
28180,0.9572585750047815
28181,0.9573012950697443
28182,0.9573439724359913
28183,0.9573866071462003
28184,0.9574291992430056
28185,0.9574717487689997
28186,0.9575142557667318
28187,0.9575567202787091
28188,0.9575991423473961
28189,0.9576415220152148
28190,0.9576838593245449
28191,0.9577261543177238
28192,0.9567689067871713
28193,0.9568121162756399
28194,0.956855282576214
28195,0.9568984057320599
28196,0.9569414857863007
28197,0.9559850225321415
28198,0.9560290155131188
28199,0.9560729645231006
28200,0.956116869606036
28201,0.9561607308058301
28202,0.956204548166344
28203,0.9562483217313952
28204,0.956292051544757
28205,0.9563357376501596
28206,0.9563793800912889
28207,0.9564229789117873
28208,0.9564665341552537
28209,0.9565100458652435
28210,0.9555540138353932
28211,0.9555984376096707
28212,0.9556428169823746
28213,0.9556871519978845
28214,0.9557314427005352
28215,0.9557756891346176
28216,0.9558198913443782
28217,0.9558640493740189
28218,0.954908663017823
28219,0.9549537318204039
28220,0.9549987555767053
28221,0.955043734331751
28222,0.95508866813052
28223,0.9551335570179458
28224,0.9551784010389174
28225,0.9552232002382788
28226,0.9552679546608293
28227,0.9553126643513232
28228,0.9553573293544704
28229,0.9544024494650606
28230,0.954448024228214
28231,0.9544935534393801
28232,0.9545390371440884
28233,0.9545844753878224
28234,0.9546298682160205
28235,0.9546752156740754
28236,0.9547205178073347
28237,0.9547657746611005
28238,0.9548109862806295
28239,0.9548561527111337
28240,0.9549012739977792
28241,0.9549463501856875
28242,0.9549913813199347
28243,0.9550363674455519
28244,0.9550813086075254
28245,0.9551262048507962
28246,0.9551710562202607
28247,0.9552158627607702
28248,0.9542611242672562
28249,0.95430684028498
28250,0.9543525106095327
28251,0.9543981352865847
28252,0.9544437143617605
28253,0.9544892478806393
28254,0.9545347358887546
28255,0.9545801784315944
28256,0.9546255755546013
28257,0.9546709273031724
28258,0.9547162337226595
28259,0.9547614948583689
28260,0.953807210505687
28261,0.953853380210329
28262,0.9538995037683397
28263,0.9539455812258426
28264,0.9539916126289152
28265,0.9540375980235889
28266,0.9540835374558492
28267,0.9541294309716354
28268,0.9541752786168411
28269,0.954221080437314
28270,0.9542668364788559
28271,0.9543125467872229
28272,0.9543582114081252
28273,0.9544038303872274
28274,0.9544494037701488
28275,0.9544949316024625
28276,0.9545404139296964
28277,0.9545858507973328
28278,0.9546312422508088
28279,0.9546765883355156
28280,0.9547218890967994
28281,0.954767144579961
28282,0.954812354830256
28283,0.9548575198928944
28284,0.9549026398130414
28285,0.954947714635817
28286,0.9549927444062959
28287,0.955037729169508
28288,0.955082668970438
28289,0.9551275638540258
28290,0.9551724138651662
28291,0.9552172190487093
28292,0.9552619794494602
28293,0.9553066951121794
28294,0.9553513660815824
28295,0.9553959924023405
28296,0.9554405741190798
28297,0.955485111276382
28298,0.9555296039187845
28299,0.9555740520907797
28300,0.9556184558368159
28301,0.9556628152012969
28302,0.955707130228582
28303,0.9547519007131111
28304,0.9547971261996547
28305,0.9548423064833133
28306,0.954887441609267
28307,0.954932531622651
28308,0.9549775765685554
28309,0.9550225764920252
28310,0.9550675314380601
28311,0.9551124414516152
28312,0.9551573065776006
28313,0.9552021268608814
28314,0.9552469023462777
28315,0.9552916330785653
28316,0.9553363191024749
28317,0.9553809604626923
28318,0.955425557203859
28319,0.9554701093705718
28320,0.9555146170073828
28321,0.9555590801587998
28322,0.9556034988692858
28323,0.9556478731832595
28324,0.9556922031450953
28325,0.9557364887991232
28326,0.9557807301896288
28327,0.9558249273608536
28328,0.9558690803569946
28329,0.955913189222205
28330,0.9559572540005936
28331,0.9560012747362252
28332,0.9560452514731206
28333,0.9560891842552564
28334,0.9561330731265655
28335,0.9561769181309367
28336,0.9562207193122152
28337,0.956264476714202
28338,0.9563081903806546
28339,0.9563518603552866
28340,0.9563954866817681
28341,0.9564390694037254
28342,0.9564826085647411
28343,0.9565261042083546
28344,0.9565695563780614
28345,0.9566129651173138
28346,0.9566563304695204
28347,0.9566996524780466
28348,0.9567429311862145
28349,0.9567861666373026
28350,0.9568293588745467
28351,0.9568725079411389
28352,0.9559161136303531
28353,0.955960175485795
28354,0.9560041933014014
28355,0.9560481671211901
28356,0.956092096989135
28357,0.9561359829491658
28358,0.9551803247952936
28359,0.95522512207186
28360,0.9552698745735374
28361,0.955314582345078
28362,0.9553592454311899
28363,0.955403863876536
28364,0.9554484377257348
28365,0.9554929670233603
28366,0.9555374518139417
28367,0.9555818921419638
28368,0.9556262880518669
28369,0.9556706395880469
28370,0.9557149467948555
28371,0.9557592097165998
28372,0.9558034283975427
28373,0.955847602881903
28374,0.9558917332138551
28375,0.9559358194375295
28376,0.9559798615970122
28377,0.9560238597363455
28378,0.9560678138995276
28379,0.9561117241305125
28380,0.9561555904732106
28381,0.9561994129714882
28382,0.9562431916691679
28383,0.9552874263601533
28384,0.9553321165886789
28385,0.9553767621493099
28386,0.9554213630866919
28387,0.9554659194454258
28388,0.9555104312700681
28389,0.9555548986051304
28390,0.9555993214950803
28391,0.9556436999843406
28392,0.9556880341172898
28393,0.955732323938262
28394,0.9557765694915471
28395,0.9558207708213906
28396,0.955864927971994
28397,0.9559090409875142
28398,0.9559531099120644
28399,0.9559971347897135
28400,0.9560411156644864
28401,0.9560850525803639
28402,0.9561289455812831
28403,0.9561727947111369
28404,0.9562166000137745
28405,0.9562603615330011
28406,0.9563040793125783
28407,0.9563477533962239
28408,0.956391383827612
28409,0.956434970650373
28410,0.9564785139080937
28411,0.9565220136443174
28412,0.956565469902544
28413,0.9566088827262296
28414,0.956652252158787
28415,0.9566955782435859
28416,0.9567388610239521
28417,0.9567821005431686
28418,0.9568252968444748
28419,0.955868949721192
28420,0.9559130587169729
28421,0.9559571236258014
28422,0.9560011444917427
28423,0.9560451213588174
28424,0.9560890542710024
28425,0.9561329432722309
28426,0.9561767884063915
28427,0.9562205897173297
28428,0.9562643472488466
28429,0.9563080610446998
28430,0.9563517311486032
28431,0.9563953576042268
28432,0.9564389404551971
28433,0.9564824797450969
28434,0.9565259755174657
28435,0.956569427815799
28436,0.9566128366835494
28437,0.9566562021641255
28438,0.956699524300893
28439,0.956742803137174
28440,0.9567860387162472
28441,0.9568292310813484
28442,0.9568723802756699
28443,0.9569154863423609
28444,0.9569585493245275
28445,0.9570015692652326
28446,0.9570445462074962
28447,0.9570874801942953
28448,0.9571303712685639
28449,0.957173219473193
28450,0.9572160248510309
28451,0.9572587874448829
28452,0.9573015072975117
28453,0.9573441844516372
28454,0.9573868189499364
28455,0.9574294108350438
28456,0.9574719601495516
28457,0.9575144669360088
28458,0.9575569312369223
28459,0.9575993530947565
28460,0.9576417325519332
28461,0.9576840696508319
28462,0.9577263644337896
28463,0.9577686169431011
28464,0.9578108272210191
28465,0.9578529953097537
28466,0.957895121251473
28467,0.9579372050883032
28468,0.9579792468623278
28469,0.9580212466155889
28470,0.958063204390086
28471,0.958105120227777
28472,0.9581469941705779
28473,0.9581888262603624
28474,0.9582306165389627
28475,0.9582723650481692
28476,0.9583140718297302
28477,0.9583557369253526
28478,0.9583973603767015
28479,0.9584389422254005
28480,0.9584804825130313
28481,0.9585219812811342
28482,0.9585634385712081
28483,0.9586048544247101
28484,0.9586462288830562
28485,0.9586875619876208
28486,0.9587288537797372
28487,0.958770104300697
28488,0.9588113135917508
28489,0.9588524816941079
28490,0.9578941083990613
28491,0.9579361932482376
28492,0.9579782360335968
28493,0.9580202367971814
28494,0.9580621955809923
28495,0.9581041124269882
28496,0.9581459873770862
28497,0.9581878204731611
28498,0.958229611757046
28499,0.9582713612705323
28500,0.9583130690553693
28501,0.958354735153265
28502,0.9583963596058854
28503,0.958437942454855
28504,0.9584794837417567
28505,0.9585209835081318
28506,0.9585624417954799
28507,0.9586038586452595
28508,0.9586452340988875
28509,0.9586865681977391
28510,0.9587278609831487
28511,0.9587691124964088
28512,0.9588103227787712
28513,0.9588514918714461
28514,0.9588926198156026
28515,0.9589337066523687
28516,0.958974752422831
28517,0.9590157571680356
28518,0.9590567209289871
28519,0.9590976437466493
28520,0.959138525661945
28521,0.9591793667157562
28522,0.9592201669489239
28523,0.9592609264022482
28524,0.9583021448666138
28525,0.9583438218832389
28526,0.9583854572436754
28527,0.9584270509895588
28528,0.9584686031624828
28529,0.9585101138039996
28530,0.9585515829556198
28531,0.9585930106588126
28532,0.9586343969550057
28533,0.9586757418855855
28534,0.9587170454918967
28535,0.9587583078152432
28536,0.9587995288968871
28537,0.9588407087780496
28538,0.9588818474999107
28539,0.9589229451036089
28540,0.958964001630242
28541,0.9590050171208664
28542,0.9590459916164977
28543,0.9590869251581104
28544,0.959127817786638
28545,0.9591686695429732
28546,0.9592094804679677
28547,0.9592502506024325
28548,0.9592909799871377
28549,0.9593316686628127
28550,0.9593723166701462
28551,0.9594129240497863
28552,0.9594534908423402
28553,0.9594940170883749
28554,0.9595345028284165
28555,0.9585754478530757
28556,0.9586168517032975
28557,0.9586582141703607
28558,0.9586995352956277
28559,0.9587408151204196
28560,0.9587820536860164
28561,0.9588232510336566
28562,0.9588644072045375
28563,0.9589055222398153
28564,0.95794709593073
28565,0.9579891278188553
28566,0.9580311176960978
28567,0.9580730656044476
28568,0.9581149715858525
28569,0.9581568356822184
28570,0.9581986579354096
28571,0.9582404383872483
28572,0.9582821770795149
28573,0.9583238740539481
28574,0.9583655293522451
28575,0.9584071430160609
28576,0.9584487150870094
28577,0.9584902456066625
28578,0.958531734616551
28579,0.9585731821581636
28580,0.958614588272948
28581,0.9586559530023103
28582,0.9586972763876154
28583,0.9587385584701865
28584,0.9587797992913057
28585,0.958820998892214
28586,0.9588621573141108
28587,0.9589032745981547
28588,0.9589443507854629
28589,0.9589853859171116
28590,0.959026380034136
28591,0.9590673331775301
28592,0.9591082453882472
28593,0.9591491167071995
28594,0.9591899471752583
28595,0.959230736833254
28596,0.9592714857219764
28597,0.9593121938821744
28598,0.959352861354556
28599,0.9593934881797889
28600,0.9594340743984997
28601,0.9594746200512748
28602,0.9595151251786599
28603,0.95955558982116
28604,0.9595960140192398
28605,0.9596363978133234
28606,0.9596767412437949
28607,0.9597170443509975
28608,0.9597573071752343
28609,0.9597975297567684
28610,0.959837712135822
28611,0.9598778543525778
28612,0.9599179564471779
28613,0.9599580184597245
28614,0.9599980404302795
28615,0.9600380223988649
28616,0.9590784641555877
28617,0.9591193652408895
28618,0.9581607251956712
28619,0.9582025435612928
28620,0.9582443201294474
28621,0.9582860549419117
28622,0.9583277480404205
28623,0.958369399466667
28624,0.9584110092623025
28625,0.9584525774689369
28626,0.9584941041281383
28627,0.9585355892814335
28628,0.9585770329703076
28629,0.9586184352362044
28630,0.958659796120526
28631,0.9587011156646335
28632,0.9587423939098462
28633,0.9587836308974426
28634,0.9588248266686595
28635,0.9588659812646929
28636,0.9589070947266972
28637,0.958948167095786
28638,0.9589891984130317
28639,0.9580306884695904
28640,0.9580726368069521
28641,0.9581145432169401
28642,0.9581564077414609
28643,0.9581982304223791
28644,0.9572405110516421
28645,0.9572832491715305
28646,0.9573259445746575
28647,0.9573685973037183
28648,0.9574112074013658
28649,0.95745377491021
28650,0.9574962998728185
28651,0.9575387823317162
28652,0.9575812223293856
28653,0.9576236199082667
28654,0.9576659751107572
28655,0.9577082879792123
28656,0.9577505585559447
28657,0.9577927868832251
28658,0.9578349730032819
28659,0.9578771169583011
28660,0.9569197185405517
28661,0.9569627772926351
28662,0.9570057930074851
28663,0.9570487657281174
28664,0.9570916954975045
28665,0.9571345823585765
28666,0.9571774263542201
28667,0.9572202275272793
28668,0.9572629859205554
28669,0.9573057015768067
28670,0.957348374538749
28671,0.957391004849055
28672,0.9574335925503553
28673,0.9574761376852375
28674,0.9565191400463717
28675,0.9555630989268851
28676,0.9556075136206114
28677,0.9556518839218401
28678,0.9556962098749416
28679,0.955740491524242
28680,0.9557847289140229
28681,0.9558289220885217
28682,0.9558730710919314
28683,0.9559171759684013
28684,0.955961236762036
28685,0.9560052535168966
28686,0.9560492262769996
28687,0.956093155086318
28688,0.9561370399887804
28689,0.9561808810282719
28690,0.9562246782486334
28691,0.9562684316936623
28692,0.9563121414071118
28693,0.956355807432692
28694,0.9563994298140687
28695,0.9564430085948642
28696,0.9564865438186574
28697,0.9565300355289835
28698,0.9555739835194593
28699,0.9556183873340326
28700,0.955662746766982
28701,0.9557070618626672
28702,0.9557513326654031
28703,0.9557955592194607
28704,0.9558397415690664
28705,0.9548843795085276
28706,0.9549294725824821
28707,0.9549745205858978
28708,0.9550195235638229
28709,0.9550644815612603
28710,0.9551093946231681
28711,0.9541547625445843
28712,0.9542005848708766
28713,0.9542463613977422
28714,0.9542920921709579
28715,0.9543377772362542
28716,0.9543834166393165
28717,0.9544290104257839
28718,0.9544745586412503
28719,0.954520061331264
28720,0.9545655185413277
28721,0.9546109303168986
28722,0.9546562967033885
28723,0.9547016177461637
28724,0.9547468934905453
28725,0.9547921239818091
28726,0.9548373092651856
28727,0.9548824493858601
28728,0.9549275443889726
28729,0.9549725943196183
28730,0.9550175992228471
28731,0.9550625591436639
28732,0.9551074741270286
28733,0.9551523442178561
28734,0.9541976692111416
28735,0.9542434486522099
28736,0.9542891823367154
28737,0.9543348703103919
28738,0.9533810123690521
28739,0.9534276080588382
28740,0.9534741571762206
28741,0.9535206597677487
28742,0.9535671158799248
28743,0.9536135255592052
28744,0.9536598888519996
28745,0.9537062058046712
28746,0.9537524764635371
28747,0.953798700874868
28748,0.9538448790848881
28749,0.9538910111397758
28750,0.9539370970856631
28751,0.9539831369686359
28752,0.9540291308347342
28753,0.9540750787299518
28754,0.9541209807002367
28755,0.9541668367914908
28756,0.9542126470495703
28757,0.9542584115202853
28758,0.9543041302494005
28759,0.9543498032826345
28760,0.9543954306656603
28761,0.9544410124441055
28762,0.9544865486635516
28763,0.9545320393695351
28764,0.9545774846075465
28765,0.9546228844230312
28766,0.954668238861389
28767,0.9547135479679743
28768,0.9547588117880962
28769,0.9548040303670187
28770,0.9548492037499602
28771,0.9548943319820942
28772,0.9549394151085489
28773,0.9549844531744074
28774,0.9550294462247079
28775,0.9550743943044433
28776,0.9551192974585618
28777,0.9551641557319666
28778,0.9552089691695158
28779,0.9552537378160231
28780,0.955298461716257
28781,0.9553431409149414
28782,0.9553877754567556
28783,0.955432365386334
28784,0.9554769107482667
28785,0.955521411587099
28786,0.9555658679473318
28787,0.9556102798734214
28788,0.9556546474097798
28789,0.9556989706007745
28790,0.9557432494907288
28791,0.9557874841239214
28792,0.9558316745445872
28793,0.9558758207969165
28794,0.9559199229250555
28795,0.9559639809731064
28796,0.9560079949851273
28797,0.9560519650051322
28798,0.9560958910770911
28799,0.9561397732449302
28800,0.9561836115525314
28801,0.9562274060437332
28802,0.9562711567623302
28803,0.956314863752073
28804,0.9563585270566686
28805,0.9564021467197803
28806,0.9564457227850279
28807,0.9564892552959874
28808,0.9565327442961913
28809,0.9565761898291286
28810,0.956619591938245
28811,0.9566629506669424
28812,0.9567062660585797
28813,0.9567495381564721
28814,0.9567927670038919
28815,0.956835952644068
28816,0.9568790951201859
28817,0.9569221944753881
28818,0.9569652507527739
28819,0.9570082639953998
28820,0.957051234246279
28821,0.9560946612985066
28822,0.9561385446955096
28823,0.9561823842310464
28824,0.9562261799489564
28825,0.9562699318930354
28826,0.9563136401070355
28827,0.9563573046346646
28828,0.9564009255195874
28829,0.9554450025555499
28830,0.9554895352866288
28831,0.9555340235072319
28832,0.9555784672618474
28833,0.955622866594919
28834,0.9556672215508462
28835,0.9557115321739837
28836,0.9557557985086425
28837,0.9558000205990886
28838,0.9558441984895443
28839,0.9558883322241875
28840,0.9559324218471518
28841,0.955976467402527
28842,0.9550209686844835
28843,0.9550659252375225
28844,0.9551108368564756
28845,0.9551557035862542
28846,0.9552005254717253
28847,0.9552453025577106
28848,0.9552900348889872
28849,0.9553347225102876
28850,0.9553793654662993
28851,0.9554239638016653
28852,0.9554685175609839
28853,0.955513026788809
28854,0.9555574915296497
28855,0.9556019118279709
28856,0.9556462877281928
28857,0.9556906192746913
28858,0.955734906511798
28859,0.9557791494838003
28860,0.9558233482349409
28861,0.9558675028094187
28862,0.9559116132513883
28863,0.9559556796049601
28864,0.9559997019142005
28865,0.9560436802231318
28866,0.9560876145757323
28867,0.9561315050159365
28868,0.9561753515876347
28869,0.9562191543346735
28870,0.9562629133008558
28871,0.9563066285299404
28872,0.9563503000656426
28873,0.9563939279516339
28874,0.9564375122315423
28875,0.956481052948952
28876,0.9565245501474039
28877,0.956568003870395
28878,0.9566114141613791
28879,0.9566547810637664
28880,0.9566981046209241
28881,0.9567413848761755
28882,0.9567846218728011
28883,0.9568278156540377
28884,0.9568709662630792
28885,0.9569140737430761
28886,0.956957138137136
28887,0.9570001594883233
28888,0.9570431378396593
28889,0.9570860732341224
28890,0.957128965714648
28891,0.9571718153241286
28892,0.9572146221054139
28893,0.9572573861013105
28894,0.9563006071047075
28895,0.9563442846588258
28896,0.9563879185572178
28897,0.9564315088435175
28898,0.9564750555613151
28899,0.9565185587541574
28900,0.9565620184655476
28901,0.9566054347389453
28902,0.9566488076177669
28903,0.9566921371453854
28904,0.9567354233651301
28905,0.9567786663202874
28906,0.9568218660541002
28907,0.9558655223598933
28908,0.9559096347813227
28909,0.9549542028625009
28910,0.9549992261479956
28911,0.9550442044327052
28912,0.9550891377616081
28913,0.9551340261796375
28914,0.9551788697316819
28915,0.9552236684625848
28916,0.9552684224171449
28917,0.9553131316401163
28918,0.9553577961762082
28919,0.955402416070085
28920,0.9554469913663668
28921,0.9554915221096288
28922,0.9555360083444018
28923,0.955580450115172
28924,0.9556248474663812
28925,0.9556692004424268
28926,0.9547140088377867
28927,0.9547592721972692
28928,0.9548044903160126
28929,0.9548496632392349
28930,0.9548947910121093
28931,0.9549398736797633
28932,0.9549849112872798
28933,0.9550299038796963
28934,0.9550748515020054
28935,0.9551197541991548
28936,0.9551646120160473
28937,0.9552094249975405
28938,0.9552541931884475
28939,0.9552989166335365
28940,0.955343595377531
28941,0.9553882294651097
28942,0.9554328189409067
28943,0.9554773638495115
28944,0.955521864235469
28945,0.9555663201432797
28946,0.9556107316173994
28947,0.9556550987022395
28948,0.9556994214421674
28949,0.9557436998815055
28950,0.9557879340645326
28951,0.9558321240354826
28952,0.9558762698385456
28953,0.9559203715178674
28954,0.9549649288676746
28955,0.9550099414325245
28956,0.9550549090073046
28957,0.9550998316369824
28958,0.9551447093664807
28959,0.9551895422406771
28960,0.9552343303044045
28961,0.9552790736024511
28962,0.9553237721795601
28963,0.9553684260804302
28964,0.9554130353497151
28965,0.9554576000320243
28966,0.9555021201719223
28967,0.9555465958139293
28968,0.9555910270025211
28969,0.9556354137821288
28970,0.9556797561971392
28971,0.9557240542918947
28972,0.9557683081106934
28973,0.9558125176977891
28974,0.9558566830973915
28975,0.955900804353666
28976,0.9559448815107338
28977,0.9559889146126721
28978,0.956032903703514
28979,0.9560768488272486
28980,0.9561207500278212
28981,0.9561646073491327
28982,0.9562084208350405
28983,0.9562521905293584
28984,0.9562959164758558
28985,0.9563395987182587
28986,0.9563832373002494
28987,0.9564268322654665
28988,0.956470383657505
28989,0.9565138915199163
28990,0.9565573558962083
28991,0.9566007768298452
28992,0.9566441543642482
28993,0.9566874885427947
28994,0.9567307794088189
28995,0.9567740270056116
28996,0.9568172313764206
28997,0.9568603925644502
28998,0.9569035106128616
28999,0.9569465855647727
29000,0.9569896174632587
29001,0.9570326063513515
29002,0.9570755522720398
29003,0.9571184552682697
29004,0.957161315382944
29005,0.9572041326589231
29006,0.9572469071390242
29007,0.9572896388660216
29008,0.9573323278826472
29009,0.9573749742315901
29010,0.9574175779554965
29011,0.9574601390969703
29012,0.9565031574486974
29013,0.9565466325536962
29014,0.9565900642053167
29015,0.9566334524469905
29016,0.956676797322106
29017,0.9567200988740079
29018,0.9567633571459979
29019,0.9568065721813342
29020,0.956849744023232
29021,0.9568928727148629
29022,0.9569359582993557
29023,0.9569790008197961
29024,0.9570220003192267
29025,0.9570649568406467
29026,0.957107870427013
29027,0.9571507411212389
29028,0.9571935689661951
29029,0.9572363540047096
29030,0.9572790962795675
29031,0.957321795833511
29032,0.9573644527092395
29033,0.9574070669494102
29034,0.9574496385966372
29035,0.9574921676934922
29036,0.9575346542825042
29037,0.9575770984061598
29038,0.9576195001069032
29039,0.9576618594271362
29040,0.957704176409218
29041,0.9577464510954656
29042,0.9567891832782788
29043,0.9568323725003894
29044,0.9568755185548619
29045,0.956918621484842
29046,0.9569616813334328
29047,0.9570046981436943
29048,0.957047671958643
29049,0.9570906028212531
29050,0.9571334907744553
29051,0.9571763358611375
29052,0.9572191381241448
29053,0.9572618976062797
29054,0.9573046143503013
29055,0.9573472883989267
29056,0.9573899197948298
29057,0.9574325085806421
29058,0.9574750547989523
29059,0.9575175584923067
29060,0.9575600197032089
29061,0.9576024384741203
29062,0.9576448148474596
29063,0.957687148865603
29064,0.9577294405708848
29065,0.9577716900055966
29066,0.9578138972119878
29067,0.9578560622322657
29068,0.9578981851085953
29069,0.9579402658830994
29070,0.9579823045978589
29071,0.9580243012949126
29072,0.958066256016257
29073,0.9581081688038469
29074,0.9581500396995951
29075,0.9581918687453727
29076,0.9582336559830085
29077,0.9582754014542898
29078,0.9583171052009621
29079,0.9583587672647292
29080,0.9574008874373782
29081,0.957443465261029
29082,0.9574860005281344
29083,0.9565289930313546
29084,0.9565724423136821
29085,0.956615848168441
29086,0.9566592106390372
29087,0.9567025297688333
29088,0.9567458056011483
29089,0.9567890381792581
29090,0.9568322275463953
29091,0.9568753737457493
29092,0.9569184768204662
29093,0.9569615368136491
29094,0.9570045537683581
29095,0.9570475277276101
29096,0.9570904587343791
29097,0.9571333468315961
29098,0.9571761920621492
29099,0.9572189944688837
29100,0.9572617540946019
29101,0.9573044709820636
29102,0.9573471451739856
29103,0.957389776713042
29104,0.9574323656418646
29105,0.9574749120030421
29106,0.9575174158391211
29107,0.9575598771926053
29108,0.957602296105956
29109,0.9576446726215923
29110,0.9576870067818906
29111,0.957729298629185
29112,0.9577715482057675
29113,0.9578137555538877
29114,0.9578559207157529
29115,0.9578980437335283
29116,0.9579401246493369
29117,0.9569826632553845
29118,0.9570256590942097
29119,0.9570686119586832
29120,0.957111521891758
29121,0.957154388936344
29122,0.9571972131353081
29123,0.9572399945314748
29124,0.9572827331676252
29125,0.9573254290864982
29126,0.9573680823307895
29127,0.9574106929431525
29128,0.9574532609661979
29129,0.9574957864424936
29130,0.957538269414565
29131,0.9575807099248953
29132,0.9576231080159249
29133,0.9576654637300519
29134,0.9577077771096321
29135,0.9567505479471037
29136,0.9567937757852375
29137,0.9568369604171363
29138,0.9568801018859847
29139,0.9569232002349243
29140,0.9569662555070533
29141,0.957009267745427
29142,0.9570522369930579
29143,0.9570951632929149
29144,0.9571380466879245
29145,0.9571808872209701
29146,0.9572236849348921
29147,0.9572664398724884
29148,0.9573091520765139
29149,0.9573518215896808
29150,0.9573944484546586
29151,0.9574370327140742
29152,0.9574795744105119
29153,0.9575220735865134
29154,0.9575645302845779
29155,0.957606944547162
29156,0.95764931641668
29157,0.9576916459355039
29158,0.9577339331459632
29159,0.9577761780903451
29160,0.9578183808108944
29161,0.9578605413498141
29162,0.9579026597492646
29163,0.9579447360513643
29164,0.9579867702981896
29165,0.9580287625317746
29166,0.9580707127941117
29167,0.9581126211271511
29168,0.9581544875728012
29169,0.9581963121729283
29170,0.9582380949693572
29171,0.9582798360038706
29172,0.9583215353182095
29173,0.9583631929540734
29174,0.9584048089531197
29175,0.9584463833569647
29176,0.9584879162071827
29177,0.9585294075453064
29178,0.9585708574128273
29179,0.9586122658511953
29180,0.9586536329018188
29181,0.9586949586060649
29182,0.9587362430052593
29183,0.9587774861406863
29184,0.9588186880535892
29185,0.9588598487851698
29186,0.958900968376589
29187,0.9589420468689662
29188,0.9589830843033801
29189,0.959024080720868
29190,0.9590650361624263
29191,0.9591059506690106
29192,0.9591468242815353
29193,0.959187657040874
29194,0.9592284489878596
29195,0.9592692001632841
29196,0.9593099106078985
29197,0.9593505803624134
29198,0.9593912094674985
29199,0.9594317979637829
29200,0.959472345891855
29201,0.959512853292263
29202,0.9595533202055141
29203,0.9595937466720753
29204,0.9596341327323731
29205,0.9596744784267935
29206,0.9597147837956823
29207,0.9597550488793448
29208,0.9597952737180461
29209,0.959835458352011
29210,0.9598756028214243
29211,0.9599157071664304
29212,0.9599557714271336
29213,0.9599957956435983
29214,0.9600357798558485
29215,0.9600757241038687
29216,0.9601156284276029
29217,0.9601554928669556
29218,0.9601953174617912
29219,0.9602351022519343
29220,0.9602748472771697
29221,0.9603145525772425
29222,0.960354218191858
29223,0.9603938441606816
29224,0.9604334305233396
29225,0.9604729773194183
29226,0.9605124845884644
29227,0.9605519523699851
29228,0.9605913807034484
29229,0.9606307696282825
29230,0.9606701191838765
29231,0.9607094294095797
29232,0.9607487003447026
29233,0.960787932028516
29234,0.9608271245002515
29235,0.9608662777991018
29236,0.9609053919642202
29237,0.9609444670347207
29238,0.9609835030496785
29239,0.9610225000481296
29240,0.9610614580690711
29241,0.9611003771514608
29242,0.9611392573342179
29243,0.9611780986562227
29244,0.9612169011563164
29245,0.9612556648733016
29246,0.961294389845942
29247,0.9613330761129625
29248,0.9613717237130495
29249,0.9614103326848505
29250,0.9614489030669746
29251,0.9614874348979922
29252,0.9615259282164349
29253,0.9615643830607963
29254,0.9616027994695311
29255,0.9616411774810558
29256,0.9616795171337484
29257,0.9617178184659486
29258,0.9617560815159577
29259,0.9617943063220387
29260,0.9618324929224165
29261,0.9618706413552777
29262,0.9619087516587707
29263,0.9619468238710057
29264,0.9619848580300552
29265,0.9620228541739532
29266,0.9620608123406958
29267,0.9620987325682414
29268,0.9621366148945101
29269,0.9621744593573841
29270,0.9622122659947081
29271,0.9612505345944136
29272,0.9612892646947689
29273,0.9613279560843794
29274,0.9613666088019363
29275,0.9614052228860922
29276,0.9614437983754615
29277,0.9614823353086194
29278,0.961520833724103
29279,0.9615592936604107
29280,0.9615977151560025
29281,0.9616360982492999
29282,0.9616744429786859
29283,0.9617127493825053
29284,0.9617510174990644
29285,0.9617892473666316
29286,0.9618274390234366
29287,0.961865592507671
29288,0.9619037078574885
29289,0.9619417851110043
29290,0.9619798243062956
29291,0.9620178254814017
29292,0.9620557886743238
29293,0.9620937139230251
29294,0.9621316012654308
29295,0.9621694507394284
29296,0.9622072623828672
29297,0.9622450362335591
29298,0.9622827723292776
29299,0.9623204707077591
29300,0.9623581314067018
29301,0.9623957544637666
29302,0.9624333399165764
29303,0.9624708878027167
29304,0.9625083981597355
29305,0.9625458710251431
29306,0.9625833064364123
29307,0.9626207044309786
29308,0.96265806504624
29309,0.962695388319557
29310,0.9627326742882532
29311,0.9627699229896142
29312,0.962807134460889
29313,0.9628443087392888
29314,0.9628814458619882
29315,0.9629185458661241
29316,0.9629556087887967
29317,0.9629926346670687
29318,0.9630296235379663
29319,0.9630665754384781
29320,0.962103990155681
29321,0.9611423669771146
29322,0.9611812051910306
29323,0.961220004586142
29324,0.9602592649513733
29325,0.9602989858259846
29326,0.9603386669995718
29327,0.9603783085118162
29328,0.960417910402359
29329,0.9604574727108024
29330,0.9604969954767086
29331,0.9605364787396005
29332,0.9605759225389612
29333,0.9606153269142346
29334,0.960654691904825
29335,0.9606940175500975
29336,0.9607333038893778
29337,0.9607725509619521
29338,0.9608117588070676
29339,0.9608509274639321
29340,0.9608900569717143
29341,0.9599296471196685
29342,0.959969697447385
29343,0.9600097077447889
29344,0.9600496780518906
29345,0.9600896084086603
29346,0.9601294988550285
29347,0.9601693494308856
29348,0.9602091601760822
29349,0.9602489311304289
29350,0.9602886623336968
29351,0.9603283538256171
29352,0.9603680056458813
29353,0.9604076178341413
29354,0.9604471904300093
29355,0.9604867234730577
29356,0.9605262170028198
29357,0.960565671058789
29358,0.9606050856804194
29359,0.9606444609071256
29360,0.9596842965284079
29361,0.9597245920841017
29362,0.9597648473643774
29363,0.9598050624094905
29364,0.9598452372596559
29365,0.9598853719550485
29366,0.9599254665358031
29367,0.9599655210420143
29368,0.9600055355137364
29369,0.960045509990984
29370,0.9600854445137317
29371,0.9601253391219139
29372,0.9601651938554252
29373,0.9602050087541204
29374,0.9602447838578144
29375,0.9602845192062823
29376,0.9603242148392596
29377,0.9603638707964417
29378,0.9604034871174847
29379,0.960443063842005
29380,0.9604826010095792
29381,0.9605220986597445
29382,0.9605615568319986
29383,0.9606009755657997
29384,0.9606403549005665
29385,0.9606796948756784
29386,0.9607189955304754
29387,0.960758256904258
29388,0.9607974790362878
29389,0.9608366619657868
29390,0.9608758057319379
29391,0.960914910373885
29392,0.9609539759307327
29393,0.9609930024415466
29394,0.9610319899453532
29395,0.96107093848114
29396,0.9611098480878555
29397,0.9611487188044093
29398,0.9611875506696723
29399,0.9612263437224763
29400,0.9612650980016142
29401,0.9613038135458405
29402,0.9613424903938707
29403,0.9613811285843815
29404,0.9614197281560113
29405,0.9614582891473596
29406,0.9614968115969875
29407,0.9615352955434173
29408,0.961573741025133
29409,0.9616121480805802
29410,0.9616505167481658
29411,0.9616888470662586
29412,0.9617271390731889
29413,0.9617653928072486
29414,0.9618036083066916
29415,0.9618417856097334
29416,0.9618799247545513
29417,0.9619180257792844
29418,0.9619560887220338
29419,0.9619941136208623
29420,0.962032100513795
29421,0.9620700494388187
29422,0.9621079604338824
29423,0.962145833536897
29424,0.9621836687857357
29425,0.9622214662182337
29426,0.9622592258721885
29427,0.9622969477853597
29428,0.9623346319954693
29429,0.9623722785402015
29430,0.9624098874572028
29431,0.9624474587840821
29432,0.9624849925584109
29433,0.9625224888177228
29434,0.9625599475995142
29435,0.9625973689412438
29436,0.9626347528803331
29437,0.9626720994541658
29438,0.9627094087000886
29439,0.9627466806554108
29440,0.9627839153574044
29441,0.9628211128433041
29442,0.9628582731503073
29443,0.9628953963155743
29444,0.9629324823762284
29445,0.9629695313693556
29446,0.9630065433320049
29447,0.9630435183011883
29448,0.9630804563138807
29449,0.9631173574070203
29450,0.9631542216175081
29451,0.9631910489822082
29452,0.9632278395379481
29453,0.9632645933215184
29454,0.9633013103696728
29455,0.9633379907191284
29456,0.9633746344065656
29457,0.963411241468628
29458,0.9634478119419227
29459,0.9634843458630202
29460,0.9635208432684544
29461,0.9635573041947229
29462,0.9635937286782863
29463,0.9636301167555694
29464,0.9636664684629601
29465,0.9637027838368102
29466,0.963739062913435
29467,0.9637753057291137
29468,0.9638115123200891
29469,0.9638476827225678
29470,0.9638838169727202
29471,0.9639199151066805
29472,0.9639559771605469
29473,0.9639920031703815
29474,0.9640279931722102
29475,0.9640639472020232
29476,0.9640998652957743
29477,0.9641357474893817
29478,0.9641715938187276
29479,0.9642074043196585
29480,0.9642431790279846
29481,0.9642789179794808
29482,0.9643146212098862
29483,0.9633507885050288
29484,0.9633874194010758
29485,0.9634240136845329
29486,0.9634605713919946
29487,0.9634970925600186
29488,0.963533577225126
29489,0.9635700254238015
29490,0.9636064371924934
29491,0.9636428125676133
29492,0.9636791515855367
29493,0.9637154542826026
29494,0.9637517206951137
29495,0.9637879508593366
29496,0.9638241448115011
29497,0.9628608023379265
29498,0.9628979229752699
29499,0.962935006510527
29500,0.9629720529807814
29501,0.9630090624230795
29502,0.9630460348744307
29503,0.9630829703718077
29504,0.9631198689521457
29505,0.9631567306523435
29506,0.9631935555092628
29507,0.9632303435597283
29508,0.9632670948405281
29509,0.9633038093884136
29510,0.9633404872400994
29511,0.9633771284322632
29512,0.9634137330015463
29513,0.9634503009845533
29514,0.9634868324178522
29515,0.9635233273379742
29516,0.9635597857814145
29517,0.9635962077846315
29518,0.9636325933840472
29519,0.9636689426160471
29520,0.9637052555169806
29521,0.9637415321231605
29522,0.9637777724708635
29523,0.96381397659633
29524,0.9638501445357639
29525,0.9638862763253333
29526,0.96392237200117
29527,0.9639584315993698
29528,0.9629949549061171
29529,0.963031941457935
29530,0.9630688910416852
29531,0.9631058036943172
29532,0.9631426794527437
29533,0.9631795183538404
29534,0.9632163204344463
29535,0.9632530857313634
29536,0.9622903140314819
29537,0.9623280048720302
29538,0.9623656580405738
29539,0.9624032735747662
29540,0.9624408515122227
29541,0.9624783918905213
29542,0.9625158947472024
29543,0.962553360119769
29544,0.9625907880456863
29545,0.9626281785623823
29546,0.9626655317072474
29547,0.962702847517635
29548,0.9627401260308608
29549,0.9627773672842033
29550,0.9628145713149037
29551,0.9628517381601661
29552,0.9628888678571574
29553,0.9629259604430074
29554,0.9629630159548085
29555,0.9630000344296162
29556,0.9630370159044492
29557,0.9630739604162889
29558,0.9631108680020797
29559,0.9631477386987293
29560,0.9631845725431084
29561,0.9632213695720508
29562,0.9632581298223536
29563,0.963294853330777
29564,0.9633315401340447
29565,0.9633681902688432
29566,0.9634048037718229
29567,0.9634413806795972
29568,0.963477921028743
29569,0.9625149246059257
29570,0.9625523909481487
29571,0.9625898198427533
29572,0.9626272113271683
29573,0.9626645654387853
29574,0.9627018822149584
29575,0.9627391616930044
29576,0.9627764039102028
29577,0.9628136089037959
29578,0.9628507767109885
29579,0.9628879073689486
29580,0.9629250009148067
29581,0.9629620573856564
29582,0.9629990768185543
29583,0.9630360592505198
29584,0.9630730047185353
29585,0.9621104130096712
29586,0.9621482836613356
29587,0.9621861164612744
29588,0.9622239114473201
29589,0.9622616686572678
29590,0.9622993881288747
29591,0.9623370698998603
29592,0.9623747140079064
29593,0.9624123204906572
29594,0.962449889385719
29595,0.9624874207306607
29596,0.9625249145630139
29597,0.9615628706703973
29598,0.9606017883408916
29599,0.9606411668632895
29600,0.9606805060268444
29601,0.9607198058708956
29602,0.9597595661848677
29603,0.9597997865085209
29604,0.9598399666319507
29605,0.9598801065953371
29606,0.958920706188945
29607,0.9589617649533738
29608,0.9590027826795573
29609,0.9590437594085133
29610,0.9590846951812184
29611,0.9591255900386085
29612,0.9591664440215785
29613,0.9592072571709822
29614,0.9592480295276329
29615,0.9592887611323029
29616,0.9593294520257238
29617,0.9593701022485867
29618,0.9594107118415416
29619,0.9594512808451983
29620,0.9594918093001256
29621,0.9595322972468521
29622,0.9595727447258657
29623,0.959613151777614
29624,0.9596535184425039
29625,0.9596938447609022
29626,0.9597341307731352
29627,0.9597743765194888
29628,0.959814582040209
29629,0.9598547473755011
29630,0.9598948725655306
29631,0.9599349576504227
29632,0.9599750026702624
29633,0.9600150076650947
29634,0.9600549726749247
29635,0.9600948977397173
29636,0.9601347828993978
29637,0.9601746281938511
29638,0.9602144336629227
29639,0.960254199346418
29640,0.9602939252841027
29641,0.9603336115157028
29642,0.9603732580809046
29643,0.9604128650193544
29644,0.9604524323706594
29645,0.9604919601743869
29646,0.9605314484700647
29647,0.960570897297181
29648,0.9606103066951849
29649,0.9606496767034856
29650,0.9606890073614531
29651,0.9607282987084181
29652,0.960767550783672
29653,0.960806763626467
29654,0.9608459372760157
29655,0.960885071771492
29656,0.9609241671520302
29657,0.9609632234567258
29658,0.9610022407246351
29659,0.9610412189947755
29660,0.961080158306125
29661,0.9611190586976232
29662,0.9611579202081703
29663,0.9611967428766278
29664,0.9602360264919435
29665,0.9602757705934009
29666,0.9603154749706189
29667,0.9593556394134268
29668,0.9593962634619891
29669,0.9594368469068048
29670,0.9594773897884571
29671,0.9595178921474892
29672,0.9595583540244033
29673,0.9595987754596612
29674,0.9596391564936846
29675,0.9596794971668543
29676,0.9597197975195111
29677,0.9597600575919554
29678,0.9598002774244472
29679,0.9598404570572063
29680,0.9598805965304125
29681,0.9599206958842051
29682,0.9599607551586837
29683,0.9600007743939074
29684,0.9600407536298955
29685,0.9600806929066272
29686,0.9601205922640419
29687,0.9601604517420389
29688,0.9592007711306025
29689,0.9592415499700522
29690,0.9592822880510417
29691,0.9593229854143089
29692,0.9593636421005515
29693,0.959404258150426
29694,0.9594448336045485
29695,0.9594853685034944
29696,0.9595258628877987
29697,0.9595663167979559
29698,0.9596067302744197
29699,0.9596471033576036
29700,0.9596874360878809
29701,0.9597277285055842
29702,0.9597679806510059
29703,0.9598081925643982
29704,0.959848364285973
29705,0.9598884958559021
29706,0.959928587314317
29707,0.9599686387013091
29708,0.96000865005693
29709,0.960048621421191
29710,0.9600885528340634
29711,0.9601284443354786
29712,0.9601682959653282
29713,0.9602081077634638
29714,0.9602478797696972
29715,0.9602876120238004
29716,0.9603273045655057
29717,0.9603669574345057
29718,0.9604065706704532
29719,0.9604461443129615
29720,0.9604856784016043
29721,0.9605251729759156
29722,0.9605646280753899
29723,0.9606040437394825
29724,0.9606434200076089
29725,0.9606827569191455
29726,0.9607220545134292
29727,0.9607613128297576
29728,0.960800531907389
29729,0.9608397117855425
29730,0.960878852503398
29731,0.9609179541000963
29732,0.9609570166147389
29733,0.9609960400863883
29734,0.9610350245540681
29735,0.9610739700567626
29736,0.9611128766334176
29737,0.9611517443229394
29738,0.9611905731641958
29739,0.9612293631960157
29740,0.9612681144571891
29741,0.9613068269864672
29742,0.9613455008225626
29743,0.9613841360041493
29744,0.9614227325698623
29745,0.9614612905582982
29746,0.9614998100080151
29747,0.9615382909575323
29748,0.9615767334453309
29749,0.9616151375098533
29750,0.9616535031895036
29751,0.9616918305226475
29752,0.9617301195476123
29753,0.9617683703026871
29754,0.9618065828261227
29755,0.9618447571561316
29756,0.9618828933308881
29757,0.9619209913885284
29758,0.9619590513671505
29759,0.9619970733048145
29760,0.9620350572395424
29761,0.962073003209318
29762,0.9621109112520873
29763,0.9621487814057583
29764,0.9621866137082014
29765,0.9622244081972486
29766,0.9622621649106947
29767,0.9622998838862962
29768,0.9623375651617722
29769,0.9623752087748039
29770,0.962412814763035
29771,0.9624503831640714
29772,0.9624879140154816
29773,0.9625254073547965
29774,0.9625628632195093
29775,0.962600281647076
29776,0.962637662674915
29777,0.9626750063404074
29778,0.9627123126808967
29779,0.9617500814838144
29780,0.961788312286929
29781,0.9618265048783463
29782,0.961864659296259
29783,0.9619027755788214
29784,0.96194085376415
29785,0.9619788938903228
29786,0.9620168959953799
29787,0.9620548601173236
29788,0.9620927862941179
29789,0.962130674563689
29790,0.9621685249639251
29791,0.9622063375326768
29792,0.9622441123077566
29793,0.9622818493269393
29794,0.9613200483780868
29795,0.9613587089993981
29796,0.9613973309794087
29797,0.9614359143567407
29798,0.9614744591699773
29799,0.9615129654576635
29800,0.9615514332583055
29801,0.9615898626103712
29802,0.9616282535522899
29803,0.9616666061224525
29804,0.9617049203592116
29805,0.9617431963008816
29806,0.9617814339857382
29807,0.9618196334520194
29808,0.9618577947379244
29809,0.9618959178816147
29810,0.9619340029212132
29811,0.9619720498948052
29812,0.9620100588404376
29813,0.9620480297961193
29814,0.9620859627998213
29815,0.9621238578894766
29816,0.9621617151029804
29817,0.9621995344781898
29818,0.9622373160529243
29819,0.9622750598649653
29820,0.9623127659520568
29821,0.9613509341020298
29822,0.9613895638530522
29823,0.9614281549936289
29824,0.9614667075623509
29825,0.9615052215977709
29826,0.9615436971384028
29827,0.9615821342227222
29828,0.9616205328891663
29829,0.9616588931761336
29830,0.9616972151219846
29831,0.961735498765041
29832,0.9617737441435867
29833,0.961811951295867
29834,0.9618501202600891
29835,0.9618882510744219
29836,0.9619263437769962
29837,0.9619643984059048
29838,0.9620024149992022
29839,0.9620403935949052
29840,0.9620783342309923
29841,0.9621162369454042
29842,0.9621541017760434
29843,0.962191928760775
29844,0.9622297179374258
29845,0.9622674693437853
29846,0.9623051830176046
29847,0.9623428589965974
29848,0.9613809970685648
29849,0.9614195967716447
29850,0.9614581578943117
29851,0.9614966804751269
29852,0.961535164552613
29853,0.9615736101652541
29854,0.9616120173514957
29855,0.9616503861497451
29856,0.961688716598371
29857,0.9617270087357039
29858,0.961765262600036
29859,0.9618034782296212
29860,0.9618416556626751
29861,0.9618797949373751
29862,0.9619178960918605
29863,0.9619559591642325
29864,0.9619939841925541
29865,0.9620319712148504
29866,0.9620699202691084
29867,0.9621078313932773
29868,0.962145704625268
29869,0.9621835400029539
29870,0.9622213375641704
29871,0.962259097346715
29872,0.9622968193883474
29873,0.9623345037267899
29874,0.9623721503997266
29875,0.9624097594448043
29876,0.9624473308996321
29877,0.9624848648017814
29878,0.9625223611887861
29879,0.9625598200981427
29880,0.96259724156731
29881,0.9626346256337095
29882,0.9626719723347252
29883,0.962709281707704
29884,0.9627465537899551
29885,0.9627837886187508
29886,0.9628209862313257
29887,0.9628581466648777
29888,0.9628952699565669
29889,0.9629323561435169
29890,0.9619699050129387
29891,0.962007916102381
29892,0.96204588919973
29893,0.9620838243429587
29894,0.9621217215700022
29895,0.9621595809187579
29896,0.962197402427085
29897,0.962235186132805
29898,0.9622729320737018
29899,0.9623106402875212
29900,0.9623483108119715
29901,0.9623859436847231
29902,0.962423538943409
29903,0.9624610966256245
29904,0.9624986167689272
29905,0.9625360994108374
29906,0.9625735445888376
29907,0.962610952340373
29908,0.9626483227028514
29909,0.9626856557136432
29910,0.9627229514100814
29911,0.9627602098294615
29912,0.9627974310090422
29913,0.9618351147361697
29914,0.9618732605485273
29915,0.9619113682341359
29916,0.9619494378311033
29917,0.961987469377499
29918,0.9620254629113546
29919,0.9620634184706636
29920,0.9621013360933816
29921,0.9621392158174261
29922,0.9621770576806771
29923,0.9622148617209763
29924,0.9622526279761277
29925,0.9622903564838976
29926,0.9623280472820146
29927,0.9623657004081695
29928,0.9624033159000154
29929,0.9624408937951678
29930,0.9624784341312047
29931,0.9625159369456663
29932,0.9625534022760555
29933,0.9625908301598375
29934,0.9626282206344403
29935,0.9626655737372545
29936,0.962702889505633
29937,0.9627401679768918
29938,0.9627774091883091
29939,0.9628146131771264
29940,0.9628517799805475
29941,0.9628889096357394
29942,0.9629260021798316
29943,0.9629630576499167
29944,0.9630000760830503
29945,0.9630370575162506
29946,0.9630740019864992
29947,0.9631109095307405
29948,0.9631477801858822
29949,0.9631846139887948
29950,0.9632214109763123
29951,0.9632581711852315
29952,0.9632948946523128
29953,0.9633315814142794
29954,0.9633682315078184
29955,0.9634048449695797
29956,0.9634414218361768
29957,0.9634779621441866
29958,0.9635144659301494
29959,0.9635509332305691
29960,0.9635873640819128
29961,0.9636237585206116
29962,0.9636601165830597
29963,0.9636964383056154
29964,0.9637327237246003
29965,0.9637689728762998
29966,0.9638051857969632
29967,0.9638413625228033
29968,0.9638775030899969
29969,0.9639136075346846
29970,0.9639496758929708
29971,0.9639857082009238
29972,0.964021704494576
29973,0.9640576648099238
29974,0.9640935891829274
29975,0.9641294776495112
29976,0.9641653302455636
29977,0.9642011470069374
29978,0.9642369279694492
29979,0.96427267316888
29980,0.9643083826409751
29981,0.9643440564214438
29982,0.9643796945459602
29983,0.9644152970501622
29984,0.9644508639696523
29985,0.9644863953399975
29986,0.9645218911967292
29987,0.9645573515753432
29988,0.9645927765112998
29989,0.9646281660400241
29990,0.9646635201969056
29991,0.9646988390172985
29992,0.9647341225365216
29993,0.9647693707898584
29994,0.9648045838125572
29995,0.964839761639831
29996,0.9648749043068576
29997,0.9649100118487798
29998,0.964945084300705
29999,0.9649801216977059
30000,0.9650151240748196
30001,0.9650500914670487
30002,0.9650850239093605
30003,0.9651199214366875
30004,0.9651547840839272
30005,0.9651896118859422
30006,0.9652244048775604
30007,0.9652591630935748
30008,0.9652938865687437
30009,0.9653285753377905
30010,0.9653632294354039
30011,0.965397848896238
30012,0.9654324337549125
30013,0.9654669840460121
30014,0.9655014998040871
30015,0.9655359810636532
30016,0.9655704278591918
30017,0.9656048402251496
30018,0.965639218195939
30019,0.9656735618059381
30020,0.9657078710894904
30021,0.9657421460809053
30022,0.9657763868144575
30023,0.9658105933243881
30024,0.9658447656449035
30025,0.9658789038101759
30026,0.9659130078543436
30027,0.9659470778115107
30028,0.965981113715747
30029,0.9660151156010885
30030,0.9660490835015373
30031,0.966083017451061
30032,0.9661169174835936
30033,0.9661507836330353
30034,0.9661846159332521
30035,0.9662184144180764
30036,0.9662521791213068
30037,0.9662859100767078
30038,0.9663196073180105
30039,0.966353270878912
30040,0.966386900793076
30041,0.9664204970941324
30042,0.9664540598156774
30043,0.966487588991274
30044,0.9665210846544511
30045,0.9665545468387045
30046,0.9665879755774963
30047,0.9666213709042555
30048,0.9666547328523771
30049,0.9666880614552233
30050,0.9667213567461227
30051,0.9667546187583704
30052,0.9667878475252286
30053,0.966821043079926
30054,0.9668542054556583
30055,0.9668873346855876
30056,0.9669204308028434
30057,0.9669534938405218
30058,0.9669865238316857
30059,0.9670195208093652
30060,0.9670524848065571
30061,0.9670854158562258
30062,0.967118313991302
30063,0.967151179244684
30064,0.967184011649237
30065,0.9672168112377935
30066,0.967249578043153
30067,0.9672823120980825
30068,0.9673150134353158
30069,0.9673476820875544
30070,0.9673803180874668
30071,0.9674129214676892
30072,0.967445492260825
30073,0.9674780304994448
30074,0.9675105362160871
30075,0.9675430094432574
30076,0.9675754502134291
30077,0.9676078585590429
30078,0.967640234512507
30079,0.9676725781061977
30080,0.9677048893724584
30081,0.9677371683436004
30082,0.9677694150519026
30083,0.9678016295296119
30084,0.9678338118089427
30085,0.9678659619220772
30086,0.9678980799011656
30087,0.9679301657783259
30088,0.9679622195856439
30089,0.9679942413551734
30090,0.9670267308690613
30091,0.9670596876597969
30092,0.9670926115102119
30093,0.9671255024532301
30094,0.9671583605217426
30095,0.9671911857486075
30096,0.9672239781666498
30097,0.9672567378086622
30098,0.9672894647074042
30099,0.9673221588956027
30100,0.9673548204059519
30101,0.9673874492711133
30102,0.9674200455237159
30103,0.9674526091963558
30104,0.9674851403215968
30105,0.9675176389319701
30106,0.9675501050599741
30107,0.9675825387380751
30108,0.9676149399987067
30109,0.9676473088742702
30110,0.9676796453971345
30111,0.9677119495996361
30112,0.9677442215140792
30113,0.9677764611727359
30114,0.9678086686078455
30115,0.9678408438516158
30116,0.9678729869362219
30117,0.9679050978938069
30118,0.9679371767564817
30119,0.9679692235563253
30120,0.9680012383253844
30121,0.9680332210956739
30122,0.9680651718991765
30123,0.968097090767843
30124,0.9681289777335923
30125,0.9681608328283113
30126,0.9681926560838553
30127,0.9682244475320474
30128,0.968256207204679
30129,0.9682879351335099
30130,0.968319631350268
30131,0.9683512958866496
30132,0.9683829287743191
30133,0.9684145300449095
30134,0.968446099730022
30135,0.9684776378612264
30136,0.9685091444700608
30137,0.9685406195880317
30138,0.9685720632466144
30139,0.9686034754772525
30140,0.9686348563113582
30141,0.9686662057803123
30142,0.9686975239154644
30143,0.9687288107481326
30144,0.9687600663096037
30145,0.9687912906311332
30146,0.9688224837439456
30147,0.968853645679234
30148,0.9688847764681603
30149,0.9689158761418553
30150,0.9689469447314186
30151,0.968977982267919
30152,0.9690089887823938
30153,0.9690399643058497
30154,0.9690709088692622
30155,0.9691018225035758
30156,0.9691327052397042
30157,0.9691635571085301
30158,0.9691943781409054
30159,0.969225168367651
30160,0.9692559278195575
30161,0.969286656527384
30162,0.9683178542719844
30163,0.968349520584556
30164,0.9683811552466405
30165,0.9674132580399972
30166,0.9674458284967289
30167,0.9674783663992809
30168,0.9675108717801911
30169,0.967543344671965
30170,0.9675757851070755
30171,0.9666086928680879
30172,0.9666420674879099
30173,0.9666754087497911
30174,0.9667087166870726
30175,0.9667419913330625
30176,0.9667752327210355
30177,0.9668084408842329
30178,0.9668416158558628
30179,0.9668747576691004
30180,0.9669078663570873
30181,0.9669409419529322
30182,0.966973984489711
30183,0.9670069940004659
30184,0.9670399705182066
30185,0.9670729140759095
30186,0.9671058247065183
30187,0.9661392021930685
30188,0.9661730460689375
30189,0.9662068561178441
30190,0.9662406323735984
30191,0.9662743748699766
30192,0.9663080836407212
30193,0.9663417587195411
30194,0.9663754001401113
30195,0.9664090079360732
30196,0.9664425821410346
30197,0.9664761227885699
30198,0.9665096299122194
30199,0.9665431035454906
30200,0.9655770434719818
30201,0.965611449225633
30202,0.9656458205907248
30203,0.9656801576016286
30204,0.9657144602926815
30205,0.9657487286981861
30206,0.9657829628524107
30207,0.9658171627895897
30208,0.965851328543923
30209,0.9658854601495762
30210,0.965919557640681
30211,0.9659536210513351
30212,0.9659876504156016
30213,0.96602164576751
30214,0.9660556071410558
30215,0.9660895345702001
30216,0.9661234280888705
30217,0.9661572877309607
30218,0.96619111353033
30219,0.9662249055208045
30220,0.9662586637361761
30221,0.9662923882102029
30222,0.9663260789766095
30223,0.9663597360690867
30224,0.9663933595212915
30225,0.9664269493668474
30226,0.9664605056393443
30227,0.9664940283723384
30228,0.9665275175993526
30229,0.966560973353876
30230,0.9665943956693644
30231,0.9666277845792401
30232,0.9666611401168921
30233,0.9666944623156758
30234,0.9667277512089135
30235,0.9667610068298941
30236,0.9667942292118732
30237,0.9668274183880732
30238,0.9668605743916833
30239,0.9668936972558595
30240,0.9669267870137247
30241,0.9669598436983686
30242,0.9669928673428481
30243,0.9670258579801866
30244,0.9670588156433748
30245,0.9670917403653705
30246,0.9671246321790983
30247,0.96715749111745
30248,0.9661908169634096
30249,0.9662246092503027
30250,0.9662583677617966
30251,0.9662920925316499
30252,0.9663257835935873
30253,0.9663594409812999
30254,0.966393064728445
30255,0.9664266548686464
30256,0.9664602114354943
30257,0.9664937344625453
30258,0.9665272239833224
30259,0.966560680031315
30260,0.9665941026399794
30261,0.966627491842738
30262,0.9666608476729801
30263,0.9666941701640616
30264,0.9667274593493049
30265,0.9667607152619992
30266,0.9667939379354006
30267,0.9668271274027315
30268,0.9668602836971815
30269,0.966893406851907
30270,0.966926496900031
30271,0.9669595538746436
30272,0.9669925778088019
30273,0.9670255687355297
30274,0.967058526687818
30275,0.9670914516986248
30276,0.967124343800875
30277,0.9671572030274608
30278,0.9671900294112414
30279,0.9672228229850433
30280,0.9662560835317848
30281,0.9662898105847265
30282,0.9663235039274705
30283,0.9663571635937098
30284,0.9663907896171045
30285,0.9664243820312802
30286,0.9664579408698297
30287,0.9664914661663117
30288,0.9665249579542514
30289,0.9665584162671407
30290,0.9665918411384379
30291,0.9666252326015679
30292,0.9666585906899221
30293,0.9666919154368587
30294,0.9667252068757024
30295,0.9667584650397447
30296,0.9667916899622437
30297,0.9668248816764244
30298,0.9668580402154785
30299,0.9668911656125645
30300,0.9669242579008078
30301,0.9669573171133008
30302,0.9669903432831026
30303,0.9670233364432395
30304,0.9670562966267044
30305,0.9670892238664579
30306,0.9671221181954269
30307,0.967154979646506
30308,0.9671878082525565
30309,0.967220604046407
30310,0.9672533670608533
30311,0.9672860973286586
30312,0.9673187948825529
30313,0.967351459755234
30314,0.9673840919793667
30315,0.9674166915875833
30316,0.9674492586124832
30317,0.9674817930866336
30318,0.967514295042569
30319,0.9675467645127913
30320,0.9675792015297701
30321,0.9676116061259422
30322,0.9676439783337124
30323,0.9676763181854529
30324,0.9677086257135034
30325,0.9677409009501715
30326,0.9667736436778575
30327,0.9658073531794288
30328,0.9658415287384698
30329,0.9658756701390311
30330,0.965909777415254
30331,0.9659438506012458
30332,0.9659778897310796
30333,0.9660118948387946
30334,0.9660458659583959
30335,0.9660798031238548
30336,0.9661137063691083
30337,0.9661475757280598
30338,0.9661814112345785
30339,0.9662152129224999
30340,0.9662489808256258
30341,0.9662827149777241
30342,0.966316415412529
30343,0.9663500821637409
30344,0.9663837152650264
30345,0.9664173147500189
30346,0.9664508806523178
30347,0.9664844130054888
30348,0.9665179118430646
30349,0.9665513771985438
30350,0.9665848091053918
30351,0.9666182075970405
30352,0.9666515727068886
30353,0.966684904468301
30354,0.9667182029146095
30355,0.9667514680791127
30356,0.9667846999950757
30357,0.9668178986957302
30358,0.9668510642142752
30359,0.9668841965838761
30360,0.9669172958376654
30361,0.9669503620087422
30362,0.9669833951301727
30363,0.9670163952349902
30364,0.9670493623561945
30365,0.967082296526753
30366,0.9671151977795999
30367,0.9671480661476363
30368,0.9671809016637306
30369,0.9672137043607184
30370,0.9672464742714023
30371,0.9672792114285523
30372,0.9673119158649056
30373,0.9673445876131666
30374,0.967377226706007
30375,0.967409833176066
30376,0.96744240705595
30377,0.9674749483782329
30378,0.967507457175456
30379,0.9675399334801282
30380,0.9675723773247258
30381,0.9676047887416925
30382,0.96763716776344
30383,0.967669514422347
30384,0.9677018287507605
30385,0.9677341107809946
30386,0.9677663605453314
30387,0.9677985780760207
30388,0.96783076340528
30389,0.9678629165652947
30390,0.9678950375882179
30391,0.9679271265061707
30392,0.9679591833512421
30393,0.9679912081554888
30394,0.9680232009509355
30395,0.9680551617695753
30396,0.9680870906433688
30397,0.9681189876042451
30398,0.968150852684101
30399,0.9681826859148015
30400,0.96821448732818
30401,0.9682462569560379
30402,0.9682779948301449
30403,0.9683097009822387
30404,0.9683413754440255
30405,0.9683730182471799
30406,0.9684046294233447
30407,0.968436209004131
30408,0.9684677570211183
30409,0.9684992735058549
30410,0.968530758489857
30411,0.9685622120046098
30412,0.9685936340815667
30413,0.9686250247521498
30414,0.9686563840477499
30415,0.9686877119997261
30416,0.9687190086394065
30417,0.9687502739980878
30418,0.9687815081070352
30419,0.968812710997483
30420,0.9688438827006339
30421,0.9688750232476597
30422,0.968906132669701
30423,0.9689372109978672
30424,0.9689682582632366
30425,0.9689992744968566
30426,0.9690302597297433
30427,0.969061213992882
30428,0.969092137317227
30429,0.9691230297337016
30430,0.9691538912731981
30431,0.9691847219665781
30432,0.9692155218446725
30433,0.9692462909382811
30434,0.9692770292781728
30435,0.9693077368950862
30436,0.9693384138197289
30437,0.9693690600827776
30438,0.9693996757148787
30439,0.969430260746648
30440,0.9694608152086703
30441,0.9694913391315002
30442,0.9695218325456616
30443,0.9695522954816479
30444,0.9695827279699221
30445,0.9686136297910416
30446,0.9686450004759081
30447,0.9686763398057673
30448,0.9687076478119584
30449,0.9687389245257895
30450,0.9687701699785373
30451,0.9688013842014472
30452,0.9688325672257336
30453,0.9688637190825795
30454,0.9688948398031366
30455,0.9689259294185258
30456,0.9689569879598366
30457,0.9689880154581276
30458,0.9680195116945512
30459,0.9680514762006037
30460,0.9680834087581244
30461,0.9681153093990458
30462,0.9681471781552686
30463,0.9681790150586617
30464,0.9682108201410617
30465,0.9682425934342741
30466,0.968274334970072
30467,0.9683060447801969
30468,0.9673382226464835
30469,0.9673708681011097
30470,0.9674034809265959
30471,0.9674360611555548
30472,0.9674686088205667
30473,0.9675011239541793
30474,0.9675336065889077
30475,0.9675660567572347
30476,0.9675984744916103
30477,0.9676308598244523
30478,0.967663212788146
30479,0.9676955334150444
30480,0.9677278217374682
30481,0.9677600777877056
30482,0.9677923015980127
30483,0.9678244932006134
30484,0.9678566526276993
30485,0.9678887799114297
30486,0.9679208750839321
30487,0.9679529381773014
30488,0.967984969223601
30489,0.9680169682548617
30490,0.9680489353030828
30491,0.9680808704002312
30492,0.9681127735782419
30493,0.9671451446191432
30494,0.967177983055306
30495,0.9672107886694437
30496,0.9672435614943617
30497,0.9672763015628332
30498,0.967309008907598
30499,0.9673416835613635
30500,0.9673743255568045
30501,0.9674069349265628
30502,0.9674395117032479
30503,0.9674720559194366
30504,0.9675045676076731
30505,0.967537046800469
30506,0.9675694935303036
30507,0.9676019078296236
30508,0.9676342897308434
30509,0.9666671390164697
30510,0.9667004552193518
30511,0.9667337381226807
30512,0.9667669877597395
30513,0.9668002041637777
30514,0.9668333873680117
30515,0.9668665374056249
30516,0.9668996543097672
30517,0.9669327381135555
30518,0.9669657888500737
30519,0.9669988065523725
30520,0.9670317912534695
30521,0.9670647429863496
30522,0.9670976617839644
30523,0.9671305476792328
30524,0.9671634007050407
30525,0.9671962208942411
30526,0.9672290082796541
30527,0.9672617628940672
30528,0.967294484770235
30529,0.9673271739408795
30530,0.9673598304386898
30531,0.9673924542963223
30532,0.9674250455464009
30533,0.9674576042215169
30534,0.967490130354229
30535,0.9675226239770633
30536,0.9675550851225135
30537,0.9675875138230408
30538,0.9676199101110737
30539,0.9676522740190087
30540,0.9676846055792095
30541,0.967716904824008
30542,0.9677491717857031
30543,0.967781406496562
30544,0.9678136089888193
30545,0.9678457792946775
30546,0.967877917446307
30547,0.967910023475846
30548,0.9679420974154004
30549,0.9679741392970441
30550,0.9680061491528192
30551,0.9680381270147355
30552,0.9680700729147708
30553,0.9681019868848709
30554,0.96813386895695
30555,0.9681657191628901
30556,0.9671980372846664
30557,0.9672308228545967
30558,0.9672635756553417
30559,0.9672962957196543
30560,0.9673289830802543
30561,0.9673616377698292
30562,0.9663947595711587
30563,0.9664283480173644
30564,0.9664619028919098
30565,0.9664954242283497
30566,0.9665289120602054
30567,0.9665623664209648
30568,0.9665957873440822
30569,0.9666291748629787
30570,0.9666625290110417
30571,0.9666958498216254
30572,0.9667291373280505
30573,0.9667623915636048
30574,0.9667956125615422
30575,0.9658293001052088
30576,0.9658634537282921
30577,0.9658975732148205
30578,0.9649321583490386
30579,0.9649672086655313
30580,0.965002223949224
30581,0.9650372042351318
30582,0.9650721495582352
30583,0.9651070599534793
30584,0.9651419354557748
30585,0.9651767760999969
30586,0.9652115819209863
30587,0.9652463529535491
30588,0.9652810892324561
30589,0.9653157907924437
30590,0.9653504576682134
30591,0.9653850898944321
30592,0.9654196875057319
30593,0.9654542505367107
30594,0.9654887790219314
30595,0.9655232729959224
30596,0.9655577324931779
30597,0.9655921575481572
30598,0.9656265481952855
30599,0.9656609044689534
30600,0.9656952264035171
30601,0.9657295140332988
30602,0.9657637673925858
30603,0.9657979865156318
30604,0.9658321714366556
30605,0.9658663221898424
30606,0.9659004388093427
30607,0.9659345213292734
30608,0.9659685697837169
30609,0.9660025842067217
30610,0.9660365646323021
30611,0.9660705110944388
30612,0.966104423627078
30613,0.9661383022641324
30614,0.9661721470394806
30615,0.9662059579869674
30616,0.9662397351404037
30617,0.9662734785335667
30618,0.9663071882001998
30619,0.9663408641740127
30620,0.9663745064886813
30621,0.966408115177848
30622,0.9664416902751215
30623,0.9664752318140769
30624,0.9665087398282557
30625,0.9665422143511659
30626,0.9665756554162822
30627,0.9666090630570455
30628,0.9666424373068636
30629,0.9666757781991107
30630,0.9667090857671276
30631,0.9667423600442219
30632,0.9667756010636679
30633,0.9668088088587067
30634,0.966841983462546
30635,0.9668751249083606
30636,0.9669082332292918
30637,0.9669413084584478
30638,0.9669743506289041
30639,0.9670073597737028
30640,0.967040335925853
30641,0.967073279118331
30642,0.9671061893840798
30643,0.9671390667560097
30644,0.9671719112669982
30645,0.9672047229498898
30646,0.9672375018374961
30647,0.9672702479625961
30648,0.9673029613579358
30649,0.9673356420562287
30650,0.9673682900901555
30651,0.9674009054923642
30652,0.9674334882954703
30653,0.9674660385320565
30654,0.966499055984798
30655,0.9665325401867123
30656,0.9665659909211584
30657,0.9655999079717119
30658,0.9656342908722899
30659,0.9656686394071502
30660,0.9657029536106413
30661,0.9647377332672024
30662,0.9637734776617379
30663,0.9638096860798672
30664,0.9638458583076734
30665,0.9638819943813289
30666,0.9639180943369697
30667,0.9639541582106959
30668,0.9639901860385712
30669,0.9640261778566236
30670,0.9640621337008448
30671,0.9640980536071908
30672,0.9641339376115814
30673,0.9641697857499006
30674,0.9642055980579967
30675,0.9642413745716818
30676,0.9642771153267325
30677,0.9643128203588898
30678,0.9643484897038584
30679,0.9643841233973078
30680,0.9644197214748718
30681,0.9644552839721483
30682,0.9644908109246999
30683,0.9645263023680535
30684,0.9645617583377006
30685,0.9645971788690972
30686,0.9646325639976638
30687,0.9646679137587856
30688,0.9647032281878123
30689,0.9647385073200584
30690,0.964773751190803
30691,0.9648089598352899
30692,0.9648441332887279
30693,0.9648792715862904
30694,0.9649143747631157
30695,0.964949442854307
30696,0.9649844758949323
30697,0.9650194739200249
30698,0.9650544369645826
30699,0.9650893650635686
30700,0.9651242582519108
30701,0.9651591165645026
30702,0.9651939400362023
30703,0.9652287287018333
30704,0.9652634825961843
30705,0.9652982017540093
30706,0.9653328862100272
30707,0.9653675359989228
30708,0.9654021511553457
30709,0.9654367317139111
30710,0.9654712777091995
30711,0.965505789175757
30712,0.9655402661480951
30713,0.9655747086606907
30714,0.9656091167479864
30715,0.9656434904443902
30716,0.9656778297842759
30717,0.9657121348019827
30718,0.9657464055318158
30719,0.9657806420080458
30720,0.9658148442649094
30721,0.9658490123366086
30722,0.9658831462573116
30723,0.9659172460611524
30724,0.9659513117822307
30725,0.9659853434546123
30726,0.9660193411123288
30727,0.9660533047893779
30728,0.9650877342698483
30729,0.9651226290881693
30730,0.9651574890291106
30731,0.9651923141275323
30732,0.9652271044182593
30733,0.9652618599360822
30734,0.9652965807157562
30735,0.9643317665421273
30736,0.964367416950381
30737,0.9644030317260428
30738,0.9644386109047274
30739,0.964474154522014
30740,0.9645096626134463
30741,0.9645451352145323
30742,0.9645805723607447
30743,0.9646159740875205
30744,0.9646513404302617
30745,0.9646866714243344
30746,0.9647219671050697
30747,0.9647572275077634
30748,0.9647924526676757
30749,0.9648276426200318
30750,0.9648627974000218
30751,0.9648979170428004
30752,0.9649330015834873
30753,0.964968051057167
30754,0.9650030654988889
30755,0.9650380449436676
30756,0.9650729894264826
30757,0.9651078989822782
30758,0.9651427736459641
30759,0.9651776134524149
30760,0.9652124184364704
30761,0.9642476883830606
30762,0.9642834228274554
30763,0.964319121555264
30764,0.9643547846021853
30765,0.9643904120038822
30766,0.9644260037959823
30767,0.9644615600140772
30768,0.9644970806937233
30769,0.9645325658704412
30770,0.9645680155797162
30771,0.9646034298569978
30772,0.9646388087377004
30773,0.9646741522572029
30774,0.9647094604508488
30775,0.9647447333539464
30776,0.9647799710017685
30777,0.9648151734295528
30778,0.9648503406725017
30779,0.9648854727657826
30780,0.9649205697445274
30781,0.9649556316438332
30782,0.964990658498762
30783,0.9650256503443404
30784,0.9650606072155604
30785,0.965095529147379
30786,0.965130416174718
30787,0.9651652683324644
30788,0.9652000856554704
30789,0.9652348681785534
30790,0.9652696159364959
30791,0.9653043289640456
30792,0.9653390072959156
30793,0.9653736509667843
30794,0.9654082600112952
30795,0.9654428344640575
30796,0.9654773743596456
30797,0.9655118797325996
30798,0.9655463506174246
30799,0.9655807870485915
30800,0.965615189060537
30801,0.965649556687663
30802,0.965683889964337
30803,0.9657181889248924
30804,0.965752453603628
30805,0.9657866840348088
30806,0.9658208802526651
30807,0.9658550422913931
30808,0.9658891701851547
30809,0.9659232639680781
30810,0.965957323674257
30811,0.965991349337751
30812,0.9660253409925859
30813,0.9660592986727532
30814,0.9660932224122107
30815,0.9661271122448822
30816,0.9661609682046575
30817,0.9661947903253925
30818,0.9662285786409093
30819,0.9662623331849963
30820,0.9662960539914082
30821,0.9663297410938655
30822,0.9663633945260556
30823,0.9663970143216317
30824,0.9664306005142138
30825,0.966464153137388
30826,0.966497672224707
30827,0.9665311578096898
30828,0.966564609925822
30829,0.9665980286065559
30830,0.9666314138853099
30831,0.9666647657954696
30832,0.9666980843703866
30833,0.9667313696433797
30834,0.9667646216477341
30835,0.9667978404167019
30836,0.9668310259835018
30837,0.9668641783813193
30838,0.965897797393432
30839,0.9659318825534585
30840,0.9659659336453591
30841,0.9659999507031848
30842,0.9660339337609527
30843,0.9660678828526459
30844,0.9661017980122134
30845,0.9661356792735705
30846,0.9661695266705984
30847,0.9662033402371445
30848,0.9662371200070224
30849,0.9662708660140119
30850,0.966304578291859
30851,0.966338256874276
30852,0.9663719017949414
30853,0.9654060128376251
30854,0.9654405895364381
30855,0.965475131675832
30856,0.9655096392903489
30857,0.9655441124144966
30858,0.9655785510827479
30859,0.9656129553295418
30860,0.9656473251892824
30861,0.9656816606963396
30862,0.9657159618850489
30863,0.9657502287897115
30864,0.9657844614445944
30865,0.9658186598839301
30866,0.9658528241419172
30867,0.9658869542527199
30868,0.9659210502504683
30869,0.9659551121692584
30870,0.9659891400431523
30871,0.9660231339061777
30872,0.9660570937923284
30873,0.9660910197355644
30874,0.9661249117698117
30875,0.9661587699289623
30876,0.9661925942468744
30877,0.9662263847573723
30878,0.9662601414942465
30879,0.9662938644912538
30880,0.9663275537821171
30881,0.9663612094005257
30882,0.9653953311302603
30883,0.9654299185054425
30884,0.9654644713105345
30885,0.9654989895800892
30886,0.9655334733486248
30887,0.9655679226506252
30888,0.9656023375205396
30889,0.965636717992783
30890,0.9656710641017356
30891,0.9657053758817439
30892,0.9657396533671194
30893,0.9657738965921397
30894,0.9658081055910481
30895,0.9658422803980535
30896,0.9658764210473308
30897,0.9659105275730206
30898,0.9659446000092295
30899,0.96597863839003
30900,0.9660126427494602
30901,0.9660466131215247
30902,0.9660805495401938
30903,0.966114452039404
30904,0.9661483206530578
30905,0.9661821554150237
30906,0.9662159563591366
30907,0.9662497235191975
30908,0.9662834569289733
30909,0.9663171566221977
30910,0.9663508226325703
30911,0.9663844549937571
30912,0.9664180537393906
30913,0.9664516189030694
30914,0.9664851505183587
30915,0.9665186486187901
30916,0.9665521132378618
30917,0.9665855444090384
30918,0.9666189421657511
30919,0.9666523065413974
30920,0.9666856375693421
30921,0.966718935282916
30922,0.9667521997154168
30923,0.966785430900109
30924,0.9668186288702239
30925,0.9668517936589592
30926,0.96688492529948
30927,0.9669180238249178
30928,0.9669510892683711
30929,0.9669841216629055
30930,0.9670171210415532
30931,0.9670500874373138
30932,0.9670830208831536
30933,0.967115921412006
30934,0.9671487890567716
30935,0.967181623850318
30936,0.9672144258254801
30937,0.9672471950150598
30938,0.9672799314518264
30939,0.9673126351685163
30940,0.9673453061978331
30941,0.967377944572448
30942,0.9674105503249992
30943,0.9674431234880927
30944,0.9674756640943015
30945,0.9675081721761662
30946,0.9675406477661951
30947,0.9675730908968636
30948,0.9676055016006149
30949,0.9676378799098596
30950,0.9676702258569762
30951,0.9677025394743105
30952,0.9677348207941763
30953,0.9677670698488547
30954,0.967799286670595
30955,0.967831471291614
30956,0.9678636237440961
30957,0.967895744060194
30958,0.9679278322720278
30959,0.967959888411686
30960,0.9679919125112245
30961,0.9680239046026675
30962,0.9670563644681321
30963,0.9670892916400781
30964,0.9671221859013074
30965,0.9671550472847144
30966,0.9671878758231605
30967,0.9672206715494741
30968,0.9672534344964512
30969,0.9672861646968546
30970,0.9673188621834145
30971,0.9673515269888283
30972,0.967384159145761
30973,0.9664172584369697
30974,0.9664508243955534
30975,0.9664843568049531
30976,0.9665178556987013
30977,0.9665513211102968
30978,0.9665847530732051
30979,0.9666181516208581
30980,0.9666515167866543
30981,0.9656853483540839
30982,0.9657196458569784
30983,0.9657539090795102
30984,0.9657881380559424
30985,0.9658223328205042
30986,0.9658564934073903
30987,0.9658906198507613
30988,0.9659247121847435
30989,0.9659587704434295
30990,0.9659927946608773
30991,0.9660267848711113
30992,0.9660607411081217
30993,0.9660946634058647
30994,0.9661285517982626
30995,0.9661624063192039
30996,0.966196227002543
30997,0.9662300138821007
30998,0.9662637669916638
30999,0.9662974863649855
31000,0.9663311720357851
31001,0.9663648240377484
31002,0.9663984424045272
31003,0.9664320271697401
31004,0.9664655783669718
31005,0.9664990960297734
31006,0.9665325801916627
31007,0.9665660308861238
31008,0.9665994481466075
31009,0.9666328320065309
31010,0.966666182499278
31011,0.9666994996581993
31012,0.966732783516612
31013,0.9667660341077997
31014,0.9667992514650133
31015,0.9668324356214701
31016,0.9668655866103543
31017,0.9668987044648166
31018,0.9669317892179752
31019,0.9669648409029147
31020,0.9669978595526869
31021,0.9670308452003105
31022,0.967063797878771
31023,0.967096717621021
31024,0.9671296044599805
31025,0.9671624584285363
31026,0.9671952795595423
31027,0.9672280678858196
31028,0.9672608234401566
31029,0.967293546255309
31030,0.9673262363639993
31031,0.9673588937989178
31032,0.967391518592722
31033,0.9674241107780366
31034,0.9674566703874539
31035,0.9674891974535333
31036,0.9675216920088022
31037,0.967554154085755
31038,0.9675865837168537
31039,0.967618980934528
31040,0.9676513457711752
31041,0.96768367825916
31042,0.967715978430815
31043,0.9677482463184404
31044,0.967780481954304
31045,0.9678126853706415
31046,0.9678448565996564
31047,0.9678769956735198
31048,0.9679091026243709
31049,0.9679411774843165
31050,0.9679732202854316
31051,0.968005231059759
31052,0.9680372098393094
31053,0.9680691566560617
31054,0.9681010715419628
31055,0.9681329545289273
31056,0.9681648056488384
31057,0.9681966249335473
31058,0.9682284124148731
31059,0.9682601681246034
31060,0.9682918920944938
31061,0.9683235843562684
31062,0.9683552449416195
31063,0.9683868738822076
31064,0.9684184712096616
31065,0.968450036955579
31066,0.9684815711515254
31067,0.9685130738290352
31068,0.9685445450196108
31069,0.9685759847547237
31070,0.9686073930658134
31071,0.9686387699842884
31072,0.9686701155415255
31073,0.9687014297688703
31074,0.968732712697637
31075,0.9687639643591087
31076,0.9687951847845369
31077,0.968826374005142
31078,0.9688575320521134
31079,0.9688886589566091
31080,0.968919754749756
31081,0.9689508194626498
31082,0.9689818531263553
31083,0.9690128557719062
31084,0.9690438274303051
31085,0.9690747681325237
31086,0.9691056779095026
31087,0.9691365567921518
31088,0.9691674048113501
31089,0.9691982219979455
31090,0.9692290083827552
31091,0.9692597639965655
31092,0.9692904888701322
31093,0.9693211830341801
31094,0.9693518465194033
31095,0.9693824793564654
31096,0.9694130815759991
31097,0.9694436532086068
31098,0.96947419428486
31099,0.9695047048352999
31100,0.9695351848904371
31101,0.9695656344807515
31102,0.9695960536366928
31103,0.9696264423886801
31104,0.9696568007671023
31105,0.9696871288023176
31106,0.9697174265246541
31107,0.9697476939644095
31108,0.9697779311518514
31109,0.9698081381172169
31110,0.9698383148907129
31111,0.9698684615025163
31112,0.9698985779827736
31113,0.9699286643616014
31114,0.9699587206690861
31115,0.9699887469352839
31116,0.9700187431902212
31117,0.9700487094638941
31118,0.970078645786269
31119,0.9701085521872822
31120,0.9701384286968402
31121,0.9701682753448193
31122,0.9701980921610663
31123,0.9702278791753981
31124,0.9702576364176017
31125,0.9702873639174341
31126,0.9703170617046231
31127,0.9703467298088663
31128,0.9703763682598319
31129,0.9704059770871584
31130,0.9704355563204545
31131,0.9704651059892997
31132,0.9704946261232434
31133,0.9695246165019309
31134,0.9695550766553522
31135,0.9695855063638427
31136,0.9696159056578318
31137,0.9696462745677191
31138,0.9696766131238733
31139,0.9697069213566331
31140,0.9697371992963066
31141,0.9697674469731719
31142,0.9697976644174765
31143,0.9698278516594381
31144,0.9698580087292438
31145,0.9698881356570507
31146,0.9699182324729857
31147,0.9699482992071456
31148,0.9699783358895973
31149,0.9700083425503773
31150,0.9700383192194924
31151,0.9700682659269192
31152,0.9700981827026044
31153,0.9701280695764649
31154,0.9701579265783875
31155,0.9701877537382292
31156,0.9702175510858172
31157,0.9702473186509488
31158,0.9702770564633917
31159,0.9703067645528836
31160,0.9703364429491326
31161,0.9703660916818171
31162,0.9703957107805858
31163,0.970425300275058
31164,0.9704548601948231
31165,0.9704843905694409
31166,0.970513891428442
31167,0.9705433628013271
31168,0.9705728047175677
31169,0.9706022172066056
31170,0.9706316002978533
31171,0.9706609540206941
31172,0.9706902784044815
31173,0.97071957347854
31174,0.9707488392721646
31175,0.9707780758146212
31176,0.9708072831351463
31177,0.9708364612629472
31178,0.9708656102272021
31179,0.97089473005706
31180,0.9709238207816406
31181,0.9709528824300347
31182,0.969982414781429
31183,0.9700124173653556
31184,0.9700423899616921
31185,0.970072332600411
31186,0.9701022453114551
31187,0.9701321281247369
31188,0.9701619810701395
31189,0.9701918041775157
31190,0.9702215974766886
31191,0.9702513609974515
31192,0.9702810947695679
31193,0.9703107988227717
31194,0.970340473186767
31195,0.970370117891228
31196,0.9703997329657994
31197,0.9704293184400965
31198,0.9704588743437046
31199,0.9704884007061797
31200,0.9705178975570481
31201,0.9705473649258066
31202,0.9695773025920477
31203,0.9696077100857088
31204,0.9696380871870723
31205,0.9696684339265156
31206,0.9696987503343851
31207,0.9697290364409974
31208,0.9697592922766386
31209,0.9697895178715645
31210,0.9688202130061258
31211,0.9688513772110172
31212,0.9688825102672781
31213,0.9689136122060414
31214,0.9689446830584092
31215,0.9689757228554523
31216,0.9690067316282105
31217,0.9690377094076925
31218,0.9690686562248763
31219,0.9690995721107085
31220,0.9691304570961051
31221,0.9691613112119511
31222,0.9691921344891006
31223,0.9692229269583769
31224,0.9692536886505724
31225,0.9692844195964488
31226,0.9693151198267372
31227,0.9693457893721378
31228,0.96937642826332
31229,0.969407036530923
31230,0.9694376142055547
31231,0.9694681613177931
31232,0.9694986778981851
31233,0.9695291639772474
31234,0.9695596195854661
31235,0.9695900447532967
31236,0.9696204395111645
31237,0.9696508038894642
31238,0.9696811379185603
31239,0.9697114416287865
31240,0.9697417150504469
31241,0.9697719582138148
31242,0.9698021711491334
31243,0.9698323538866155
31244,0.968863006206569
31245,0.9688941276396459
31246,0.9689252179668426
31247,0.9689562772192496
31248,0.968987305427926
31249,0.9690183026239001
31250,0.9690492688381691
31251,0.9690802041016991
31252,0.9691111084454256
31253,0.9691419819002527
31254,0.969172824497054
31255,0.9692036362666722
31256,0.9692344172399189
31257,0.9692651674475752
31258,0.9692958869203911
31259,0.9693265756890864
31260,0.9693572337843497
31261,0.9693878612368391
31262,0.9694184580771821
31263,0.9694490243359755
31264,0.9694795600437855
31265,0.9695100652311481
31266,0.9695405399285683
31267,0.9695709841665208
31268,0.9696013979754498
31269,0.9696317813857691
31270,0.9696621344278623
31271,0.9696924571320823
31272,0.9697227495287519
31273,0.9697530116481635
31274,0.9697832435205791
31275,0.9698134451762307
31276,0.9698436166453199
31277,0.9698737579580182
31278,0.969903869144467
31279,0.9699339502347774
31280,0.9699640012590305
31281,0.9699940222472774
31282,0.970024013229539
31283,0.9700539742358063
31284,0.9700839052960404
31285,0.9701138064401723
31286,0.9701436776981032
31287,0.9701735190997043
31288,0.970203330674817
31289,0.9702331124532529
31290,0.9702628644647939
31291,0.9702925867391919
31292,0.9703222793061692
31293,0.9703519421954184
31294,0.9703815754366024
31295,0.9704111790593545
31296,0.9704407530932782
31297,0.9694707973180725
31298,0.9695013112637816
31299,0.9695317947107943
31300,0.9695622476895941
31301,0.969592670230634
31302,0.9696230623643365
31303,0.9696534241210938
31304,0.9696837555312676
31305,0.9697140566251894
31306,0.9697443274331602
31307,0.9697745679854509
31308,0.969804778312302
31309,0.969834958443924
31310,0.9698651084104968
31311,0.9698952282421704
31312,0.9699253179690648
31313,0.9699553776212696
31314,0.9699854072288445
31315,0.9700154068218192
31316,0.9700453764301932
31317,0.9700753160839362
31318,0.9701052258129877
31319,0.9701351056472576
31320,0.9701649556166256
31321,0.9701947757509418
31322,0.9702245660800264
31323,0.9702543266336695
31324,0.9702840574416318
31325,0.9703137585336442
31326,0.9703434299394077
31327,0.9703730716885937
31328,0.9704026838108439
31329,0.9704322663357706
31330,0.9704618192929563
31331,0.9704913427119538
31332,0.9705208366222867
31333,0.9705503010534489
31334,0.9705797360349047
31335,0.9706091415960891
31336,0.9706385177664079
31337,0.970667864575237
31338,0.9706971820519235
31339,0.9707264702257846
31340,0.9707557291261086
31341,0.9707849587821545
31342,0.9708141592231518
31343,0.9708433304783011
31344,0.9708724725767736
31345,0.9699020852978363
31346,0.9699321681711018
31347,0.9699622209765281
31348,0.9699922437441677
31349,0.9700222365040436
31350,0.9700521992861485
31351,0.9690826318705702
31352,0.969113533787741
31353,0.9691444048184379
31354,0.9691752449935319
31355,0.9692060543438632
31356,0.9692368329002411
31357,0.9692675806934442
31358,0.9682987975043453
31359,0.9683304828641611
31360,0.9683621365544518
31361,0.9683937586068712
31362,0.9684253490530412
31363,0.9684569079245524
31364,0.9684884352529637
31365,0.9685199310698023
31366,0.9685513954065641
31367,0.9685828282947134
31368,0.9686142297656832
31369,0.968645599850875
31370,0.9686769385816587
31371,0.9687082459893732
31372,0.9687395221053259
31373,0.9687707669607928
31374,0.9688019805870188
31375,0.9688331630152177
31376,0.9688643142765718
31377,0.9688954344022325
31378,0.9689265234233196
31379,0.9689575813709225
31380,0.968988608276099
31381,0.969019604169876
31382,0.9690505690832494
31383,0.9690815030471842
31384,0.9691124060926143
31385,0.9691432782504428
31386,0.9691741195515418
31387,0.9692049300267526
31388,0.9692357097068858
31389,0.969266458622721
31390,0.9692971768050072
31391,0.9693278642844624
31392,0.9693585210917742
31393,0.9693891472575995
31394,0.9694197428125644
31395,0.9694503077872645
31396,0.9694808422122647
31397,0.9695113461180995
31398,0.9695418195352729
31399,0.9695722624942581
31400,0.9696026750254982
31401,0.9696330571594058
31402,0.9696634089263629
31403,0.9696937303567214
31404,0.9697240214808026
31405,0.9687547820790227
31406,0.9687860116821421
31407,0.9688172100712653
31408,0.9688483772775909
31409,0.968879513332286
31410,0.9689106182664866
31411,0.9689416921112978
31412,0.9689727348977932
31413,0.9690037466570158
31414,0.9690347274199773
31415,0.9690656772176585
31416,0.9690965960810092
31417,0.9691274840409482
31418,0.9691583411283635
31419,0.9691891673741123
31420,0.9692199628090208
31421,0.9692507274638843
31422,0.9692814613694676
31423,0.9693121645565046
31424,0.9693428370556985
31425,0.9693734788977217
31426,0.9694040901132163
31427,0.9694346707327932
31428,0.9694652207870333
31429,0.9694957403064866
31430,0.9695262293216724
31431,0.96955668786308
31432,0.9695871159611679
31433,0.9696175136463641
31434,0.9696478809490664
31435,0.968678717649767
31436,0.9687100232793024
31437,0.9687412976188534
31438,0.9687725406996941
31439,0.9688037525530677
31440,0.9688349332101861
31441,0.9688660827022298
31442,0.9688972010603486
31443,0.9689282883156606
31444,0.9689593444992531
31445,0.9689903696421824
31446,0.9690213637754737
31447,0.9690523269301209
31448,0.9690832591370873
31449,0.969114160427305
31450,0.9691450308316756
31451,0.9681763701311942
31452,0.9682081778571999
31453,0.9682399537913756
31454,0.9682716979654972
31455,0.9683034104113087
31456,0.9683350911605229
31457,0.9683667402448202
31458,0.9683983576958498
31459,0.9684299435452293
31460,0.9684614978245444
31461,0.9684930205653495
31462,0.9685245117991672
31463,0.9685559715574888
31464,0.9685873998717742
31465,0.9686187967734516
31466,0.968650162293918
31467,0.9686814964645387
31468,0.9687127993166481
31469,0.968744070881549
31470,0.968775311190513
31471,0.9688065202747803
31472,0.9688376981655601
31473,0.9688688448940302
31474,0.9688999604913375
31475,0.9689310449885976
31476,0.9689620984168948
31477,0.9689931208072827
31478,0.9690241121907837
31479,0.9690550725983891
31480,0.9690860020610593
31481,0.9691169006097239
31482,0.9691477682752814
31483,0.9691786050885994
31484,0.9692094110805148
31485,0.9692401862818336
31486,0.969270930723331
31487,0.9693016444357515
31488,0.9693323274498087
31489,0.9693629797961857
31490,0.9693936015055348
31491,0.9694241926084778
31492,0.9694547531356057
31493,0.9694852831174792
31494,0.9695157825846281
31495,0.969546251567552
31496,0.9695766900967199
31497,0.9696070982025702
31498,0.9696374759155112
31499,0.9696678232659205
31500,0.9696981402841455
31501,0.9697284270005031
31502,0.9697586834452802
31503,0.9697889096487331
31504,0.9698191056410882
31505,0.9698492714525414
31506,0.9698794071132585
31507,0.9699095126533752
31508,0.9699395881029971
31509,0.9699696334921994
31510,0.9699996488510279
31511,0.9700296342094976
31512,0.9700595895975941
31513,0.9700895150452726
31514,0.9701194105824588
31515,0.970149276239048
31516,0.970179112044906
31517,0.9702089180298686
31518,0.9702386942237419
31519,0.9702684406563018
31520,0.9692986571074199
31521,0.9693293431073126
31522,0.9693599984365406
31523,0.9683911228758845
31524,0.9684227159564683
31525,0.9684542774597602
31526,0.9684858074173217
31527,0.9685173058606827
31528,0.9685487728213418
31529,0.9685802083307657
31530,0.9686116124203902
31531,0.9686429851216192
31532,0.9686743264658254
31533,0.9687056364843504
31534,0.9687369152085039
31535,0.9687681626695649
31536,0.9687993788987808
31537,0.9688305639273677
31538,0.9688617177865108
31539,0.9688928405073638
31540,0.9689239321210495
31541,0.9689549926586597
31542,0.9689860221512547
31543,0.9690170206298642
31544,0.9690479881254865
31545,0.9690789246690893
31546,0.9681103300417339
31547,0.9681422037748256
31548,0.9681740456501131
31549,0.9682058556994383
31550,0.9682376339546113
31551,0.9682693804474103
31552,0.9683010952095817
31553,0.9683327782728405
31554,0.9683644296688696
31555,0.9683960494293204
31556,0.9684276375858129
31557,0.968459194169935
31558,0.9684907192132434
31559,0.9685222127472631
31560,0.9685536748034878
31561,0.9685851054133793
31562,0.9676170043584934
31563,0.9676493711707288
31564,0.9676817056323272
31565,0.9677140077756232
31566,0.967746277632919
31567,0.9677785152364843
31568,0.9678107206185568
31569,0.9678428938113418
31570,0.9678750348470126
31571,0.9679071437577103
31572,0.9679392205755436
31573,0.9679712653325895
31574,0.9680032780608927
31575,0.968035258792466
31576,0.9680672075592901
31577,0.9680991243933138
31578,0.9681310093264539
31579,0.9681628623905953
31580,0.9681946836175912
31581,0.9682264730392628
31582,0.9682582306873995
31583,0.9682899565937589
31584,0.968321650790067
31585,0.968353313308018
31586,0.9683849441792743
31587,0.968416543435467
31588,0.9684481111081952
31589,0.9674801469791515
31590,0.9675126505803717
31591,0.9675451216942345
31592,0.9675775603532107
31593,0.9676099665897393
31594,0.9676423404362263
31595,0.9676746819250457
31596,0.9677069910885389
31597,0.9677392679590151
31598,0.9677715125687513
31599,0.9678037249499919
31600,0.9678359051349494
31601,0.967868053155804
31602,0.9679001690447038
31603,0.9679322528337645
31604,0.9679643045550701
31605,0.9679963242406723
31606,0.9680283119225906
31607,0.9680602676328129
31608,0.9680921914032949
31609,0.9681240832659603
31610,0.968155943252701
31611,0.968187771395377
31612,0.9682195677258164
31613,0.9682513322758156
31614,0.9682830650771391
31615,0.9683147661615198
31616,0.9683464355606587
31617,0.9683780733062253
31618,0.9684096794298572
31619,0.9684412539631607
31620,0.9684727969377103
31621,0.9685043083850489
31622,0.968535788336688
31623,0.9685672368241076
31624,0.9685986538787562
31625,0.9686300395320508
31626,0.9686613938153771
31627,0.9686927167600894
31628,0.9687240083975106
31629,0.9687552687589324
31630,0.96778699762574
31631,0.9678191945296624
31632,0.9678513592527711
31633,0.9678834918272311
31634,0.9679155922851749
31635,0.967947660658703
31636,0.9679796969798837
31637,0.9680117012807534
31638,0.9680436735933163
31639,0.9680756139495449
31640,0.9681075223813794
31641,0.9681393989207284
31642,0.9681712435994684
31643,0.9682030564494439
31644,0.968234837502468
31645,0.9682665867903216
31646,0.9682983043447541
31647,0.9683299901974829
31648,0.968361644380194
31649,0.9683932669245416
31650,0.9684248578621483
31651,0.9684564172246048
31652,0.9684879450434708
31653,0.9685194413502739
31654,0.9685509061765105
31655,0.9685823395536455
31656,0.9686137415131121
31657,0.9686451120863123
31658,0.9686764513046169
31659,0.9687077591993649
31660,0.9687390358018643
31661,0.9687702811433916
31662,0.9688014952551923
31663,0.9688326781684805
31664,0.9688638299144391
31665,0.9688949505242198
31666,0.9689260400289432
31667,0.9689570984596989
31668,0.9689881258475452
31669,0.9690191222235097
31670,0.9690500876185887
31671,0.9690810220637475
31672,0.9691119255899207
31673,0.9691427982280116
31674,0.9691736400088932
31675,0.969204450963407
31676,0.9692352311223641
31677,0.9692659805165447
31678,0.969296699176698
31679,0.9693273871335429
31680,0.9683585441678922
31681,0.9683901698109029
31682,0.9684217638440754
31683,0.9684533262990038
31684,0.9684848572072507
31685,0.968516356600347
31686,0.9685478245097919
31687,0.9685792609670535
31688,0.9686106660035682
31689,0.968642039650741
31690,0.9686733819399457
31691,0.9687046929025245
31692,0.9687359725697883
31693,0.9687672209730168
31694,0.9687984381434586
31695,0.9688296241123306
31696,0.9688607789108191
31697,0.9688919025700786
31698,0.9689229951212329
31699,0.9689540565953746
31700,0.9689850870235651
31701,0.9690160864368349
31702,0.9690470548661834
31703,0.969077992342579
31704,0.9691088988969592
31705,0.9691397745602306
31706,0.9691706193632689
31707,0.9682019330870437
31708,0.9682337152628687
31709,0.9682654656724011
31710,0.9682971843473912
31711,0.9683288713195577
31712,0.9683605266205876
31713,0.9683921502821362
31714,0.9684237423358272
31715,0.9684553028132526
31716,0.967487331496098
31717,0.9675198279163918
31718,0.9665527916066303
31719,0.9665862220997771
31720,0.9666196191791376
31721,0.966652982878109
31722,0.9666863132300549
31723,0.9667196102683058
31724,0.9667528740261585
31725,0.966786104536877
31726,0.9668193018336917
31727,0.9668524659497999
31728,0.9668855969183658
31729,0.9669186947725203
31730,0.9669517595453614
31731,0.9669847912699537
31732,0.9670177899793291
31733,0.9670507557064861
31734,0.9670836884843907
31735,0.9671165883459756
31736,0.9671494553241405
31737,0.9671822894517526
31738,0.9672150907616458
31739,0.9672478592866217
31740,0.9672805950594486
31741,0.9673132981128625
31742,0.9673459684795662
31743,0.9673786061922304
31744,0.9674112112834925
31745,0.9674437837859577
31746,0.9674763237321987
31747,0.9675088311547553
31748,0.9675413060861349
31749,0.9675737485588124
31750,0.9676061586052304
31751,0.9676385362577988
31752,0.9676708815488955
31753,0.9677031945108656
31754,0.9677354751760222
31755,0.9677677235766459
31756,0.967799939744985
31757,0.9678321237132559
31758,0.9678642755136424
31759,0.9678963951782964
31760,0.9679284827393376
31761,0.9679605382288535
31762,0.9679925616788997
31763,0.9680245531214995
31764,0.9680565125886444
31765,0.968088440112294
31766,0.9681203357243756
31767,0.968152199456785
31768,0.9681840313413859
31769,0.9682158314100102
31770,0.968247599694458
31771,0.9682793362264974
31772,0.9683110410378652
31773,0.9683427141602662
31774,0.9683743556253733
31775,0.9684059654648283
31776,0.9684375437102407
31777,0.968469090393189
31778,0.9685006055452198
31779,0.9685320891978483
31780,0.9685635413825581
31781,0.9685949621308014
31782,0.968626351473999
31783,0.9686577094435402
31784,0.968689036070783
31785,0.9687203313870542
31786,0.9687515954236489
31787,0.9687828282118311
31788,0.9688140297828338
31789,0.9688452001678585
31790,0.9688763393980755
31791,0.967907947254749
31792,0.9679400232694869
31793,0.96797206722424
31794,0.9680040791510524
31795,0.9680360590819359
31796,0.9680680070488705
31797,0.9680999230838042
31798,0.968131807218653
31799,0.968163659485301
31800,0.9681954799156006
31801,0.9682272685413721
31802,0.9682590253944042
31803,0.9682907505064537
31804,0.9683224439092459
31805,0.9683541056344741
31806,0.9683857357137999
31807,0.9684173341788536
31808,0.9684489010612335
31809,0.9684804363925066
31810,0.9685119402042083
31811,0.9685434125278423
31812,0.9685748533948809
31813,0.9686062628367651
31814,0.9686376408849042
31815,0.9686689875706764
31816,0.9687003029254284
31817,0.9687315869804755
31818,0.9687628397671016
31819,0.9687940613165598
31820,0.9688252516600715
31821,0.968856410828827
31822,0.9688875388539856
31823,0.9689186357666753
31824,0.9689497015979929
31825,0.9689807363790044
31826,0.9690117401407445
31827,0.9690427129142171
31828,0.9690736547303948
31829,0.9691045656202194
31830,0.969135445614602
31831,0.9691662947444225
31832,0.96919711304053
31833,0.9692279005337429
31834,0.9692586572548486
31835,0.9692893832346039
31836,0.9693200785037347
31837,0.9693507430929363
31838,0.9693813770328734
31839,0.9694119803541799
31840,0.9694425530874591
31841,0.9694730952632837
31842,0.969503606912196
31843,0.9695340880647075
31844,0.9685650385014245
31845,0.9685964577532972
31846,0.9686278456016197
31847,0.96865920207778
31848,0.9686905272131345
31849,0.9677223207891334
31850,0.9677545823375701
31851,0.967786811640581
31852,0.9678190087303955
31853,0.9678511736392107
31854,0.9678833063991915
31855,0.9679154070424707
31856,0.9679474756011489
31857,0.9679795121072947
31858,0.9680115165929446
31859,0.9680434890901031
31860,0.9680754296307427
31861,0.9681073382468038
31862,0.9681392149701954
31863,0.968171059832794
31864,0.9682028728664444
31865,0.9682346541029596
31866,0.9682664035741211
31867,0.9682981213116781
31868,0.9683298073473486
31869,0.9683614617128186
31870,0.9683930844397423
31871,0.9684246755597425
31872,0.9684562351044105
31873,0.9684877631053056
31874,0.968519259593956
31875,0.9685507246018581
31876,0.9685821581604769
31877,0.968613560301246
31878,0.9686449310555676
31879,0.9686762704548124
31880,0.9687075785303199
31881,0.968738855313398
31882,0.9687701008353237
31883,0.9688013151273424
31884,0.9688324982206683
31885,0.9688636501464847
31886,0.9688947709359435
31887,0.9689258606201654
31888,0.9689569192302402
31889,0.9689879467972264
31890,0.9690189433521518
31891,0.9690499089260127
31892,0.9690808435497749
31893,0.9691117472543728
31894,0.9681431198208352
31895,0.9681749607805346
31896,0.9682067699151867
31897,0.9682385472566009
31898,0.9682702928365543
31899,0.9683020066867927
31900,0.9683336888390297
31901,0.9683653393249477
31902,0.9683969581761972
31903,0.9684285454243969
31904,0.9684601011011341
31905,0.9684916252379646
31906,0.9685231178664124
31907,0.9685545790179703
31908,0.9685860087240993
31909,0.9686174070162291
31910,0.9686487739257581
31911,0.9686801094840531
31912,0.9687114137224498
31913,0.9687426866722525
31914,0.968773928364734
31915,0.9688051388311361
31916,0.9688363181026691
31917,0.9688674662105126
31918,0.9688985831858143
31919,0.9689296690596916
31920,0.9689607238632301
31921,0.9689917476274847
31922,0.9690227403834792
31923,0.9690537021622064
31924,0.969084632994628
31925,0.9691155329116748
31926,0.9691464019442468
31927,0.9681777398733381
31928,0.9682095462302863
31929,0.9682413207967728
31930,0.9682730636045721
31931,0.9683047746854271
31932,0.9683364540710488
31933,0.9683681017931167
31934,0.9683997178832785
31935,0.9684313023731503
31936,0.9684628552943166
31937,0.9684943766783303
31938,0.9685258665567128
31939,0.9685573249609539
31940,0.9685887519225121
31941,0.9686201474728144
31942,0.9686515116432564
31943,0.9686828444652021
31944,0.9687141459699845
31945,0.9687454161889051
31946,0.968776655153234
31947,0.9688078628942103
31948,0.9688390394430416
31949,0.9688701848309046
31950,0.9689012990889446
31951,0.968932382248276
31952,0.9689634343399819
31953,0.9689944553951143
31954,0.9690254454446944
31955,0.9690564045197122
31956,0.9690873326511268
31957,0.9691182298698663
31958,0.969149096206828
31959,0.9691799316928781
31960,0.9692107363588522
31961,0.969241510235555
31962,0.9692722533537604
31963,0.9693029657442115
31964,0.9693336474376205
31965,0.9693642984646693
31966,0.9693949188560089
31967,0.9694255086422597
31968,0.9694560678540116
31969,0.9694865965218237
31970,0.9695170946762246
31971,0.9695475623477127
31972,0.9695779995667554
31973,0.9696084063637901
31974,0.9696387827692236
31975,0.9696691288134323
31976,0.9696994445267622
31977,0.969729729939529
31978,0.9697599850820182
31979,0.969790209984485
31980,0.9698204046771541
31981,0.9698505691902205
31982,0.9698807035538485
31983,0.9699108077981725
31984,0.9699408819532968
31985,0.9699709260492955
31986,0.9700009401162127
31987,0.9700309241840626
31988,0.9700608782828292
31989,0.9700908024424665
31990,0.9701206966928988
31991,0.9701505610640203
31992,0.9701803955856955
31993,0.9702102002877587
31994,0.9702399752000148
31995,0.9702697203522387
31996,0.9692999355243004
31997,0.969330620246415
31998,0.9693612742991422
31999,0.969391897713136
32000,0.96942249051902
32001,0.9694530527473868
32002,0.9694835844287987
32003,0.9695140855937874
32004,0.9695445562728541
32005,0.9695749964964694
32006,0.9696054062950736
32007,0.9696357856990766
32008,0.9696661347388577
32009,0.9696964534447658
32010,0.9697267418471199
32011,0.9697569999762082
32012,0.969787227862289
32013,0.96981742553559
32014,0.9698475930263091
32015,0.9698777303646137
32016,0.969907837580641
32017,0.9699379147044984
32018,0.969967961766263
32019,0.9699979787959818
32020,0.970027965823672
32021,0.9700579228793205
32022,0.9700878499928843
32023,0.9701177471942908
32024,0.9701476145134369
32025,0.9701774519801901
32026,0.9702072596243878
32027,0.9702370374758377
32028,0.9702667855643176
32029,0.9702965039195756
32030,0.9703261925713301
32031,0.9703558515492698
32032,0.9703854808830537
32033,0.970415080602311
32034,0.9704446507366414
32035,0.9704741913156153
32036,0.9705037023687731
32037,0.9705331839256259
32038,0.9705626360156553
32039,0.9705920586683133
32040,0.9706214519130226
32041,0.9706508157791766
32042,0.9706801502961389
32043,0.9707094554932442
32044,0.9707387313997976
32045,0.9707679780450752
32046,0.9707971954583235
32047,0.9698268834188849
32048,0.9698570414564472
32049,0.9698871693510435
32050,0.9699172671328016
32051,0.9689478345819442
32052,0.9689788712290387
32053,0.9690098768549967
32054,0.9690408514908239
32055,0.9690717951674948
32056,0.969102707915953
32057,0.9691335897671115
32058,0.969164440751852
32059,0.9691952609010256
32060,0.9692260502454524
32061,0.9692568088159217
32062,0.9682880363933171
32063,0.9683197325088659
32064,0.9683513969441394
32065,0.9683830297308019
32066,0.9684146309004863
32067,0.9684462004847937
32068,0.9684777385152936
32069,0.9685092450235242
32070,0.9685407200409919
32071,0.9685721635991719
32072,0.9686035757295075
32073,0.968634956463411
32074,0.9686663058322632
32075,0.9686976238674133
32076,0.9687289106001795
32077,0.9687601660618484
32078,0.9687913902836757
32079,0.9688225832968854
32080,0.9688537451326706
32081,0.9688848758221932
32082,0.9689159753965838
32083,0.9689470438869421
32084,0.9689780813243365
32085,0.9690090877398044
32086,0.9680405629144773
32087,0.9680725063798301
32088,0.9671049176678063
32089,0.967137796310817
32090,0.9671706420916157
32091,0.9672034550430484
32092,0.9672362351979279
32093,0.9672689825890344
32094,0.9673016972491153
32095,0.9673343792108853
32096,0.9663675282571512
32097,0.9664011439210621
32098,0.9664347259861086
32099,0.9654687742359975
32100,0.9655032882047772
32101,0.9655377676768363
32102,0.9655722126866546
32103,0.965606623268677
32104,0.965640999457314
32105,0.9656753412869419
32106,0.9657096487919025
32107,0.9657439220065033
32108,0.9657781609650176
32109,0.9658123657016842
32110,0.9658465362507079
32111,0.9658806726462594
32112,0.965914774922475
32113,0.9659488431134571
32114,0.9659828772532737
32115,0.9660168773759591
32116,0.9660508435155134
32117,0.9660847757059027
32118,0.9661186739810592
32119,0.9661525383748812
32120,0.9661863689212332
32121,0.9662201656539456
32122,0.9662539286068152
32123,0.966287657813605
32124,0.9663213533080443
32125,0.9663550151238283
32126,0.966388643294619
32127,0.9664222378540447
32128,0.9664557988356998
32129,0.9664893262731453
32130,0.9665228201999088
32131,0.9665562806494841
32132,0.9665897076553317
32133,0.9666231012508786
32134,0.9666564614695183
32135,0.9666897883446113
32136,0.9667230819094842
32137,0.9667563421974308
32138,0.9667895692417112
32139,0.9668227630755526
32140,0.9668559237321488
32141,0.9668890512446604
32142,0.9669221456462149
32143,0.9669552069699069
32144,0.9669882352487975
32145,0.9670212305159152
32146,0.9670541928042551
32147,0.9670871221467796
32148,0.967120018576418
32149,0.9671528821260668
32150,0.9671857128285895
32151,0.9672185107168167
32152,0.9672512758235465
32153,0.967284008181544
32154,0.9673167078235415
32155,0.9673493747822386
32156,0.9673820090903024
32157,0.966415110530492
32158,0.9664486786359088
32159,0.9664822131899958
32160,0.9665157142262877
32161,0.9665491817782854
32162,0.9665826158794566
32163,0.9666160165632353
32164,0.9666493838630221
32165,0.9666827178121845
32166,0.9667160184440564
32167,0.9667492857919384
32168,0.9667825198890979
32169,0.966815720768769
32170,0.9668488884641525
32171,0.9668820230084162
32172,0.9669151244346946
32173,0.9669481927760892
32174,0.9669812280656683
32175,0.9670142303364673
32176,0.9670471996214883
32177,0.9670801359537007
32178,0.9671130393660408
32179,0.967145909891412
32180,0.967178747562685
32181,0.9672115524126973
32182,0.9672443244742538
32183,0.9672770637801266
32184,0.967309770363055
32185,0.9673424442557456
32186,0.9673750854908723
32187,0.9674076941010763
32188,0.9674402701189663
32189,0.9674728135771182
32190,0.9675053245080756
32191,0.9675378029443493
32192,0.9675702489184179
32193,0.9676026624627273
32194,0.9676350436096911
32195,0.9676673923916904
32196,0.967699708841074
32197,0.9677319929901584
32198,0.9677642448712277
32199,0.9677964645165338
32200,0.9678286519582964
32201,0.9678608072287028
32202,0.9678929303599085
32203,0.9679250213840366
32204,0.967957080333178
32205,0.9679891072393917
32206,0.9680211021347046
32207,0.9680530650511117
32208,0.9680849960205758
32209,0.9681168950750281
32210,0.9681487622463674
32211,0.9681805975664609
32212,0.9682124010671441
32213,0.9682441727802205
32214,0.9682759127374616
32215,0.9683076209706075
32216,0.9683392975113665
32217,0.9683709423914151
32218,0.9684025556423982
32219,0.968434137295929
32220,0.9684656873835892
32221,0.9684972059369289
32222,0.9685286929874667
32223,0.9675606483168145
32224,0.9675930714569276
32225,0.9676254621901041
32226,0.9676578205487347
32227,0.9676901465651778
32228,0.9677224402717594
32229,0.967754701700773
32230,0.9677869308844804
32231,0.9678191278551106
32232,0.9678512926448606
32233,0.9678834252858952
32234,0.9679155258103471
32235,0.9679475942503167
32236,0.9679796306378726
32237,0.9680116350050512
32238,0.9680436073838568
32239,0.9680755478062617
32240,0.9681074563042065
32241,0.9681393329095995
32242,0.9681711776543176
32243,0.9682029905702053
32244,0.9682347716890757
32245,0.9682665210427098
32246,0.968298238662857
32247,0.968329924581235
32248,0.9683615788295297
32249,0.9683932014393952
32250,0.9684247924424543
32251,0.9684563518702979
32252,0.9684878797544855
32253,0.9685193761265449
32254,0.9685508410179726
32255,0.9685822744602335
32256,0.9686136764847609
32257,0.9686450471229571
32258,0.9686763864061925
32259,0.9687076943658065
32260,0.968738971033107
32261,0.9687702164393708
32262,0.9688014306158431
32263,0.9688326135937383
32264,0.9688637654042394
32265,0.9688948860784979
32266,0.9689259756476348
32267,0.9689570341427396
32268,0.9689880615948708
32269,0.9690190580350558
32270,0.9690500234942911
32271,0.9690809580035422
32272,0.9691118615937435
32273,0.9691427342957988
32274,0.9691735761405806
32275,0.9692043871589309
32276,0.9692351673816606
32277,0.96926591683955
32278,0.9692966355633486
32279,0.9693273235837749
32280,0.9693579809315173
32281,0.9693886076372329
32282,0.9694192037315486
32283,0.9694497692450602
32284,0.9694803042083335
32285,0.9695108086519034
32286,0.9695412826062744
32287,0.9695717261019202
32288,0.9696021391692846
32289,0.9696325218387806
32290,0.9696628741407908
32291,0.9696931961056675
32292,0.9697234877637328
32293,0.9697537491452783
32294,0.9697839802805654
32295,0.9698141811998252
32296,0.9698443519332587
32297,0.9698744925110365
32298,0.9699046029632994
32299,0.9699346833201576
32300,0.9699647336116917
32301,0.9699947538679519
32302,0.9700247441189584
32303,0.9700547043947017
32304,0.9700846347251417
32305,0.9701145351402091
32306,0.9701444056698041
32307,0.9701742463437973
32308,0.9702040571920294
32309,0.9702338382443112
32310,0.9702635895304238
32311,0.9702933110801185
32312,0.9703230029231169
32313,0.9703526650891108
32314,0.9703822976077623
32315,0.9704119005087041
32316,0.970441473821539
32317,0.9704710175758403
32318,0.9705005318011518
32319,0.9705300165269878
32320,0.9705594717828329
32321,0.9705888975981424
32322,0.9706182940023421
32323,0.9706476610248286
32324,0.9706769986949687
32325,0.9707063070421001
32326,0.9707355860955313
32327,0.9707648358845413
32328,0.9707940564383799
32329,0.9708232477862676
32330,0.9708524099573957
32331,0.9708815429809265
32332,0.970910646885993
32333,0.9709397217016992
32334,0.9709687674571198
32335,0.9709977841813006
32336,0.9710267719032583
32337,0.9710557306519806
32338,0.9710846604564264
32339,0.9711135613455254
32340,0.9701429330983035
32341,0.9701727752441323
32342,0.9702025875627288
32343,0.9702323700839055
32344,0.9702621228374448
32345,0.9702918458530996
32346,0.9703215391605927
32347,0.9703512027896176
32348,0.9703808367698379
32349,0.9704104411308875
32350,0.9704400159023708
32351,0.9704695611138627
32352,0.9704990767949083
32353,0.9705285629750233
32354,0.9705580196836939
32355,0.9705874469503769
32356,0.9706168448044995
32357,0.9706462132754595
32358,0.9706755523926255
32359,0.9707048621853365
32360,0.9707341426829024
32361,0.9707633939146036
32362,0.9707926159096915
32363,0.9708218086973879
32364,0.9708509723068858
32365,0.9708801067673487
32366,0.970909212107911
32367,0.9709382883576783
32368,0.9709673355457266
32369,0.9709963537011032
32370,0.9710253428528262
32371,0.9710543030298848
32372,0.9710832342612392
32373,0.9711121365758207
32374,0.9711410100025316
32375,0.9711698545702452
32376,0.9711986703078062
32377,0.9712274572440303
32378,0.9712562154077043
32379,0.9712849448275866
32380,0.9713136455324066
32381,0.971342317550865
32382,0.9713709609116338
32383,0.9713995756433563
32384,0.9714281617746473
32385,0.9714567193340929
32386,0.9714852483502507
32387,0.9715137488516498
32388,0.9715422208667905
32389,0.9715706644241451
32390,0.971599079552157
32391,0.9716274662792412
32392,0.9716558246337847
32393,0.9716841546441458
32394,0.9717124563386544
32395,0.9717407297456123
32396,0.9717689748932928
32397,0.9717971918099412
32398,0.9718253805237743
32399,0.9718535410629809
32400,0.9718816734557216
32401,0.9719097777301287
32402,0.9719378539143064
32403,0.9719659020363312
32404,0.9719939221242508
32405,0.9720219142060856
32406,0.9720498783098277
32407,0.9720778144634411
32408,0.972105722694862
32409,0.9721336030319985
32410,0.9721614555027311
32411,0.9721892801349123
32412,0.9722170769563667
32413,0.9722448459948911
32414,0.9722725872782546
32415,0.9723003008341984
32416,0.9723279866904361
32417,0.9723556448746535
32418,0.972383275414509
32419,0.972410878337633
32420,0.9724384536716283
32421,0.9724660014440705
32422,0.9724935216825071
32423,0.9725210144144586
32424,0.9725484796674176
32425,0.9725759174688495
32426,0.972603327846192
32427,0.9726307108268555
32428,0.972658066438223
32429,0.97268539470765
32430,0.972712695662465
32431,0.9727399693299688
32432,0.9727672157374351
32433,0.9717949346622352
32434,0.9718231256320881
32435,0.9718512884250595
32436,0.9718794230693123
32437,0.9719075295929811
32438,0.9719356080241726
32439,0.971963658390965
32440,0.9719916807214088
32441,0.9720196750435264
32442,0.9710481411354369
32443,0.9710770785256064
32444,0.9711059869928472
32445,0.9711348665660677
32446,0.9711637172741476
32447,0.9711925391459376
32448,0.9712213322102595
32449,0.9712500964959064
32450,0.9712788320316427
32451,0.9713075388462038
32452,0.9713362169682965
32453,0.971364866426599
32454,0.9703939869998858
32455,0.9704235782172772
32456,0.9704531398582394
32457,0.9704826719523342
32458,0.9695126742792184
32459,0.9695431463688944
32460,0.9695735880017091
32461,0.9696039992081043
32462,0.969634380018491
32463,0.9696647304632501
32464,0.9696950505727321
32465,0.9697253403772571
32466,0.9697555999071149
32467,0.9697858291925651
32468,0.9698160282638368
32469,0.9698461971511294
32470,0.9698763358846115
32471,0.969906444494422
32472,0.9699365230106695
32473,0.9699665714634325
32474,0.9699965898827594
32475,0.9700265782986687
32476,0.9700565367411488
32477,0.9700864652401581
32478,0.9701163638256252
32479,0.9701462325274486
32480,0.9701760713754971
32481,0.9702058803996095
32482,0.9702356596295949
32483,0.9702654090952325
32484,0.9702951288262718
32485,0.9703248188524324
32486,0.9703544792034045
32487,0.9703841099088484
32488,0.9704137109983948
32489,0.9704432825016448
32490,0.9704728244481698
32491,0.970502336867512
32492,0.9695323195393085
32493,0.9695627719935421
32494,0.9695931940105401
32495,0.9696235856207245
32496,0.9696539468544869
32497,0.9686847774923135
32498,0.9687160770650348
32499,0.9687473453538253
32500,0.9687785823899534
32501,0.9688097882046561
32502,0.9678414625792642
32503,0.9668741047955768
32504,0.9669072141361109
32505,0.9659407901339759
32506,0.9659748323227476
32507,0.9660088404863431
32508,0.9660428146587705
32509,0.9660767548740041
32510,0.9661106611659841
32511,0.9661445335686168
32512,0.9661783721157746
32513,0.9662121768412961
32514,0.966245947778986
32515,0.9662796849626152
32516,0.966313388425921
32517,0.9663470582026067
32518,0.9663806943263422
32519,0.9664142968307636
32520,0.9664478657494735
32521,0.9664814011160408
32522,0.9665149029640008
32523,0.9665483713268553
32524,0.9665818062380729
32525,0.9666152077310883
32526,0.9666485758393031
32527,0.9666819105960854
32528,0.96671521203477
32529,0.9667484801886582
32530,0.9667817150910184
32531,0.9668149167750854
32532,0.9668480852740607
32533,0.9668812206211131
32534,0.966914322849378
32535,0.9669473919919572
32536,0.9669804280819203
32537,0.9670134311523032
32538,0.967046401236109
32539,0.9670793383663078
32540,0.9671122425758367
32541,0.9671451138976
32542,0.967177952364469
32543,0.9672107580092821
32544,0.967243530864845
32545,0.9672762709639307
32546,0.9673089783392791
32547,0.9673416530235976
32548,0.9673742950495611
32549,0.9674069044498114
32550,0.967439481256958
32551,0.9674720255035777
32552,0.9675045372222147
32553,0.9675370164453809
32554,0.9675694632055555
32555,0.9676018775351851
32556,0.9676342594666841
32557,0.9676666090324346
32558,0.967698926264786
32559,0.9677312111960557
32560,0.9677634638585284
32561,0.967795684284457
32562,0.9678278725060617
32563,0.9678600285555309
32564,0.9678921524650206
32565,0.9679242442666548
32566,0.9679563039925252
32567,0.9679883316746916
32568,0.9680203273451816
32569,0.968052291035991
32570,0.9680842227790835
32571,0.9681161226063907
32572,0.9681479905498126
32573,0.968179826641217
32574,0.9682116309124402
32575,0.9682434033952864
32576,0.9682751441215279
32577,0.9683068531229058
32578,0.9683385304311287
32579,0.9683701760778742
32580,0.9684017900947879
32581,0.9684333725134837
32582,0.9684649233655442
32583,0.9684964426825202
32584,0.968527930495931
32585,0.9685593868372644
32586,0.9685908117379768
32587,0.967622704979618
32588,0.9676550660940811
32589,0.9676873948636023
32590,0.9677196913205103
32591,0.9677519554971015
32592,0.9677841874256401
32593,0.967816387138358
32594,0.9678485546674551
32595,0.9678806900450988
32596,0.9679127933034245
32597,0.9679448644745355
32598,0.967976903590503
32599,0.9680089106833661
32600,0.9680408857851319
32601,0.9680728289277755
32602,0.96810474014324
32603,0.9681366194634367
32604,0.9681684669202448
32605,0.9682002825455119
32606,0.9682320663710536
32607,0.9682638184286538
32608,0.9682955387500645
32609,0.9683272273670059
32610,0.9673593840612918
32611,0.9663925081152036
32612,0.9664260988117401
32613,0.9664596559343671
32614,0.9664931795166416
32615,0.9665266695920872
32616,0.9665601261941941
32617,0.9665935493564187
32618,0.9666269391121844
32619,0.9666602954948809
32620,0.9666936185378645
32621,0.9667269082744584
32622,0.9667601647379522
32623,0.9667933879616024
32624,0.9668265779786323
32625,0.9668597348222319
32626,0.966892858525558
32627,0.9669259491217344
32628,0.9669590066438516
32629,0.9669920311249672
32630,0.9670250225981057
32631,0.9670579810962585
32632,0.9670909066523842
32633,0.9671237992994083
32634,0.9671566590702234
32635,0.9671894859976895
32636,0.9672222801146333
32637,0.967255041453849
32638,0.9672877700480981
32639,0.967320465930109
32640,0.9673531291325776
32641,0.9673857596881673
32642,0.9674183576295085
32643,0.9674509229891991
32644,0.9674834557998045
32645,0.9675159560938578
32646,0.9675484239038589
32647,0.9675808592622758
32648,0.9676132622015439
32649,0.967645632754066
32650,0.9676779709522129
32651,0.9677102768283226
32652,0.967742550414701
32653,0.9677747917436219
32654,0.9678070008473264
32655,0.9678391777580237
32656,0.9668718222580157
32657,0.9669049338799467
32658,0.9669380124068033
32659,0.966971057871664
32660,0.9670040703075744
32661,0.9670370497475469
32662,0.9670699962245608
32663,0.9671029097715628
32664,0.9671357904214662
32665,0.9671686382071519
32666,0.9672014531614677
32667,0.9672342353172283
32668,0.9672669847072161
32669,0.9672997013641803
32670,0.9663328850709627
32671,0.9663665353607469
32672,0.966400152017058
32673,0.9664337350735127
32674,0.9664672845636941
32675,0.9665008005211517
32676,0.9665342829794015
32677,0.9665677319719258
32678,0.9666011475321737
32679,0.9666345296935609
32680,0.9666678784894693
32681,0.9667011939532479
32682,0.9667344761182122
32683,0.9667677250176443
32684,0.966800940684793
32685,0.9668341231528742
32686,0.9658677722051952
32687,0.9659018873754048
32688,0.9659359684474934
32689,0.9659700154555418
32690,0.9660040284335972
32691,0.9660380074156726
32692,0.9660719524357468
32693,0.9661058635277651
32694,0.9661397407256384
32695,0.9661735840632439
32696,0.9662073935744251
32697,0.9662411692929914
32698,0.9662749112527186
32699,0.9663086194873486
32700,0.9663422940305896
32701,0.9663759349161162
32702,0.9664095421775694
32703,0.9664431158485562
32704,0.9664766559626506
32705,0.9655106623035176
32706,0.9655451344051632
32707,0.9655795720519347
32708,0.9656139752782695
32709,0.9656483441185711
32710,0.9656826786072082
32711,0.9657169787785154
32712,0.9657512446667927
32713,0.9657854763063062
32714,0.9658196737312874
32715,0.9658538369759337
32716,0.9658879660744085
32717,0.9659220610608409
32718,0.9659561219693258
32719,0.9659901488339242
32720,0.9660241416886629
32721,0.9660581005675348
32722,0.9660920255044988
32723,0.9661259165334798
32724,0.9661597736883689
32725,0.9661935970030232
32726,0.966227386511266
32727,0.966261142246887
32728,0.9662948642436417
32729,0.9663285525352523
32730,0.966362207155407
32731,0.9663958281377604
32732,0.9664294155159335
32733,0.9664629693235138
32734,0.9664964895940551
32735,0.9665299763610775
32736,0.966563429658068
32737,0.9665968495184797
32738,0.9666302359757326
32739,0.9666635890632131
32740,0.9666969088142744
32741,0.9667301952622361
32742,0.9667634484403849
32743,0.9667966683819736
32744,0.9668298551202226
32745,0.9668630086883183
32746,0.9668961291194145
32747,0.9659297161967564
32748,0.965963769453931
32749,0.9659977886748666
32750,0.9660317738935824
32751,0.9660657251440636
32752,0.9660996424602615
32753,0.9661335258760932
32754,0.9651678751755675
32755,0.9652026898930331
32756,0.96523746981318
32757,0.9652722149707881
32758,0.9643074251507273
32759,0.9643430998882079
32760,0.9643787389687793
32761,0.9644143424280809
32762,0.964449910301716
32763,0.9644854426252525
32764,0.9645209394342228
32765,0.9645564007641236
32766,0.9645918266504163
32767,0.9646272171285268
32768,0.9646625722338457
32769,0.9646978920017278
32770,0.9647331764674932
32771,0.9647684256664263
32772,0.9648036396337761
32773,0.9648388184047568
32774,0.9648739620145472
32775,0.9649090704982908
32776,0.9649441438910961
32777,0.9649791822280365
32778,0.9650141855441504
32779,0.9650491538744411
32780,0.965084087253877
32781,0.9651189857173913
32782,0.9651538492998827
32783,0.9651886780362147
32784,0.9652234719612159
32785,0.9652582311096805
32786,0.9652929555163674
32787,0.9653276452160012
32788,0.9653623002432716
32789,0.9653969206328336
32790,0.9654315064193075
32791,0.9654660576372792
32792,0.9655005743212999
32793,0.9655350565058863
32794,0.9655695042255207
32795,0.9656039175146506
32796,0.9656382964076894
32797,0.9656726409390161
32798,0.9657069511429751
32799,0.9657412270538767
32800,0.9657754687059967
32801,0.9658096761335769
32802,0.9658438493708247
32803,0.9658779884519133
32804,0.9659120934109818
32805,0.9659461642821353
32806,0.9649807008495694
32807,0.9650157026478208
32808,0.965050669461766
32809,0.9650856013263719
32810,0.9651204982765704
32811,0.9651553603472585
32812,0.9651901875732982
32813,0.9652249799895168
32814,0.9652597376307067
32815,0.9652944605316256
32816,0.9653291487269963
32817,0.965363802251507
32818,0.9653984211398113
32819,0.9654330054265282
32820,0.9654675551462418
32821,0.965502070333502
32822,0.9655365510228239
32823,0.9655709972486881
32824,0.965605409045541
32825,0.9656397864477944
32826,0.9656741294898256
32827,0.9657084382059776
32828,0.9657427126305593
32829,0.9657769527978451
32830,0.9658111587420752
32831,0.9658453304974555
32832,0.9658794680981576
32833,0.9659135715783194
32834,0.9659476409720442
32835,0.9659816763134015
32836,0.9660156776364266
32837,0.9660496449751208
32838,0.9660835783634515
32839,0.9661174778353521
32840,0.966151343424722
32841,0.9651856749155519
32842,0.965220471842173
32843,0.9642557337393822
32844,0.9642914601424413
32845,0.9643271508369515
32846,0.9643628058586038
32847,0.964398425243053
32848,0.9644340090259185
32849,0.9644695572427842
32850,0.9645050699291982
32851,0.9645405471206732
32852,0.9645759888526865
32853,0.9646113951606798
32854,0.9646467660800595
32855,0.9646821016461964
32856,0.9647174018944261
32857,0.9647526668600489
32858,0.9647878965783298
32859,0.9648230910844984
32860,0.9648582504137493
32861,0.9648933746012418
32862,0.9649284636821002
32863,0.9639640174415384
32864,0.96400003541511
32865,0.9640360173887081
32866,0.9640719633983146
32867,0.9641078734798755
32868,0.9641437476693009
32869,0.964179586002465
32870,0.9642153885152062
32871,0.9642511552433269
32872,0.964286886222594
32873,0.9643225814887383
32874,0.9643582410774552
32875,0.9643938650244043
32876,0.9644294533652095
32877,0.9644650061354592
32878,0.964500523370706
32879,0.9645360051064674
32880,0.9645714513782251
32881,0.9646068622214252
32882,0.9646422376714787
32883,0.9646775777637611
32884,0.9647128825336124
32885,0.9647481520163375
32886,0.9647833862472057
32887,0.9648185852614514
32888,0.9648537490942735
32889,0.9648888777808359
32890,0.9649239713562673
32891,0.9649590298556613
32892,0.9649940533140764
32893,0.965029041766536
32894,0.9650639952480288
32895,0.965098913793508
32896,0.9651337974378923
32897,0.9651686462160654
32898,0.9652034601628758
32899,0.9652382393131378
32900,0.9652729837016304
32901,0.9653076933630981
32902,0.9653423683322504
32903,0.9653770086437624
32904,0.9654116143322744
32905,0.965446185432392
32906,0.9654807219786865
32907,0.9655152240056943
32908,0.9655496915479176
32909,0.9655841246398237
32910,0.9656185233158459
32911,0.9656528876103827
32912,0.9656872175577986
32913,0.9657215131924235
32914,0.965755774548553
32915,0.9657900016604485
32916,0.965824194562337
32917,0.9658583532884116
32918,0.9658924778728311
32919,0.9659265683497198
32920,0.9659606247531684
32921,0.9659946471172332
32922,0.9660286354759365
32923,0.966062589863267
32924,0.9660965103131788
32925,0.9661303968595923
32926,0.9661642495363943
32927,0.9661980683774374
32928,0.9662318534165404
32929,0.9662656046874883
32930,0.9662993222240326
32931,0.9653335058100155
32932,0.9653681549796207
32933,0.9654027695173723
32934,0.9654373494578846
32935,0.9654718948357378
32936,0.9655064056854772
32937,0.9655408820416136
32938,0.9655753239386234
32939,0.9656097314109486
32940,0.9656441044929966
32941,0.9656784432191405
32942,0.9657127476237191
32943,0.9657470177410367
32944,0.9647817533554884
32945,0.9648169540018098
32946,0.9648521194650763
32947,0.9648872497804536
32948,0.9649223449830718
32949,0.9649574051080263
32950,0.9649924301903771
32951,0.9650274202651493
32952,0.9650623753673331
32953,0.9650972955318835
32954,0.9651321807937207
32955,0.96516703118773
32956,0.9652018467487617
32957,0.9652366275116315
32958,0.9652713735111201
32959,0.9653060847819736
32960,0.9653407613589031
32961,0.9653754032765853
32962,0.9654100105696622
32963,0.9654445832727411
32964,0.9654791214203945
32965,0.9655136250471608
32966,0.9655480941875434
32967,0.9655825288760116
32968,0.965616929147
32969,0.9656512950349091
32970,0.9656856265741046
32971,0.9657199237989181
32972,0.9657541867436469
32973,0.9657884154425538
32974,0.9658226099298676
32975,0.9658567702397828
32976,0.9658908964064596
32977,0.9659249884640244
32978,0.9659590464465692
32979,0.9659930703881517
32980,0.9660270603227963
32981,0.9660610162844926
32982,0.9660949383071967
32983,0.9661288264248307
32984,0.9661626806712826
32985,0.9661965010804068
32986,0.9662302876860236
32987,0.9662640405219196
32988,0.9662977596218477
32989,0.9663314450195271
32990,0.966365096748643
32991,0.9663987148428472
32992,0.9664322993357579
32993,0.9664658502609595
32994,0.9664993676520031
32995,0.9665328515424059
32996,0.9665663019656519
32997,0.9665997189551915
32998,0.9666331025444417
32999,0.9666664527667861
33000,0.9666997696555749
33001,0.9667330532441251
33002,0.9667663035657201
33003,0.9667995206536104
33004,0.9668327045410131
33005,0.966865855261112
33006,0.966898972847058
33007,0.9669320573319684
33008,0.9669651087489279
33009,0.966998127130988
33010,0.9670311125111669
33011,0.9670640649224501
33012,0.96709698439779
33013,0.967129870970106
33014,0.9671627246722848
33015,0.9671955455371801
33016,0.9672283335976127
33017,0.9672610888863707
33018,0.9672938114362094
33019,0.9673265012798514
33020,0.9673591584499865
33021,0.9673917829792719
33022,0.9674243749003321
33023,0.9674569342457591
33024,0.9674894610481122
33025,0.9675219553399181
33026,0.9675544171536713
33027,0.9675868465218336
33028,0.9676192434768343
33029,0.9676516080510703
33030,0.9676839402769063
33031,0.9677162401866745
33032,0.9677485078126747
33033,0.9667812429372997
33034,0.9668144450932844
33035,0.9668476140637059
33036,0.9668807498817332
33037,0.9669138525805021
33038,0.9659474219432402
33039,0.9659814575035168
33040,0.9660154590452424
33041,0.9660494266024187
33042,0.9650838599591379
33043,0.9651187586498334
33044,0.9651536224592788
33045,0.965188451422338
33046,0.9652232455738399
33047,0.9652580049485786
33048,0.9652927295813136
33049,0.9653274195067696
33050,0.9653620747596364
33051,0.9653966953745693
33052,0.9654312813861889
33053,0.9654658328290813
33054,0.9655003497377979
33055,0.9655348321468555
33056,0.9655692800907367
33057,0.9646041933540144
33058,0.9646395714716015
33059,0.9646749142287513
33060,0.9647102216608066
33061,0.9647454938030746
33062,0.9647807306908277
33063,0.9648159323593026
33064,0.9648510988437011
33065,0.9648862301791897
33066,0.9649213264008997
33067,0.9649563875439272
33068,0.9649914136433336
33069,0.9650264047341449
33070,0.9650613608513522
33071,0.9650962820299116
33072,0.9651311683047443
33073,0.9651660197107366
33074,0.9652008362827398
33075,0.9652356180555707
33076,0.9652703650640109
33077,0.9653050773428075
33078,0.9653397549266727
33079,0.9653743978502842
33080,0.965409006148285
33081,0.9654435798552832
33082,0.9654781190058526
33083,0.9655126236345324
33084,0.9655470937758273
33085,0.9655815294642073
33086,0.9656159307341081
33087,0.9656502976199312
33088,0.9656846301560431
33089,0.9647194281269017
33090,0.9647546910673046
33091,0.9647899187623897
33092,0.9648251112473848
33093,0.9648602685574823
33094,0.9648953907278397
33095,0.964930477793579
33096,0.9649655297897873
33097,0.9650005467515167
33098,0.9650355287137841
33099,0.9650704757115713
33100,0.9651053877798257
33101,0.9651402649534591
33102,0.9651751072673487
33103,0.9652099147563369
33104,0.9652446874552311
33105,0.9652794253988041
33106,0.9653141286217938
33107,0.9653487971589034
33108,0.9653834310448016
33109,0.9654180303141222
33110,0.9654525950014644
33111,0.965487125141393
33112,0.9655216207684381
33113,0.9655560819170953
33114,0.9655905086218258
33115,0.9656249009170564
33116,0.9656592588371793
33117,0.9656935824165525
33118,0.9657278716894995
33119,0.9657621266903096
33120,0.9657963474532378
33121,0.965830534012505
33122,0.9648651861524226
33123,0.9649003034076425
33124,0.9649353855631572
33125,0.9649704326540486
33126,0.9650054447153639
33127,0.9650404217821151
33128,0.9650753638892794
33129,0.9651102710717988
33130,0.9651451433645806
33131,0.965179980802497
33132,0.9652147834203856
33133,0.9652495512530489
33134,0.9652842843352547
33135,0.9653189827017362
33136,0.9653536463871918
33137,0.965388275426285
33138,0.965422869853645
33139,0.9654574297038663
33140,0.9654919550115086
33141,0.9655264458110974
33142,0.9655609021371233
33143,0.9655953240240427
33144,0.9656297115062775
33145,0.9656640646182153
33146,0.9656983833942091
33147,0.9657326678685777
33148,0.9647674178257305
33149,0.9638031325505424
33150,0.9638393113286028
33151,0.9638754539459655
33152,0.9639115604387731
33153,0.9639476308431322
33154,0.963983665195113
33155,0.9640196635307501
33156,0.9640556258860417
33157,0.9640915522969502
33158,0.964127442799402
33159,0.9641632974292876
33160,0.9641991162224618
33161,0.9642348992147431
33162,0.9642706464419148
33163,0.9643063579397241
33164,0.9643420337438823
33165,0.9643776738900653
33166,0.9634137781640383
33167,0.9634503461019053
33168,0.9634868774901093
33169,0.9635233723651817
33170,0.9635598307636173
33171,0.9635962527218745
33172,0.9636326382763755
33173,0.9636689874635055
33174,0.9637053003196139
33175,0.9637415768810136
33176,0.963777817183981
33177,0.9638140212647567
33178,0.9638501891595446
33179,0.9638863209045125
33180,0.9639224165357924
33181,0.9639584760894797
33182,0.9639944996016342
33183,0.9640304871082792
33184,0.9640664386454024
33185,0.9641023542489553
33186,0.9641382339548534
33187,0.9641740777989766
33188,0.9642098858171685
33189,0.9642456580452373
33190,0.9642813945189552
33191,0.9643170952740587
33192,0.9643527603462486
33193,0.9643883897711899
33194,0.9644239835845121
33195,0.9644595418218089
33196,0.9644950645186388
33197,0.9645305517105242
33198,0.9645660034329524
33199,0.9646014197213753
33200,0.9646368006112089
33201,0.9646721461378344
33202,0.9647074563365972
33203,0.9647427312428074
33204,0.9647779708917401
33205,0.964813175318635
33206,0.9648483445586963
33207,0.9648834786470933
33208,0.9649185776189603
33209,0.9649536415093961
33210,0.9649886703534647
33211,0.9650236641861949
33212,0.9650586230425805
33213,0.9650935469575804
33214,0.9651284359661185
33215,0.9651632901030839
33216,0.9651981094033307
33217,0.9652328939016782
33218,0.965267643632911
33219,0.9653023586317786
33220,0.9653370389329962
33221,0.965371684571244
33222,0.9654062955811678
33223,0.9654408719973785
33224,0.9654754138544526
33225,0.9655099211869319
33226,0.9655443940293238
33227,0.9655788324161011
33228,0.9656132363817022
33229,0.965647605960531
33230,0.9656819411869573
33231,0.9657162420953161
33232,0.9657505087199085
33233,0.9657847410950011
33234,0.9658189392548262
33235,0.965853103233582
33236,0.9658872330654324
33237,0.9659213287845074
33238,0.9659553904249027
33239,0.96598941802068
33240,0.9660234116058667
33241,0.9660573712144566
33242,0.9660912968804092
33243,0.9661251886376502
33244,0.9661590465200713
33245,0.9661928705615306
33246,0.9662266607958518
33247,0.9662604172568255
33248,0.966294139978208
33249,0.966327828993722
33250,0.9663614843370567
33251,0.9663951060418673
33252,0.9664286941417755
33253,0.9664622486703693
33254,0.9664957696612035
33255,0.966529257147799
33256,0.9665627111636433
33257,0.9665961317421904
33258,0.9666295189168609
33259,0.9666628727210419
33260,0.9666961931880873
33261,0.9667294803513176
33262,0.9667627342440199
33263,0.9667959548994481
33264,0.966829142350823
33265,0.9668622966313318
33266,0.9668954177741291
33267,0.9669285058123359
33268,0.9669615607790403
33269,0.9669945827072971
33270,0.9660280713802534
33271,0.9660620263313976
33272,0.9660959473445596
33273,0.9651303342037855
33274,0.9651651864434618
33275,0.9642005035984409
33276,0.9642362852040397
33277,0.9642720310459147
33278,0.9643077411598119
33279,0.9643434155814412
33280,0.9643790543464773
33281,0.9644146574905588
33282,0.9644502250492888
33283,0.964485757058235
33284,0.9645212535529294
33285,0.9645567145688685
33286,0.9645921401415133
33287,0.9646275303062893
33288,0.9646628850985869
33289,0.9646982045537608
33290,0.9647334887071303
33291,0.9637692373441047
33292,0.9638054500004324
33293,0.9638416264622011
33294,0.9638777667655871
33295,0.963913870946731
33296,0.9639499390417368
33297,0.9639859710866725
33298,0.9640219671175704
33299,0.9640579271704264
33300,0.9640938512812005
33301,0.964129739485817
33302,0.964165591820164
33303,0.9642014083200939
33304,0.9642371890214232
33305,0.9642729339599325
33306,0.9643086431713669
33307,0.9643443166914355
33308,0.9643799545558118
33309,0.9644155568001338
33310,0.9644511234600037
33311,0.9644866545709883
33312,0.9645221501686184
33313,0.9645576102883899
33314,0.9645930349657629
33315,0.9646284242361619
33316,0.9646637781349764
33317,0.9646990966975602
33318,0.9647343799592317
33319,0.9647696279552744
33320,0.9648048407209363
33321,0.9648400182914302
33322,0.9648751607019335
33323,0.9649102679875887
33324,0.9649453401835032
33325,0.9649803773247491
33326,0.9650153794463635
33327,0.9650503465833487
33328,0.9650852787706716
33329,0.9651201760432646
33330,0.965155038436025
33331,0.9651898659838151
33332,0.9652246587214625
33333,0.9652594166837598
33334,0.9652941399054652
33335,0.9653288284213019
33336,0.9653634822659583
33337,0.9653981014740882
33338,0.9654326860803111
33339,0.9654672361192113
33340,0.965501751625339
33341,0.9655362326332098
33342,0.9655706791773045
33343,0.9656050912920698
33344,0.9656394690119179
33345,0.9656738123712263
33346,0.9657081214043385
33347,0.9657423961455636
33348,0.9657766366291762
33349,0.965810842889417
33350,0.964845514710617
33351,0.964880651627448
33352,0.9649157534249218
33353,0.9649508201381403
33354,0.9649858518021701
33355,0.9650208484520431
33356,0.9650558101227557
33357,0.9650907368492696
33358,0.9651256286665117
33359,0.9651604856093738
33360,0.9651953077127128
33361,0.9652300950113507
33362,0.9642653472902
33363,0.9643010640845127
33364,0.9643367451798804
33365,0.9643723906119845
33366,0.9644080004164703
33367,0.9644435746289476
33368,0.9644791132849906
33369,0.964514616420138
33370,0.9645500840698931
33371,0.9645855162697232
33372,0.9646209130550608
33373,0.9646562744613026
33374,0.9646916005238101
33375,0.9647268912779092
33376,0.9647621467588908
33377,0.9647973670020104
33378,0.9648325520424881
33379,0.9648677019155091
33380,0.9649028166562232
33381,0.9649378962997452
33382,0.9649729408811548
33383,0.9650079504354965
33384,0.9650429249977799
33385,0.9650778646029795
33386,0.9641132690361599
33387,0.9641491378327255
33388,0.9641849707784199
33389,0.9642207679090762
33390,0.9642565292604914
33391,0.964292254868427
33392,0.9643279447686084
33393,0.9643635989967257
33394,0.9643992175884332
33395,0.9644348005793493
33396,0.964470348005057
33397,0.9645058599011039
33398,0.9645413363030019
33399,0.9645767772462273
33400,0.9646121827662211
33401,0.9646475528983888
33402,0.9646828876781005
33403,0.9647181871406911
33404,0.9647534513214601
33405,0.9647886802556715
33406,0.9648238739785544
33407,0.9638595322754274
33408,0.9638956546819487
33409,0.9639317409841157
33410,0.9639677912180147
33411,0.9640038054196958
33412,0.9640397836251733
33413,0.9640757258704254
33414,0.9641116321913945
33415,0.9641475026239869
33416,0.9641833372040728
33417,0.964219135967487
33418,0.9642548989500282
33419,0.9642906261874595
33420,0.964326317715508
33421,0.9643619735698653
33422,0.9633980935363122
33423,0.9634346771509685
33424,0.9634712242002929
33425,0.9635077347208323
33426,0.9635442087490973
33427,0.9635806463215619
33428,0.9636170474746638
33429,0.963653412244804
33430,0.9636897406683474
33431,0.9637260327816225
33432,0.9637622886209213
33433,0.9637985082224996
33434,0.9638346916225771
33435,0.9638708388573372
33436,0.963906949962927
33437,0.9639430249754578
33438,0.9639790639310045
33439,0.9640150668656062
33440,0.9630515335653907
33441,0.9630884635668246
33442,0.9631253566567128
33443,0.9631622128719485
33444,0.9631990322493879
33445,0.9632358148258502
33446,0.9632725606381182
33447,0.9633092697229376
33448,0.9633459421170176
33449,0.9633825778570306
33450,0.9634191769796123
33451,0.9634557395213619
33452,0.9634922655188418
33453,0.9635287550085782
33454,0.9635652080270604
33455,0.9636016246107415
33456,0.9636380047960381
33457,0.9636743486193304
33458,0.9637106561169623
33459,0.9637469273252411
33460,0.9637831622804383
33461,0.9638193610187886
33462,0.963855523576491
33463,0.9638916499897079
33464,0.9639277402945657
33465,0.9629642942772798
33466,0.9630013114744039
33467,0.9620387914229552
33468,0.9620767336604136
33469,0.9621146379745961
33470,0.962152504403407
33471,0.962190332984713
33472,0.9622281237563425
33473,0.9622658767560862
33474,0.9623035920216974
33475,0.9623412695908911
33476,0.962378909501345
33477,0.962416511790699
33478,0.9624540764965553
33479,0.9624916036564788
33480,0.9625290933079965
33481,0.9625665454885982
33482,0.962603960235736
33483,0.9626413375868248
33484,0.9626786775792417
33485,0.962715980250327
33486,0.9627532456373832
33487,0.9627904737776757
33488,0.9628276647084326
33489,0.962864818466845
33490,0.9629019350900666
33491,0.9619395143653389
33492,0.961977555830241
33493,0.9620155592726896
33494,0.9620535247306878
33495,0.9620914522422014
33496,0.9621293418451577
33497,0.9621671935774464
33498,0.9622050074769192
33499,0.96224278358139
33500,0.962280521928635
33501,0.9623182225563924
33502,0.9623558855023631
33503,0.9623935108042098
33504,0.9624310984995579
33505,0.9624686486259951
33506,0.9625061612210716
33507,0.9625436363222999
33508,0.9625810739671552
33509,0.9626184741930751
33510,0.9626558370374598
33511,0.9616936622877972
33512,0.9617319494819123
33513,0.9617701984079674
33514,0.9618084091042113
33515,0.9618465816088547
33516,0.9618847159600703
33517,0.9619228121959923
33518,0.9619608703547169
33519,0.9619988904743024
33520,0.9620368725927689
33521,0.9620748167480985
33522,0.9621127229782354
33523,0.9621505913210857
33524,0.9621884218145179
33525,0.9622262144963625
33526,0.9622639694044121
33527,0.9623016865764217
33528,0.9623393660501084
33529,0.9623770078631517
33530,0.9624146120531936
33531,0.962452178657838
33532,0.9624897077146518
33533,0.9625271992611639
33534,0.962564653334866
33535,0.962602069973212
33536,0.9626394492136185
33537,0.962676791093465
33538,0.9627140956500932
33539,0.9627513629208078
33540,0.9627885929428759
33541,0.9628257857535277
33542,0.962862941389956
33543,0.9629000598893164
33544,0.9629371412887273
33545,0.9629741856252703
33546,0.9630111929359896
33547,0.9630481632578927
33548,0.9630850966279497
33549,0.9631219930830942
33550,0.9631588526602225
33551,0.9631956753961943
33552,0.9632324613278324
33553,0.9632692104919225
33554,0.9633059229252139
33555,0.9633425986644191
33556,0.9633792377462137
33557,0.963415840207237
33558,0.9624529058342163
33559,0.9624904341642171
33560,0.9625279249846427
33561,0.9625653783329838
33562,0.961603293996819
33563,0.9616416715140635
33564,0.96168001067297
33565,0.9617183115118776
33566,0.9617565740690871
33567,0.9617947983828611
33568,0.961832984491424
33569,0.9618711324329617
33570,0.9619092422456225
33571,0.9619473139675159
33572,0.9619853476367137
33573,0.9620233432912497
33574,0.9620613009691196
33575,0.9620992207082809
33576,0.9621371025466534
33577,0.962174946522119
33578,0.9622127526725217
33579,0.9622505210356677
33580,0.9622882516493252
33581,0.9623259445512249
33582,0.9623635997790597
33583,0.9624012173704849
33584,0.9624387973631181
33585,0.9624763397945393
33586,0.9625138447022908
33587,0.9625513121238778
33588,0.9625887420967675
33589,0.9626261346583899
33590,0.9626634898461376
33591,0.9627008076973659
33592,0.9627380882493926
33593,0.9627753315394981
33594,0.9628125376049259
33595,0.962849706482882
33596,0.9628868382105353
33597,0.9629239328250175
33598,0.9629609903634233
33599,0.9629980108628102
33600,0.9630349943601987
33601,0.9630719408925723
33602,0.9631088504968776
33603,0.9621462229601491
33604,0.9621840578197591
33605,0.9622218548634175
33606,0.9622596141289214
33607,0.9622973356540299
33608,0.9623350194764646
33609,0.9623726656339094
33610,0.9624102741640105
33611,0.9624478451043763
33612,0.9624853784925779
33613,0.9625228743661485
33614,0.9625603327625841
33615,0.9625977537193432
33616,0.9626351372738466
33617,0.962672483463478
33618,0.9627097923255835
33619,0.962747063897472
33620,0.9627842982164151
33621,0.9618219950697721
33622,0.9618601539952396
33623,0.9618982747808515
33624,0.9619363574647287
33625,0.9619744020849539
33626,0.9620124086795716
33627,0.9620503772865885
33628,0.9620883079439732
33629,0.9621262006896564
33630,0.9621640555615307
33631,0.9622018725974513
33632,0.962239651835235
33633,0.962277393312661
33634,0.962315097067471
33635,0.9623527631373686
33636,0.9623903915600199
33637,0.9624279823730534
33638,0.9624655356140598
33639,0.9625030513205924
33640,0.9625405295301671
33641,0.9625779702802619
33642,0.9626153736083176
33643,0.9626527395517376
33644,0.9626900681478877
33645,0.9627273594340967
33646,0.9627646134476558
33647,0.9628018302258191
33648,0.9618395095559282
33649,0.9618776509756625
33650,0.9619157542730381
33651,0.9619538194861585
33652,0.9619918466530889
33653,0.9620298358118564
33654,0.9620677870004503
33655,0.9621057002568216
33656,0.9621435756188838
33657,0.962181413124512
33658,0.962219212811544
33659,0.9622569747177794
33660,0.96229469888098
33661,0.96233238533887
33662,0.962370034129136
33663,0.9624076452894268
33664,0.9624452188573535
33665,0.9624827548704895
33666,0.962520253366371
33667,0.9625577143824966
33668,0.9625951379563272
33669,0.9626325241252864
33670,0.9626698729267604
33671,0.962707184398098
33672,0.9627444585766106
33673,0.9627816954995725
33674,0.9628188952042206
33675,0.9628560577277546
33676,0.9628931831073371
33677,0.9629302713800933
33678,0.9629673225831118
33679,0.9630043367534435
33680,0.9630413139281028
33681,0.9630782541440667
33682,0.9631151574382755
33683,0.9631520238476325
33684,0.9631888534090042
33685,0.96322564615922
33686,0.9632624021350729
33687,0.9632991213733186
33688,0.9633358039106766
33689,0.9633724497838294
33690,0.9634090590294228
33691,0.963445631684066
33692,0.9634821677843318
33693,0.9635186673667563
33694,0.963555130467839
33695,0.9635915571240431
33696,0.9636279473717951
33697,0.9636643012474855
33698,0.963700618787468
33699,0.9637369000280602
33700,0.9637731450055435
33701,0.9638093537561626
33702,0.9638455263161265
33703,0.9638816627216077
33704,0.9629182627588675
33705,0.9629553259645058
33706,0.9629923521254609
33707,0.9620298410288837
33708,0.9620677922122631
33709,0.9621057054634253
33710,0.9621435808202835
33711,0.962181418320713
33712,0.9622192180025514
33713,0.9622569799035983
33714,0.9622947040616157
33715,0.9623323905143277
33716,0.9613705390495458
33717,0.9614091492054183
33718,0.9614477207704304
33719,0.9614862537831536
33720,0.9615247482821209
33721,0.9615632043058269
33722,0.9616016218927276
33723,0.9616400010812406
33724,0.9616783419097451
33725,0.9617166444165819
33726,0.9617549086400535
33727,0.9617931346184243
33728,0.9618313223899201
33729,0.9618694719927288
33730,0.9619075834649999
33731,0.961945656844845
33732,0.9619836921703374
33733,0.9620216894795125
33734,0.9620596488103675
33735,0.962097570200862
33736,0.9621354536889171
33737,0.9621732993124164
33738,0.9622111071092055
33739,0.9622488771170924
33740,0.9622866093738469
33741,0.9623243039172014
33742,0.9623619607848504
33743,0.9623995800144507
33744,0.9624371616436217
33745,0.9624747057099449
33746,0.9625122122509644
33747,0.9625496813041868
33748,0.9625871129070812
33749,0.9626245070970791
33750,0.9616623636616998
33751,0.9617006821387996
33752,0.9617389623165719
33753,0.9617772042332969
33754,0.9618154079272166
33755,0.9618535734365348
33756,0.9618917007994168
33757,0.96192979005399
33758,0.9609683409884688
33759,0.961007353141404
33760,0.9600468260518074
33761,0.9600867592591519
33762,0.9601266525532457
33763,0.9601665059739821
33764,0.9602063195612145
33765,0.9602460933547565
33766,0.960285827394382
33767,0.9593260214699498
33768,0.9593666751216541
33769,0.9594072881400232
33770,0.9594478605656703
33771,0.959488392439168
33772,0.9595288838010478
33773,0.9595693346918014
33774,0.9596097451518796
33775,0.9596501152216927
33776,0.959690444941611
33777,0.9597307343519642
33778,0.9597709834930417
33779,0.9598111924050926
33780,0.9598513611283259
33781,0.9598914897029103
33782,0.9599315781689743
33783,0.9599716265666065
33784,0.9600116349358553
33785,0.960051603316729
33786,0.960091531749196
33787,0.9601314202731849
33788,0.960171268928584
33789,0.9602110777552421
33790,0.9602508467929679
33791,0.9602905760815307
33792,0.9603302656606596
33793,0.9603699155700443
33794,0.9604095258493346
33795,0.9604490965381408
33796,0.9604886276760337
33797,0.9605281193025444
33798,0.9605675714571645
33799,0.9606069841793463
33800,0.9606463575085024
33801,0.9606856914840061
33802,0.9607249861451914
33803,0.9607642415313531
33804,0.9608034576817466
33805,0.9608426346355879
33806,0.9608817724320541
33807,0.9609208711102829
33808,0.960959930709373
33809,0.9609989512683842
33810,0.9610379328263369
33811,0.9610768754222127
33812,0.961115779094954
33813,0.9611546438834648
33814,0.9611934698266098
33815,0.9612322569632149
33816,0.9612710053320672
33817,0.9613097149719152
33818,0.9613483859214685
33819,0.9613870182193981
33820,0.9614256119043362
33821,0.9614641670148766
33822,0.9615026835895744
33823,0.9615411616669461
33824,0.9615796012854699
33825,0.9616180024835854
33826,0.9616563652996938
33827,0.9606951895222828
33828,0.9607344746901766
33829,0.9607737205925352
33830,0.9608129272686046
33831,0.9598525945077164
33832,0.9598927218495378
33833,0.959932809084071
33834,0.9599728562514033
33835,0.9600128633915818
33836,0.9600528305446137
33837,0.9600927577504661
33838,0.9601326450490664
33839,0.9601724924803017
33840,0.9602123000840195
33841,0.9602520679000275
33842,0.9602917959680934
33843,0.9603314843279455
33844,0.9603711330192719
33845,0.9604107420817214
33846,0.9604503115549031
33847,0.9604898414783865
33848,0.9605293318917014
33849,0.9605687828343384
33850,0.9606081943457484
33851,0.9606475664653429
33852,0.960686899232494
33853,0.9607261926865345
33854,0.9607654468667578
33855,0.9608046618124182
33856,0.9608438375627306
33857,0.9608829741568709
33858,0.9609220716339755
33859,0.9609611300331419
33860,0.9610001493934286
33861,0.961039129753855
33862,0.9610780711534014
33863,0.9611169736310092
33864,0.961155837225581
33865,0.9611946619759801
33866,0.9612334479210316
33867,0.9612721950995213
33868,0.9603114033003214
33869,0.9603510720626399
33870,0.9603907011760205
33871,0.9604302906800924
33872,0.9604698406144452
33873,0.9605093510186287
33874,0.9605488219321533
33875,0.9605882533944899
33876,0.9606276454450702
33877,0.960666998123286
33878,0.9607063114684902
33879,0.9607455855199959
33880,0.9607848203170773
33881,0.9608240158989694
33882,0.9608631723048675
33883,0.9609022895739281
33884,0.9609413677452685
33885,0.9609804068579669
33886,0.9610194069510624
33887,0.961058368063555
33888,0.961097290234406
33889,0.9611361735025375
33890,0.9611750179068329
33891,0.9612138234861364
33892,0.9612525902792537
33893,0.9612913183249516
33894,0.9613300076619582
33895,0.9613686583289628
33896,0.961407270364616
33897,0.96144584380753
33898,0.961484378696278
33899,0.9615228750693952
33900,0.9615613329653777
33901,0.9615997524226837
33902,0.9616381334797325
33903,0.9616764761749051
33904,0.9617147805465445
33905,0.9617530466329547
33906,0.961791274472402
33907,0.9618294641031142
33908,0.961867615563281
33909,0.9619057288910539
33910,0.961943804124546
33911,0.9619818413018328
33912,0.9620198404609515
33913,0.9620578016399011
33914,0.9620957248766427
33915,0.9621336102090998
33916,0.9621714576751577
33917,0.9622092673126638
33918,0.9622470391594277
33919,0.9622847732532214
33920,0.9623224696317789
33921,0.9623601283327966
33922,0.9623977493939332
33923,0.9624353328528098
33924,0.9624728787470099
33925,0.9625103871140794
33926,0.9625478579915266
33927,0.9625852914168225
33928,0.9626226874274003
33929,0.9626600460606562
33930,0.962697367353949
33931,0.9627346513445997
33932,0.9627718980698924
33933,0.9628091075670739
33934,0.9628462798733537
33935,0.962883415025904
33936,0.9629205130618601
33937,0.96295757401832
33938,0.9629945979323448
33939,0.9630315848409581
33940,0.9630685347811471
33941,0.9631054477898615
33942,0.9631423239040146
33943,0.9631791631604824
33944,0.963215965596104
33945,0.9632527312476821
33946,0.9632894601519822
33947,0.9633261523457334
33948,0.9633628078656277
33949,0.9633994267483207
33950,0.9634360090304314
33951,0.9634725547485419
33952,0.963509063939198
33953,0.963545536638909
33954,0.9635819728841475
33955,0.9636183727113498
33956,0.9636547361569157
33957,0.9636910632572085
33958,0.9637273540485557
33959,0.9637636085672477
33960,0.9637998268495394
33961,0.9638360089316488
33962,0.9638721548497581
33963,0.9639082646400132
33964,0.963944338338524
33965,0.9639803759813641
33966,0.9640163776045712
33967,0.9640523432441468
33968,0.9640882729360567
33969,0.9631246664663555
33970,0.9631615233714367
33971,0.9621988431881568
33972,0.9622366254538358
33973,0.9622743699561308
33974,0.9623120767327863
33975,0.9623497458215091
33976,0.9623873772599684
33977,0.9624249710857955
33978,0.9614630270867093
33979,0.9615015448007656
33980,0.961540024016357
33981,0.9615784647719628
33982,0.9616168671060239
33983,0.9616552310569424
33984,0.9616935566630824
33985,0.9617318439627695
33986,0.961770092994291
33987,0.9618083037958959
33988,0.961846476405795
33989,0.961884610862161
33990,0.9619227072031284
33991,0.9619607654667934
33992,0.9619987856912144
33993,0.9620367679144116
33994,0.9620747121743672
33995,0.9621126185090255
33996,0.9621504869562929
33997,0.9621883175540378
33998,0.9622261103400908
33999,0.9622638653522446
34000,0.9623015826282544
34001,0.9623392622058373
34002,0.9623769041226731
34003,0.9624145084164035
34004,0.962452075124633
34005,0.9624896042849282
34006,0.9625270959348183
34007,0.962564550111795
34008,0.9626019668533125
34009,0.9626393461967874
34010,0.9626766881795992
34011,0.9627139928390899
34012,0.9627512602125641
34013,0.9627884903372892
34014,0.9628256832504953
34015,0.9628628389893754
34016,0.9628999575910852
34017,0.9629370390927432
34018,0.9629740835314311
34019,0.9630110909441932
34020,0.9630480613680371
34021,0.9630849948399332
34022,0.9631218913968148
34023,0.9631587510755786
34024,0.9631955739130843
34025,0.9632323599461546
34026,0.9632691092115758
34027,0.963305821746097
34028,0.9633424975864308
34029,0.9633791367692529
34030,0.9634157393312027
34031,0.9634523053088827
34032,0.9634888347388588
34033,0.9635253276576605
34034,0.9635617841017808
34035,0.9635982041076762
34036,0.9636345877117665
34037,0.9636709349504353
34038,0.9637072458600301
34039,0.9637435204768616
34040,0.9637797588372046
34041,0.9638159609772973
34042,0.963852126933342
34043,0.9638882567415046
34044,0.9639243504379149
34045,0.9639604080586667
34046,0.9639964296398175
34047,0.9640324152173889
34048,0.9640683648273666
34049,0.9641042785057
34050,0.964140156288303
34051,0.9641759982110533
34052,0.9642118043097928
34053,0.9642475746203277
34054,0.9642833091784283
34055,0.9643190080198292
34056,0.9643546711802291
34057,0.9643902986952914
34058,0.9644258906006434
34059,0.9644614469318772
34060,0.964496967724549
34061,0.9645324530141796
34062,0.9645679028362544
34063,0.9646033172262232
34064,0.9636391959696252
34065,0.9636755386023392
34066,0.9637118449105828
34067,0.9637481149306621
34068,0.9637843486988474
34069,0.9638205462513724
34070,0.9638567076244344
34071,0.9638928328541951
34072,0.9639289219767796
34073,0.963964975028277
34074,0.9640009920447405
34075,0.964036973062187
34076,0.9640729181165977
34077,0.9641088272439174
34078,0.9641447004800554
34079,0.964180537860885
34080,0.9642163394222434
34081,0.9642521051999323
34082,0.9642878352297175
34083,0.964323529547329
34084,0.9643591881884611
34085,0.9643948111887725
34086,0.9644303985838861
34087,0.9644659504093895
34088,0.9645014667008345
34089,0.9645369474937372
34090,0.9645723928235785
34091,0.9646078027258038
34092,0.964643177235823
34093,0.9646785163890106
34094,0.9637143199708307
34095,0.9627510872672117
34096,0.9627883175647957
34097,0.9628255106506879
34098,0.9618631663122065
34099,0.9619012840870068
34100,0.9619393637630818
34101,0.961977405378511
34102,0.9620154089713361
34103,0.9620533745795606
34104,0.9620913022411502
34105,0.9621291919940327
34106,0.9621670438760976
34107,0.9622048579251969
34108,0.9622426341791448
34109,0.9622803726757173
34110,0.9623180734526531
34111,0.9613562362977779
34112,0.9613948607492544
34113,0.9614334465955819
34114,0.9614719938753464
34115,0.9615105026270953
34116,0.961548972889337
34117,0.9615874047005422
34118,0.9616257980991423
34119,0.9616641531235309
34120,0.9617024698120631
34121,0.9617407482030556
34122,0.9617789883347866
34123,0.9618171902454965
34124,0.9618553539733871
34125,0.9618934795566221
34126,0.961931567033327
34127,0.9619696164415896
34128,0.9620076278194591
34129,0.962045601204947
34130,0.9620835366360265
34131,0.9621214341506332
34132,0.9621592937866645
34133,0.9621971155819802
34134,0.962234899574402
34135,0.9622726458017139
34136,0.9613108540517872
34137,0.9613495238628299
34138,0.9613881550233868
34139,0.9614267475720891
34140,0.9614653015475293
34141,0.9615038169882614
34142,0.9605427936829258
34143,0.9605822311704991
34144,0.9606216292402937
34145,0.9606609879317077
34146,0.9607003072840998
34147,0.9607395873367894
34148,0.9607788281290565
34149,0.9598185294502668
34150,0.9598586908401217
34151,0.9598988120886572
34152,0.9599388932359949
34153,0.9599789343222158
34154,0.960018935387361
34155,0.9600588964714316
34156,0.9600988176143888
34157,0.9601386988561534
34158,0.9601785402366071
34159,0.960218341795591
34160,0.9602581035729068
34161,0.9602978256083161
34162,0.9603375079415412
34163,0.9603771506122643
34164,0.960416753660128
34165,0.9604563171247356
34166,0.9604958410456503
34167,0.9605353254623963
34168,0.9605747704144578
34169,0.96061417594128
34170,0.9606535420822682
34171,0.9606928688767886
34172,0.9607321563641681
34173,0.9597719043338191
34174,0.9598121123254895
34175,0.959852280129262
34176,0.9598924077853047
34177,0.9599324953337451
34178,0.9599725428146709
34179,0.9600125502681295
34180,0.9600525177341284
34181,0.9600924452526349
34182,0.9601323328635768
34183,0.9601721806068416
34184,0.9602119885222771
34185,0.9602517566496911
34186,0.9602914850288519
34187,0.9603311736994877
34188,0.9603708227012874
34189,0.9604104320738998
34190,0.9604500018569343
34191,0.9604895320899608
34192,0.9605290228125095
34193,0.9605684740640712
34194,0.9606078858840971
34195,0.959647758062124
34196,0.9596880901380239
34197,0.9597283819020039
34198,0.9597686333943558
34199,0.959808844655331
34200,0.9598490157251408
34201,0.9598891466439563
34202,0.9599292374519084
34203,0.9599692881890879
34204,0.9600092988955455
34205,0.9600492696112921
34206,0.9600892003762983
34207,0.960129091230495
34208,0.9601689422137728
34209,0.9602087533659829
34210,0.9602485247269364
34211,0.9602882563364048
34212,0.9603279482341195
34213,0.9603676004597725
34214,0.9604072130530161
34215,0.9604467860534629
34216,0.9604863195006859
34217,0.9605258134342184
34218,0.9595657676436794
34219,0.959606181669023
34220,0.9596465553005382
34221,0.9596868885785986
34222,0.9597271815435375
34223,0.9597674342356479
34224,0.9598076466951825
34225,0.9598478189623537
34226,0.9598879510773338
34227,0.959928043080255
34228,0.9599680950112093
34229,0.9600081069102485
34230,0.9600480788173847
34231,0.9600880107725898
34232,0.9601279028157955
34233,0.9601677549868942
34234,0.9602075673257379
34235,0.960247339872139
34236,0.96028707266587
34237,0.9603267657466638
34238,0.9603664191542133
34239,0.959406532678297
34240,0.9594471058590284
34241,0.9594876384868555
34242,0.9595281306023109
34243,0.9595685822458868
34244,0.9586094932081598
34245,0.9586508630300407
34246,0.9586921915027743
34247,0.957733978417814
34248,0.9577762233169467
34249,0.957818425992292
34250,0.9578605864860529
34251,0.9569032045905146
34252,0.9569462798482952
34253,0.9569893120523448
34254,0.9570323012456958
34255,0.9570752474713373
34256,0.9571181507722155
34257,0.9571610111912338
34258,0.9572038287712525
34259,0.9572466035550894
34260,0.9572893355855191
34261,0.9573320249052737
34262,0.9563751713071675
34263,0.9564187743343467
34264,0.9564623337802894
34265,0.956505849688555
34266,0.9565493221026594
34267,0.956592751066075
34268,0.9566361366222308
34269,0.9566794788145124
34270,0.956722777686262
34271,0.9567660332807785
34272,0.9568092456413174
34273,0.9568524148110912
34274,0.956895540833269
34275,0.9569386237509768
34276,0.9569816636072976
34277,0.9570246604452713
34278,0.9560681140580197
34279,0.9561120239889962
34280,0.9561558900319858
34281,0.9561997122308543
34282,0.9562434906294242
34283,0.9562872252714737
34284,0.9563309162007376
34285,0.9563745634609068
34286,0.9564181670956285
34287,0.9564617271485065
34288,0.9565052436631007
34289,0.9565487166829277
34290,0.9565921462514605
34291,0.9566355324121287
34292,0.9566788752083185
34293,0.9567221746833726
34294,0.9567654308805906
34295,0.9568086438432287
34296,0.9568518136144999
34297,0.9568949402375738
34298,0.9569380237555772
34299,0.9569810642115937
34300,0.9570240616486636
34301,0.9570670161097844
34302,0.9571099276379106
34303,0.9571527962759536
34304,0.9571956220667822
34305,0.9572384050532222
34306,0.9572811452780566
34307,0.9573238427840256
34308,0.9563669973639516
34309,0.9564106085609891
34310,0.9564541761686244
34311,0.9564977002304249
34312,0.9565411807899148
34313,0.9565846178905746
34314,0.9566280115758414
34315,0.956671361889109
34316,0.9567146688737276
34317,0.9567579325730042
34318,0.9568011530302026
34319,0.9568443302885432
34320,0.9568874643912033
34321,0.9569305553813171
34322,0.9569736033019755
34323,0.9570166081962264
34324,0.9570595701070747
34325,0.9571024890774824
34326,0.9571453651503685
34327,0.957188198368609
34328,0.9572309887750372
34329,0.9572737364124435
34330,0.9573164413235755
34331,0.9573591035511382
34332,0.9574017231377937
34333,0.9574443001261618
34334,0.9574868345588193
34335,0.9575293264783008
34336,0.9575717759270981
34337,0.9576141829476607
34338,0.9576565475823956
34339,0.9576988698736676
34340,0.9577411498637989
34341,0.9577833875950694
34342,0.957825583109717
34343,0.9578677364499372
34344,0.9579098476578832
34345,0.9579519167756665
34346,0.957993943845356
34347,0.9580359289089788
34348,0.95807787200852
34349,0.9581197731859228
34350,0.9581616324830883
34351,0.9582034499418758
34352,0.9582452256041027
34353,0.958286959511545
34354,0.9583286517059362
34355,0.9583703022289687
34356,0.9584119111222931
34357,0.9584534784275182
34358,0.9584950041862113
34359,0.9585364884398982
34360,0.9585779312300633
34361,0.9586193325981492
34362,0.9586606925855574
34363,0.9587020112336478
34364,0.9587432885837391
34365,0.9587845246771087
34366,0.9588257195549926
34367,0.9588668732585859
34368,0.958907985829042
34369,0.9589490573074737
34370,0.9589900877349525
34371,0.9590310771525088
34372,0.9590720256011319
34373,0.9591129331217705
34374,0.9591537997553319
34375,0.9581951252928078
34376,0.9582369092755236
34377,0.9582786514951382
34378,0.9583203519933939
34379,0.9583620108119912
34380,0.9584036279925889
34381,0.9584452035768042
34382,0.9584867376062127
34383,0.9585282301223484
34384,0.9585696811667039
34385,0.9586110907807303
34386,0.958652459005837
34387,0.9586937858833924
34388,0.9587350714547234
34389,0.9587763157611154
34390,0.9588175188438129
34391,0.958858680744019
34392,0.9588998015028956
34393,0.9589408811615633
34394,0.9589819197611019
34395,0.9590229173425501
34396,0.9590638739469054
34397,0.9591047896151244
34398,0.9591456643881228
34399,0.9591864983067753
34400,0.9592272914119159
34401,0.9592680437443377
34402,0.9593087553447931
34403,0.9593494262539937
34404,0.9593900565126103
34405,0.9594306461612734
34406,0.9594711952405724
34407,0.9595117037910567
34408,0.9595521718532345
34409,0.9595925994675741
34410,0.9596329866745031
34411,0.9596733335144086
34412,0.9597136400276376
34413,0.9597539062544965
34414,0.9597941322352517
34415,0.959834318010129
34416,0.9598744636193143
34417,0.9599145691029531
34418,0.959954634501151
34419,0.9599946598539735
34420,0.9600346452014458
34421,0.9600745905835533
34422,0.9591149957903663
34423,0.95915586036229
34424,0.9591966840900638
34425,0.9592374670145115
34426,0.959278209176416
34427,0.9593189106165195
34428,0.9593595713755235
34429,0.9594001914940887
34430,0.9594407710128353
34431,0.9594813099723427
34432,0.9595218084131499
34433,0.9595622663757555
34434,0.9596026839006173
34435,0.9596430610281529
34436,0.9596833977987395
34437,0.9597236942527138
34438,0.9597639504303722
34439,0.9598041663719711
34440,0.9598443421177262
34441,0.9598844777078134
34442,0.9599245731823682
34443,0.9599646285814863
34444,0.960004643945223
34445,0.9600446193135936
34446,0.9600845547265735
34447,0.9601244502240982
34448,0.9601643058460632
34449,0.9602041216323239
34450,0.9602438976226965
34451,0.9602836338569566
34452,0.9603233303748406
34453,0.9593634869661701
34454,0.9594041031711015
34455,0.9594446787801258
34456,0.9594852138338189
34457,0.9595257083727157
34458,0.9595661624373106
34459,0.959606576068058
34460,0.9596469493053713
34461,0.9596872821896238
34462,0.9597275747611484
34463,0.9597678270602378
34464,0.9598080391271441
34465,0.9598482110020795
34466,0.9598883427252158
34467,0.9599284343366848
34468,0.9599684858765782
34469,0.9600084973849474
34470,0.9600484689018041
34471,0.9600884004671196
34472,0.9601282921208256
34473,0.9601681439028138
34474,0.960207955852936
34475,0.960247728011004
34476,0.9602874604167901
34477,0.9603271531100267
34478,0.9603668061304065
34479,0.9604064195175824
34480,0.9604459933111681
34481,0.9604855275507371
34482,0.9605250222758238
34483,0.9605644775259229
34484,0.9596043930906146
34485,0.9596447685098144
34486,0.9596851035737726
34487,0.9597253983228242
34488,0.9597656527972642
34489,0.9598058670373469
34490,0.9598460410832866
34491,0.9598861749752574
34492,0.959926268753393
34493,0.9599663224577875
34494,0.9600063361284943
34495,0.9600463098055273
34496,0.9600862435288601
34497,0.9601261373384264
34498,0.9601659912741202
34499,0.9602058053757953
34500,0.9602455796832657
34501,0.9602853142363059
34502,0.9603250090746505
34503,0.9603646642379942
34504,0.9604042797659922
34505,0.9604438556982601
34506,0.9604833920743737
34507,0.9605228889338696
34508,0.9595628460663695
34509,0.9596032630118304
34510,0.9596436395605442
34511,0.9596839757528876
34512,0.9597242716291965
34513,0.959764527229767
34514,0.9598047425948547
34515,0.959844917764675
34516,0.9588855525295279
34517,0.9589266464300481
34518,0.9589676992572045
34519,0.9590087110520499
34520,0.959049681855596
34521,0.9590906117088138
34522,0.9591315006526331
34523,0.9591723487279428
34524,0.959213155975591
34525,0.959253922436385
34526,0.9592946481510912
34527,0.9593353331604355
34528,0.9593759775051027
34529,0.9594165812257373
34530,0.9594571443629429
34531,0.9584981667074077
34532,0.958539647800154
34533,0.9585810874325377
34534,0.9586224856459984
34535,0.9586638424819344
34536,0.9587051579817025
34537,0.9587464321866184
34538,0.9587876651379561
34539,0.9588288568769486
34540,0.9588700074447878
34541,0.9589111168826241
34542,0.958952185231567
34543,0.9589932125326849
34544,0.959034198827005
34545,0.9590751441555138
34546,0.9591160485591564
34547,0.9591569120788375
34548,0.9591977347554204
34549,0.9582390163798528
34550,0.9582807564934162
34551,0.9583224548877256
34552,0.9583641116044795
34553,0.9584057266853346
34554,0.958447300171906
34555,0.9584888321057672
34556,0.95853032252845
34557,0.9585717714814451
34558,0.9586131790062014
34559,0.9586545451441262
34560,0.9586958699365858
34561,0.9587371534249051
34562,0.9587783956503674
34563,0.9588195966542151
34564,0.9588607564776492
34565,0.9589018751618295
34566,0.9589429527478746
34567,0.9589839892768622
34568,0.9590249847898289
34569,0.9590659393277701
34570,0.9591068529316403
34571,0.9591477256423533
34572,0.9591885575007817
34573,0.9592293485477574
34574,0.9592700988240715
34575,0.9593108083704742
34576,0.9593514772276751
34577,0.9593921054363431
34578,0.9594326930371064
34579,0.9594732400705526
34580,0.9595137465772287
34581,0.9595542125976412
34582,0.9595946381722562
34583,0.9596350233414993
34584,0.9596753681457557
34585,0.9597156726253702
34586,0.9597559368206472
34587,0.9597961607718509
34588,0.9588368442693304
34589,0.9588779868537688
34590,0.9589190883161838
34591,0.9589601486976769
34592,0.9590011680393083
34593,0.9590421463820976
34594,0.959083083767023
34595,0.959123980235022
34596,0.959164835826991
34597,0.9592056505837856
34598,0.9582469242963455
34599,0.9582886565059443
34600,0.9583303470041893
34601,0.9583719958327708
34602,0.9584136030333377
34603,0.9584551686474972
34604,0.958496692716815
34605,0.9585381752828153
34606,0.9585796163869804
34607,0.9586210160707516
34608,0.9586623743755284
34609,0.9587036913426693
34610,0.9587449670134912
34611,0.9587862014292698
34612,0.9588273946312396
34613,0.9588685466605936
34614,0.9589096575584841
34615,0.9589507273660218
34616,0.9589917561242767
34617,0.9590327438742774
34618,0.9590736906570118
34619,0.9591145965134266
34620,0.9591554614844277
34621,0.95919628561088
34622,0.9592370689336077
34623,0.9592778114933942
34624,0.9593185133309821
34625,0.9593591744870731
34626,0.9593997950023284
34627,0.9594403749173686
34628,0.9594809142727735
34629,0.9595214131090826
34630,0.9595618714667946
34631,0.959602289386368
34632,0.9596426669082208
34633,0.9596830040727303
34634,0.9597233009202338
34635,0.9597635574910282
34636,0.95980377382537
34637,0.9598439499634756
34638,0.9598840859455211
34639,0.9599241818116425
34640,0.9599642376019357
34641,0.9600042533564566
34642,0.9600442291152207
34643,0.959084664668329
34644,0.9591255595562167
34645,0.9591664135696538
34646,0.9592072267494942
34647,0.9592479991365512
34648,0.9592887307715972
34649,0.9593294216953637
34650,0.9593700719485417
34651,0.9594106815717816
34652,0.9594512506056928
34653,0.9594917790908445
34654,0.9595322670677652
34655,0.9595727145769428
34656,0.959613121658825
34657,0.9596534883538186
34658,0.9596938147022905
34659,0.9587346004946921
34660,0.9587758452718088
34661,0.9588170488247605
34662,0.9588582111947507
34663,0.9588993324229418
34664,0.95794091230058
34665,0.9579829503692451
34666,0.95802494642085
34667,0.9580669004973908
34668,0.9581088126408217
34669,0.9581506828930547
34670,0.9581925112959602
34671,0.9582342978913665
34672,0.9582760427210603
34673,0.9583177458267863
34674,0.9583594072502478
34675,0.9584010270331061
34676,0.9584426052169811
34677,0.9584841418434509
34678,0.9585256369540521
34679,0.95856709059028
34680,0.9586085027935881
34681,0.9586498736053887
34682,0.9586912030670525
34683,0.958732491219909
34684,0.9587737381052465
34685,0.9588149437643116
34686,0.9588561082383104
34687,0.958897231568407
34688,0.9589383137957249
34689,0.9589793549613463
34690,0.9590203551063126
34691,0.9590613142716236
34692,0.9591022324982387
34693,0.9591431098270761
34694,0.959183946299013
34695,0.959224741954886
34696,0.9592654968354909
34697,0.9593062109815823
34698,0.9593468844338746
34699,0.9593875172330412
34700,0.9594281094197148
34701,0.9594686610344877
34702,0.9595091721179115
34703,0.9595496427104974
34704,0.9595900728527158
34705,0.959630462584997
34706,0.9596708119477306
34707,0.9597111209812661
34708,0.9597513897259126
34709,0.9597916182219386
34710,0.9598318065095728
34711,0.9598719546290035
34712,0.9599120626203789
34713,0.9599521305238068
34714,0.9599921583793553
34715,0.960032146227052
34716,0.9600720941068851
34717,0.9601120020588022
34718,0.9601518701227114
34719,0.9601916983384808
34720,0.9602314867459386
34721,0.9602712353848732
34722,0.9603109442950333
34723,0.9603506135161277
34724,0.9603902430878257
34725,0.9604298330497569
34726,0.9604693834415113
34727,0.9605088943026393
34728,0.9605483656726517
34729,0.9605877975910199
34730,0.9606271900971758
34731,0.9606665432305119
34732,0.9607058570303815
34733,0.9607451315360982
34734,0.9607843667869367
34735,0.9608235628221321
34736,0.9608627196808806
34737,0.9609018374023389
34738,0.9609409160256249
34739,0.9609799555898172
34740,0.9610189561339553
34741,0.9610579176970397
34742,0.9610968403180322
34743,0.9611357240358552
34744,0.9611745688893926
34745,0.9612133749174891
34746,0.9612521421589509
34747,0.9612908706525451
34748,0.9613295604370004
34749,0.9613682115510064
34750,0.9614068240332143
34751,0.9614453979222366
34752,0.9614839332566472
34753,0.9615224300749814
34754,0.9615608884157361
34755,0.9615993083173695
34756,0.9616376898183017
34757,0.9616760329569141
34758,0.9617143377715498
34759,0.9617526043005138
34760,0.9617908325820725
34761,0.9618290226544542
34762,0.9618671745558491
34763,0.961905288324409
34764,0.9619433639982476
34765,0.9609819013655657
34766,0.9610208999649005
34767,0.9610598595851254
34768,0.9610987802652002
34769,0.9611376620440456
34770,0.9611765049605433
34771,0.9612153090535362
34772,0.9612540743618285
34773,0.9612928009241856
34774,0.9613314887793338
34775,0.9613701379659612
34776,0.9614087485227168
34777,0.9614473204882114
34778,0.9614858539010167
34779,0.9615243487996664
34780,0.9615628052226552
34781,0.9616012232084397
34782,0.9616396027954377
34783,0.961677944022029
34784,0.9617162469265547
34785,0.9617545115473177
34786,0.9617927379225828
34787,0.9618309260905762
34788,0.9618690760894861
34789,0.9609076877075876
34790,0.959947260233617
34791,0.9599872929570217
34792,0.9600272856677093
34793,0.9600672384056727
34794,0.9601071512108644
34795,0.9601470241231974
34796,0.9601868571825446
34797,0.960226650428739
34798,0.9602664039015738
34799,0.9603061176408026
34800,0.9603457916861392
34801,0.9603854260772575
34802,0.960425020853792
34803,0.9604645760553374
34804,0.960504091721449
34805,0.9605435678916425
34806,0.960583004605394
34807,0.9606224019021402
34808,0.9606617598212785
34809,0.9607010784021668
34810,0.9607403576841237
34811,0.9607795977064284
34812,0.960818798508321
34813,0.9608579601290023
34814,0.960897082607634
34815,0.9609361659833384
34816,0.9609752102951992
34817,0.9610142155822604
34818,0.9610531818835275
34819,0.9610921092379667
34820,0.9611309976845055
34821,0.9611698472620323
34822,0.9612086580093966
34823,0.9612474299654092
34824,0.9612861631688421
34825,0.9613248576584285
34826,0.9613635134728629
34827,0.961402130650801
34828,0.9614407092308602
34829,0.961479249251619
34830,0.9615177507516174
34831,0.9615562137693568
34832,0.9615946383433005
34833,0.9616330245118729
34834,0.9616713723134602
34835,0.9617096817864103
34836,0.9617479529690325
34837,0.9617861858995982
34838,0.9618243806163402
34839,0.9618625371574533
34840,0.961900655561094
34841,0.9619387358653808
34842,0.9619767781083939
34843,0.9620147823281756
34844,0.9620527485627302
34845,0.9620906768500238
34846,0.9621285672279848
34847,0.9621664197345036
34848,0.9622042344074326
34849,0.9622420112845866
34850,0.9612802501538674
34851,0.9613189505535137
34852,0.9613576122721009
34853,0.9613962353482908
34854,0.9614348198207062
34855,0.9614733657279319
34856,0.9615118731085136
34857,0.9615503420009589
34858,0.9615887724437365
34859,0.9616271644752771
34860,0.9616655181339725
34861,0.9617038334581764
34862,0.9617421104862043
34863,0.961780349256333
34864,0.9618185498068015
34865,0.9618567121758101
34866,0.9618948364015215
34867,0.9619329225220598
34868,0.961970970575511
34869,0.9620089805999232
34870,0.9620469526333066
34871,0.9620848867136331
34872,0.9621227828788369
34873,0.9621606411668141
34874,0.962198461615423
34875,0.962236244262484
34876,0.9622739891457799
34877,0.9623116963030555
34878,0.9623493657720179
34879,0.9623869975903367
34880,0.9624245917956438
34881,0.9624621484255331
34882,0.9624996675175616
34883,0.9625371491092481
34884,0.9625745932380745
34885,0.9626119999414847
34886,0.9626493692568855
34887,0.9626867012216462
34888,0.9627239958730989
34889,0.962761253248538
34890,0.9627984733852212
34891,0.9628356563203684
34892,0.9628728020911627
34893,0.9619104104848747
34894,0.9619484810391127
34895,0.9619865135418222
34896,0.9620245080310358
34897,0.9620624645447479
34898,0.9621003831209151
34899,0.9621382637974559
34900,0.9621761066122511
34901,0.9622139116031434
34902,0.9622516788079378
34903,0.9622894082644017
34904,0.9623271000102643
34905,0.9613652538333426
34906,0.96140386927179
34907,0.961442446114097
34908,0.9614809843988406
34909,0.9615194841645589
34910,0.9615579454497517
34911,0.9615963682928804
34912,0.9616347527323678
34913,0.9616730988065982
34914,0.961711406553918
34915,0.9617496760126347
34916,0.9617879072210179
34917,0.9618261002172988
34918,0.9618642550396702
34919,0.9619023717262872
34920,0.9619404503152664
34921,0.9619784908446865
34922,0.9620164933525878
34923,0.962054457876973
34924,0.9620923844558066
34925,0.9621302731270152
34926,0.9621681239284874
34927,0.9622059368980741
34928,0.9622437120735883
34929,0.962281449492805
34930,0.9613196489435868
34931,0.961358309964133
34932,0.9613969323429794
34933,0.9614355161187486
34934,0.9604745610801492
34935,0.960514066766226
34936,0.9605535329663597
34937,0.9595934594701414
34938,0.9596338458174976
34939,0.9596741917986895
34940,0.9597144974540631
34941,0.9597547628239241
34942,0.9597949879485379
34943,0.9598351728681296
34944,0.959875317622884
34945,0.9599154222529461
34946,0.9599554867984205
34947,0.9599955112993716
34948,0.9600354957958239
34949,0.9600754403277622
34950,0.9601153449351307
34951,0.9601552096578343
34952,0.9601950345357375
34953,0.9602348196086653
34954,0.9602745649164027
34955,0.9603142704986952
34956,0.9603539363952482
34957,0.9593940623958527
34958,0.9594346480406344
34959,0.959475193120054
34960,0.9595156976746567
34961,0.959556161744947
34962,0.9595965853713888
34963,0.9586374683445309
34964,0.958678810205256
34965,0.958720110744781
34966,0.9587613700044064
34967,0.9588025880253915
34968,0.9588437648489544
34969,0.9588849005162717
34970,0.9589259950684793
34971,0.9589670485466717
34972,0.9590080609919024
34973,0.9590490324451838
34974,0.9590899629474875
34975,0.9591308525397438
34976,0.9591717012628426
34977,0.9592125091576323
34978,0.9592532762649211
34979,0.9592940026254759
34980,0.9593346882800232
34981,0.9593753332692486
34982,0.9594159376337971
34983,0.9594565014142731
34984,0.9594970246512403
34985,0.959537507385222
34986,0.9595779496567011
34987,0.9596183515061196
34988,0.9596587129738796
34989,0.9596990341003425
34990,0.9597393149258294
34991,0.9597795554906212
34992,0.9598197558349584
34993,0.9598599159990414
34994,0.9599000360230304
34995,0.9599401159470454
34996,0.9599801558111664
34997,0.9600201556554331
34998,0.9600601155198455
34999,0.9601000354443634
35000,0.9601399154689068
35001,0.9601797556333557
35002,0.9602195559775503
35003,0.9602593165412908
35004,0.960299037364338
35005,0.9603387184864126
35006,0.9603783599471958
35007,0.960417961786329
35008,0.9604575240434141
35009,0.9604970467580134
35010,0.9595370297197745
35011,0.9595774724686803
35012,0.9596178747950485
35013,0.9596582367392813
35014,0.9596985583417408
35015,0.9597388396427485
35016,0.9597790806825859
35017,0.9598192815014939
35018,0.9598594421396733
35019,0.9598995626372848
35020,0.9599396430344489
35021,0.9599796833712461
35022,0.9600196836877166
35023,0.9600596440238608
35024,0.9600995644196391
35025,0.9601394449149717
35026,0.9601792855497394
35027,0.9602190863637826
35028,0.9602588473969023
35029,0.9602985686888594
35030,0.9603382502793754
35031,0.9603778922081316
35032,0.9604174945147702
35033,0.9604570572388934
35034,0.9604965804200639
35035,0.960536064097805
35036,0.9605755083116003
35037,0.9606149131008941
35038,0.9606542785050911
35039,0.9606936045635568
35040,0.9607328913156172
35041,0.9597726385506841
35042,0.9598128458085045
35043,0.9598530128791606
35044,0.9598931398028195
35045,0.9599332266196083
35046,0.9599732733696137
35047,0.9600132800928824
35048,0.9600532468294213
35049,0.960093173619197
35050,0.9601330605021363
35051,0.9601729075181262
35052,0.9602127147070136
35053,0.9602524821086058
35054,0.9602922097626702
35055,0.9603318977089343
35056,0.9603715459870863
35057,0.9604111546367744
35058,0.9604507236976072
35059,0.9604902532091538
35060,0.9605297432109438
35061,0.9605691937424671
35062,0.9606086048431742
35063,0.9606479765524764
35064,0.9606873089097453
35065,0.9607266019543133
35066,0.9607658557254734
35067,0.9608050702624794
35068,0.9608442456045458
35069,0.9608833817908482
35070,0.9609224788605225
35071,0.9609615368526659
35072,0.9610005558063365
35073,0.961039535760553
35074,0.9610784767542956
35075,0.9611173788265052
35076,0.9611562420160839
35077,0.9611950663618949
35078,0.9612338519027626
35079,0.9612725986774724
35080,0.9613113067247713
35081,0.9613499760833673
35082,0.9613886067919296
35083,0.9614271988890891
35084,0.9614657524134379
35085,0.9615042674035295
35086,0.9615427438978787
35087,0.9615811819349623
35088,0.9616195815532183
35089,0.9616579427910461
35090,0.9616962656868072
35091,0.9617345502788244
35092,0.9617727966053823
35093,0.9618110047047272
35094,0.9618491746150674
35095,0.9618873063745725
35096,0.9619254000213746
35097,0.9619634555935671
35098,0.9620014731292057
35099,0.962039452666308
35100,0.9620773942428534
35101,0.9621152978967836
35102,0.9621531636660022
35103,0.9621909915883751
35104,0.96222878170173
35105,0.9622665340438572
35106,0.962304248652509
35107,0.9623419255654
35108,0.9623795648202071
35109,0.9624171664545698
35110,0.9624547305060894
35111,0.9624922570123302
35112,0.9625297460108186
35113,0.9625671975390437
35114,0.962604611634457
35115,0.9626419883344726
35116,0.9626793276764671
35117,0.96271662969778
35118,0.9627538944357134
35119,0.9627911219275317
35120,0.9628283122104627
35121,0.9628654653216966
35122,0.9629025812983866
35123,0.9629396601776485
35124,0.9629767019965614
35125,0.963013706792167
35126,0.9630506746014702
35127,0.9630876054614388
35128,0.9631244994090036
35129,0.9631613564810585
35130,0.9631981767144607
35131,0.9632349601460305
35132,0.9622722065626762
35133,0.962309915501644
35134,0.9623475867505179
35135,0.9623852203469692
35136,0.9624228163286314
35137,0.9614608744832255
35138,0.9614993943488095
35139,0.9615378757137782
35140,0.9615763186166131
35141,0.9606152228458819
35142,0.9606545879404886
35143,0.9606939136896736
35144,0.9607332001327624
35145,0.9607724473090415
35146,0.9608116552577581
35147,0.9608508240181202
35148,0.9608899536292964
35149,0.9609290441304166
35150,0.9609680955605711
35151,0.9610071079588114
35152,0.9610460813641499
35153,0.96108501581556
35154,0.9611239113519763
35155,0.9611627680122942
35156,0.9602020855854952
35157,0.960241863610897
35158,0.9602816018781525
35159,0.9603213004269999
35160,0.9603609592971378
35161,0.9604005785282251
35162,0.959440657910006
35163,0.9594811969825597
35164,0.9595216955363003
35165,0.9595621536117263
35166,0.9596025712492957
35167,0.9596429484894263
35168,0.9596832853724954
35169,0.9597235819388397
35170,0.9597638382287559
35171,0.9598040542825003
35172,0.9598442301402889
35173,0.9598843658422975
35174,0.9599244614286621
35175,0.959964516939478
35176,0.9600045324148009
35177,0.9600445078946461
35178,0.9600844434189894
35179,0.960124339027766
35180,0.9601641947608717
35181,0.9602040106581622
35182,0.9602437867594534
35183,0.9602835231045215
35184,0.9603232197331026
35185,0.9603628766848936
35186,0.9604024939995514
35187,0.9604420717166933
35188,0.9604816098758969
35189,0.9605211085167006
35190,0.960560567678603
35191,0.9605999874010631
35192,0.9606393677235008
35193,0.9606787086852964
35194,0.9607180103257908
35195,0.9607572726842858
35196,0.9607964958000437
35197,0.9608356797122874
35198,0.9608748244602012
35199,0.9609139300829297
35200,0.9609529966195784
35201,0.960992024109214
35202,0.961031012590864
35203,0.9600704618536418
35204,0.9601103714369964
35205,0.9601502411307126
35206,0.9601900709746599
35207,0.9602298610086683
35208,0.9602696112725276
35209,0.9603093218059884
35210,0.9603489926487611
35211,0.9603886238405164
35212,0.9604282154208856
35213,0.9604677674294605
35214,0.9605072799057929
35215,0.9605467528893953
35216,0.9605861864197407
35217,0.9606255805362627
35218,0.9606649352783554
35219,0.9607042506853736
35220,0.9607435267966326
35221,0.9607827636514086
35222,0.9608219612889384
35223,0.9608611197484197
35224,0.960900239069011
35225,0.9609393192898316
35226,0.9609783604499617
35227,0.9610173625884425
35228,0.9610563257442761
35229,0.9610952499564258
35230,0.9611341352638156
35231,0.961172981705331
35232,0.9612117893198184
35233,0.9612505581460855
35234,0.961289288222901
35235,0.9613279795889951
35236,0.9613666322830591
35237,0.9614052463437457
35238,0.961443821809669
35239,0.9614823587194045
35240,0.961520857111489
35241,0.9615593170244211
35242,0.9615977384966605
35243,0.9616361215666289
35244,0.9616744662727092
35245,0.9617127726532463
35246,0.9617510407465464
35247,0.9617892705908777
35248,0.96182746222447
35249,0.961865615685515
35250,0.9619037310121662
35251,0.9619418082425388
35252,0.9619798474147102
35253,0.9620178485667195
35254,0.9620558117365678
35255,0.9620937369622184
35256,0.9621316242815965
35257,0.9621694737325894
35258,0.9622072853530466
35259,0.9622450591807796
35260,0.9622827952535624
35261,0.9623204936091311
35262,0.9623581542851839
35263,0.9623957773193816
35264,0.9624333627493473
35265,0.9624709106126663
35266,0.9625084209468865
35267,0.9625458937895183
35268,0.9625833291780345
35269,0.9626207271498705
35270,0.9626580877424243
35271,0.9626954109930566
35272,0.9627326969390905
35273,0.962769945617812
35274,0.9628071570664699
35275,0.9628443313222755
35276,0.9628814684224032
35277,0.96291856840399
35278,0.962955631304136
35279,0.9629926571599039
35280,0.9630296460083198
35281,0.9630665978863724
35282,0.9631035128310137
35283,0.9631403908791586
35284,0.9631772320676851
35285,0.9632140364334346
35286,0.9632508040132113
35287,0.9632875348437828
35288,0.96332422896188
35289,0.9633608864041969
35290,0.9633975072073911
35291,0.9634340914080834
35292,0.963470639042858
35293,0.9635071501482625
35294,0.9635436247608079
35295,0.9625805626670939
35296,0.9626179634040584
35297,0.9626553267589768
35298,0.9626926527692127
35299,0.962729941472092
35300,0.9627671929049035
35301,0.9628044071048987
35302,0.9628415841092915
35303,0.9628787239552593
35304,0.9629158266799417
35305,0.9629528923204415
35306,0.9629899209138243
35307,0.9630269124971188
35308,0.9630638671073166
35309,0.9631007847813723
35310,0.9631376655562035
35311,0.9631745094686911
35312,0.9632113165556789
35313,0.9632480868539741
35314,0.9632848204003469
35315,0.9633215172315309
35316,0.963358177384223
35317,0.9633948008950833
35318,0.9634313878007355
35319,0.9634679381377662
35320,0.9635044519427259
35321,0.9635409292521285
35322,0.9635773701024513
35323,0.963613774530135
35324,0.9636501425715841
35325,0.9636864742631667
35326,0.9637227696412145
35327,0.9637590287420229
35328,0.963795251601851
35329,0.9638314382569216
35330,0.9638675887434215
35331,0.9639037030975011
35332,0.9639397813552747
35333,0.9639758235528206
35334,0.9630123294763061
35335,0.9630492986622369
35336,0.963086230897457
35337,0.9631231262188988
35338,0.9631599846634576
35339,0.9631968062679919
35340,0.9632335910693232
35341,0.9632703391042364
35342,0.9633070504094796
35343,0.963343725021764
35344,0.9633803629777643
35345,0.9634169643141184
35346,0.9634535290674276
35347,0.9634900572742569
35348,0.9635265489711341
35349,0.9635630041945512
35350,0.9635994229809635
35351,0.9636358053667896
35352,0.963672151388412
35353,0.9637084610821767
35354,0.9637447344843934
35355,0.9637809716313355
35356,0.9638171725592402
35357,0.9638533373043083
35358,0.9638894659027049
35359,0.9639255583905583
35360,0.963961614803961
35361,0.9639976351789695
35362,0.9640336195516043
35363,0.9640695679578496
35364,0.9641054804336538
35365,0.9641413570149295
35366,0.9641771977375533
35367,0.9642130026373659
35368,0.9642487717501721
35369,0.9642845051117411
35370,0.9643202027578064
35371,0.9643558647240654
35372,0.9643914910461803
35373,0.9644270817597773
35374,0.9644626369004472
35375,0.9644981565037452
35376,0.9645336406051906
35377,0.964569089240268
35378,0.9646045024444256
35379,0.9646398802530769
35380,0.9646752227015996
35381,0.9647105298253361
35382,0.9647458016595937
35383,0.964781038239644
35384,0.9648162396007238
35385,0.9648514057780344
35386,0.964886536806742
35387,0.9649216327219776
35388,0.9649566935588372
35389,0.9649917193523816
35390,0.9650267101376366
35391,0.9640621656997179
35392,0.964098085574081
35393,0.9641339695465208
35394,0.964169817652921
35395,0.96420562992913
35396,0.9642414064109599
35397,0.9642771471341873
35398,0.964312852134553
35399,0.9643485214477618
35400,0.9643841551094832
35401,0.9644197531553508
35402,0.9644553156209626
35403,0.9644908425418812
35404,0.9645263339536335
35405,0.9645617898917108
35406,0.9645972103915692
35407,0.9646325954886291
35408,0.9646679452182757
35409,0.9647032596158587
35410,0.9647385387166924
35411,0.964773782556056
35412,0.9648089911691933
35413,0.9648441645913131
35414,0.9648793028575886
35415,0.9649144060031583
35416,0.9649494740631251
35417,0.9649845070725573
35418,0.9650195050664878
35419,0.9640549678300395
35420,0.9640908948986752
35421,0.9641267860581967
35422,0.9641626413444954
35423,0.9641984607934264
35424,0.9642342444408093
35425,0.9642699923224277
35426,0.9643057044740295
35427,0.9643413809313268
35428,0.9643770217299962
35429,0.9644126269056783
35430,0.9644481964939785
35431,0.9644837305304663
35432,0.9645192290506758
35433,0.9645546920901054
35434,0.9645901196842182
35435,0.9646255118684418
35436,0.9646608686781685
35437,0.964696190148755
35438,0.9647314763155228
35439,0.9647667272137581
35440,0.9648019428787119
35441,0.9648371233455998
35442,0.9648722686496022
35443,0.9649073788258644
35444,0.9649424539094967
35445,0.9649774939355742
35446,0.9650124989391369
35447,0.9650474689551897
35448,0.9650824040187027
35449,0.9651173041646111
35450,0.9651521694278148
35451,0.9651869998431792
35452,0.9652217954455349
35453,0.9652565562696773
35454,0.9652912823503673
35455,0.965325973722331
35456,0.9653606304202597
35457,0.9653952524788101
35458,0.9654298399326043
35459,0.9654643928162299
35460,0.9654989111642396
35461,0.9655333950111519
35462,0.9655678443914506
35463,0.9656022593395851
35464,0.9656366398899703
35465,0.9656709860769868
35466,0.9657052979349807
35467,0.9657395754982641
35468,0.9657738188011143
35469,0.9658080278777749
35470,0.9658422027624548
35471,0.9658763434893289
35472,0.965910450092538
35473,0.9659445226061886
35474,0.9659785610643533
35475,0.9660125655010706
35476,0.966046535950345
35477,0.9660804724461467
35478,0.9661143750224124
35479,0.9661482437130446
35480,0.9661820785519122
35481,0.9662158795728498
35482,0.9662496468096585
35483,0.9662833802961056
35484,0.9663170800659246
35485,0.9663507461528152
35486,0.9663843785904436
35487,0.9664179774124422
35488,0.9664515426524097
35489,0.9664850743439116
35490,0.9665185725204795
35491,0.9665520372156114
35492,0.9665854684627723
35493,0.9666188662953932
35494,0.966652230746872
35495,0.9666855618505733
35496,0.9667188596398281
35497,0.9667521241479342
35498,0.9667853554081561
35499,0.9668185534537251
35500,0.9668517183178393
35501,0.9668848500336635
35502,0.9669179486343296
35503,0.9669510141529359
35504,0.9669840466225482
35505,0.9670170460761989
35506,0.9670500125468874
35507,0.9670829460675802
35508,0.9671158466712108
35509,0.9671487143906798
35510,0.967181549258855
35511,0.9672143513085714
35512,0.9672471205726307
35513,0.9672798570838025
35514,0.9673125608748232
35515,0.9673452319783966
35516,0.9673778704271938
35517,0.9674104762538532
35518,0.9674430494909808
35519,0.9674755901711497
35520,0.9675080983269007
35521,0.9675405739907418
35522,0.9675730171951489
35523,0.967605427972565
35524,0.967637806355401
35525,0.9676701523760353
35526,0.9677024660668139
35527,0.9677347474600504
35528,0.9677669965880263
35529,0.9677992134829908
35530,0.9678313981771607
35531,0.9678635507027208
35532,0.9678956710918235
35533,0.9679277593765893
35534,0.9679598155891064
35535,0.9679918397614311
35536,0.9680238319255876
35537,0.9680557921135681
35538,0.9680877203573326
35539,0.9681196166888095
35540,0.9681514811398951
35541,0.9681833137424539
35542,0.9682151145283185
35543,0.9682468835292898
35544,0.9682786207771366
35545,0.9683103263035961
35546,0.9683420001403742
35547,0.9683736423191445
35548,0.9684052528715491
35549,0.9684368318291987
35550,0.9684683792236722
35551,0.9684998950865171
35552,0.9675318791993742
35553,0.9675643310942275
35554,0.9675967505534037
35555,0.9676291376093223
35556,0.9676614922943705
35557,0.9676938146409029
35558,0.9677261046812418
35559,0.9667588621978023
35560,0.9667920867233417
35561,0.9668252780409595
35562,0.9668584361838471
35563,0.9668915611851626
35564,0.966924653078031
35565,0.9669577118955442
35566,0.966990737670761
35567,0.9670237304367073
35568,0.9670566902263757
35569,0.9660901168228512
35570,0.9661240097595599
35571,0.96615786882027
35572,0.9661916940388404
35573,0.9662254854490965
35574,0.9662592430848295
35575,0.9662929669797972
35576,0.9663266571677234
35577,0.9663603136822984
35578,0.9663939365571786
35579,0.966427525825987
35580,0.9664610815223129
35581,0.9654951034298368
35582,0.9655295910825806
35583,0.9655640442649069
35584,0.9655984630112688
35585,0.9656328473560851
35586,0.9656671973337402
35587,0.965701512978584
35588,0.9657357943249322
35589,0.9657700414070661
35590,0.965804254259233
35591,0.9658384329156455
35592,0.9658725774104825
35593,0.9659066877778884
35594,0.9659407640519734
35595,0.965974806266814
35596,0.9660088144564524
35597,0.9660427886548967
35598,0.9660767288961212
35599,0.966110635214066
35600,0.9661445076426377
35601,0.9661783462157085
35602,0.9662121509671171
35603,0.9662459219306682
35604,0.9662796591401328
35605,0.9653138623793731
35606,0.9653485311825921
35607,0.9653831653343337
35608,0.9644182646193569
35609,0.9644538285727609
35610,0.9644893569799845
35611,0.9645248498765562
35612,0.9645603072979689
35613,0.9645957292796801
35614,0.9646311158571117
35615,0.9646664670656503
35616,0.9647017829406471
35617,0.9647370635174181
35618,0.9647723088312438
35619,0.9648075189173695
35620,0.9648426938110053
35621,0.9648778335473261
35622,0.9649129381614717
35623,0.9649480076885467
35624,0.9649830421636206
35625,0.965018041621728
35626,0.9650530060978681
35627,0.9650879356270057
35628,0.9651228302440701
35629,0.9651576899839561
35630,0.9651925148815234
35631,0.9652273049715968
35632,0.9652620602889666
35633,0.9652967808683879
35634,0.9653314667445814
35635,0.9653661179522329
35636,0.9654007345259938
35637,0.9654353165004806
35638,0.9654698639102752
35639,0.9655043767899252
35640,0.9655388551739432
35641,0.9655732990968079
35642,0.965607708592963
35643,0.965642083696818
35644,0.9656764244427483
35645,0.9657107308650943
35646,0.9657450029981627
35647,0.9657792408762255
35648,0.9658134445335206
35649,0.9658476140042517
35650,0.9658817493225883
35651,0.9659158505226657
35652,0.9659499176385851
35653,0.9659839507044136
35654,0.9660179497541843
35655,0.9660519148218962
35656,0.9660858459415145
35657,0.9661197431469702
35658,0.9661536064721606
35659,0.9651879357010741
35660,0.9652227303680395
35661,0.9652574902577267
35662,0.9652922154048954
35663,0.9653269058442708
35664,0.9653615616105434
35665,0.965396182738369
35666,0.9654307692623687
35667,0.9654653212171289
35668,0.9654998386372018
35669,0.9655343215571046
35670,0.9655687700113204
35671,0.9656031840342976
35672,0.9656375636604502
35673,0.9656719089241579
35674,0.9657062198597659
35675,0.9657404965015852
35676,0.9657747388838925
35677,0.9658089470409301
35678,0.9658431210069062
35679,0.9658772608159947
35680,0.9659113665023356
35681,0.9659454381000344
35682,0.9659794756431628
35683,0.9660134791657583
35684,0.9660474487018245
35685,0.9660813842853309
35686,0.9661152859502131
35687,0.9661491537303728
35688,0.9661829876596778
35689,0.966216787771962
35690,0.9652510538511504
35691,0.9652857854315091
35692,0.9653204822976446
35693,0.9653551444842536
35694,0.9653897720259985
35695,0.9654243649575067
35696,0.9654589233133712
35697,0.9654934471281504
35698,0.9655279364363681
35699,0.9655623912725136
35700,0.9655968116710418
35701,0.9656311976663732
35702,0.9656655492928935
35703,0.9656998665849545
35704,0.9657341495768736
35705,0.9657683983029337
35706,0.9658026127973836
35707,0.9658367930944376
35708,0.9658709392282763
35709,0.9659050512330456
35710,0.9659391291428576
35711,0.9659731729917903
35712,0.9660071828138874
35713,0.9660411586431589
35714,0.9660751005135805
35715,0.9661090084590941
35716,0.9661428825136077
35717,0.9661767227109954
35718,0.9662105290850974
35719,0.96624430166972
35720,0.9652785402487607
35721,0.965313244356458
35722,0.9653479137773912
35723,0.9653825485462293
35724,0.9654171486976074
35725,0.9654517142661255
35726,0.9654862452863493
35727,0.9655207417928097
35728,0.9655552038200033
35729,0.9655896314023921
35730,0.9656240245744037
35731,0.9656583833704312
35732,0.9656927078248335
35733,0.9657269979719352
35734,0.9657612538460262
35735,0.9657954754813625
35736,0.9658296629121657
35737,0.9658638161726233
35738,0.9658979352968885
35739,0.9659320203190805
35740,0.9659660712732844
35741,0.966000088193551
35742,0.9660340711138973
35743,0.9660680200683062
35744,0.9661019350907266
35745,0.9661358162150737
35746,0.9661696634752286
35747,0.9662034769050385
35748,0.9662372565383168
35749,0.9662710024088432
35750,0.9663047145503636
35751,0.9663383929965901
35752,0.9663720377812012
35753,0.9664056489378416
35754,0.9664392265001227
35755,0.9664727705016218
35756,0.9665062809758831
35757,0.9665397579564169
35758,0.9665732014767003
35759,0.9666066115701769
35760,0.9666399882702567
35761,0.9666733316103163
35762,0.9667066416236993
35763,0.9667399183437156
35764,0.9667731618036419
35765,0.9668063720367217
35766,0.9668395490761653
35767,0.9668726929551497
35768,0.9669058037068187
35769,0.9669388813642831
35770,0.9669719259606206
35771,0.967004937528876
35772,0.9670379161020605
35773,0.9670708617131528
35774,0.9671037743950986
35775,0.9671366541808107
35776,0.9671695011031688
35777,0.9672023151950196
35778,0.9672350964891775
35779,0.9672678450184237
35780,0.9673005608155067
35781,0.9673332439131425
35782,0.9673658943440139
35783,0.9673985121407714
35784,0.967431097336033
35785,0.9674636499623839
35786,0.9674961700523765
35787,0.9675286576385311
35788,0.9675611127533352
35789,0.967593535429244
35790,0.96762592569868
35791,0.9676582835940336
35792,0.9676906091476628
35793,0.9677229023918931
35794,0.9677551633590176
35795,0.9677873920812974
35796,0.9678195885909613
35797,0.9678517529202058
35798,0.967883885101195
35799,0.9679159851660615
35800,0.967948053146905
35801,0.9679800890757937
35802,0.9680120929847634
35803,0.9680440649058182
35804,0.9680760048709298
35805,0.9681079129120383
35806,0.9681397890610518
35807,0.9681716333498464
35808,0.9682034458102663
35809,0.9682352264741241
35810,0.9682669753732004
35811,0.9682986925392442
35812,0.9683303780039726
35813,0.9683620317990711
35814,0.9683936539561935
35815,0.9684252445069619
35816,0.9684568034829669
35817,0.9684883309157676
35818,0.9685198268368913
35819,0.9685512912778339
35820,0.96858272427006
35821,0.9686141258450024
35822,0.9686454960340629
35823,0.9686768348686116
35824,0.9687081423799873
35825,0.9687394185994975
35826,0.9687706635584186
35827,0.9688018772879954
35828,0.9688330598194417
35829,0.96886421118394
35830,0.9688953314126416
35831,0.968926420536667
35832,0.9689574785871051
35833,0.968988505595014
35834,0.9690195015914208
35835,0.9690504666073214
35836,0.9680819004238058
35837,0.9681138025723077
35838,0.9681456728346043
35839,0.9681775112425657
35840,0.9682093178280304
35841,0.968241092622805
35842,0.9682728356586643
35843,0.9683045469673512
35844,0.9683362265805773
35845,0.9683678745300219
35846,0.9683994908473332
35847,0.9684310755641276
35848,0.9684626287119895
35849,0.9684941503224723
35850,0.9685256404270975
35851,0.9685570990573553
35852,0.9675890259948292
35853,0.9676214207714461
35854,0.9676537831694756
35855,0.9676861132212802
35856,0.96771841095919
35857,0.9677506764155026
35858,0.9677829096224836
35859,0.9678151106123661
35860,0.9678472794173513
35861,0.9678794160696078
35862,0.9679115206012724
35863,0.9679435930444495
35864,0.9679756334312117
35865,0.9680076417935993
35866,0.9680396181636207
35867,0.9680715625732523
35868,0.9681034750544385
35869,0.9681353556390917
35870,0.9681672043590926
35871,0.96819902124629
35872,0.9682308063325006
35873,0.9682625596495096
35874,0.9682942812290702
35875,0.9683259711029043
35876,0.9683576293027015
35877,0.9683892558601201
35878,0.9684208508067866
35879,0.9684524141742961
35880,0.9684839459942118
35881,0.9685154462980657
35882,0.968546915117358
35883,0.9685783524835576
35884,0.9686097584281018
35885,0.9686411329823966
35886,0.9686724761778165
35887,0.9687037880457047
35888,0.9687350686173731
35889,0.9687663179241024
35890,0.9687975359971418
35891,0.9688287228677094
35892,0.9688598785669921
35893,0.9688910031261455
35894,0.9689220965762942
35895,0.9689531589485318
35896,0.9689841902739206
35897,0.9680156903336168
35898,0.9680476586591205
35899,0.9680795950322748
35900,0.9681114994850162
35901,0.968143372049249
35902,0.968175212756846
35903,0.9682070216396478
35904,0.9682387987294633
35905,0.9682705440580696
35906,0.9683022576572119
35907,0.967334439308729
35908,0.9673670885448022
35909,0.9673997051479558
35910,0.9674322891508065
35911,0.9674648405859381
35912,0.9674973594859021
35913,0.9675298458832176
35914,0.9675622998103708
35915,0.9675947212998157
35916,0.9666276101340988
35917,0.9666609658461087
35918,0.9666942882190761
35919,0.9667275772863234
35920,0.9667608330811397
35921,0.9667940556367808
35922,0.9668272449864691
35923,0.9668604011633942
35924,0.9668935242007122
35925,0.966926614131546
35926,0.9669596709889857
35927,0.9669926948060882
35928,0.9670256856158772
35929,0.9670586434513436
35930,0.9660920680955701
35931,0.9651264588321063
35932,0.9651613149452177
35933,0.9651961362196353
35934,0.9652309226901804
35935,0.9652656743916395
35936,0.9653003913587642
35937,0.9653350736262717
35938,0.9653697212288441
35939,0.9654043342011291
35940,0.9654389125777397
35941,0.9654734563932542
35942,0.9655079656822165
35943,0.9655424404791358
35944,0.965576880818487
35945,0.9656112867347104
35946,0.9656456582622119
35947,0.9656799954353632
35948,0.9657142982885013
35949,0.9657485668559291
35950,0.9657828011719152
35951,0.9658170012706939
35952,0.9658511671864654
35953,0.9658852989533955
35954,0.965919396605616
35955,0.9659534601772246
35956,0.9659874897022849
35957,0.9660214852148263
35958,0.9660554467488445
35959,0.9660893743383009
35960,0.9661232680171232
35961,0.966157127819205
35962,0.9661909537784062
35963,0.9662247459285528
35964,0.9662585043034367
35965,0.9662922289368167
35966,0.966325919862417
35967,0.9653600768640538
35968,0.9653946994758839
35969,0.9654292874824048
35970,0.9654638409182045
35971,0.9654983598178365
35972,0.9655328442158196
35973,0.9655672941466384
35974,0.9646022093948677
35975,0.9646375894954226
35976,0.964672934233558
35977,0.9647082436446189
35978,0.9647435177639146
35979,0.9647787566267193
35980,0.9648139602682718
35981,0.9648491287237758
35982,0.9648842620283997
35983,0.9649193602172769
35984,0.9649544233255055
35985,0.9649894513881487
35986,0.9650244444402345
35987,0.965059402516756
35988,0.9650943256526713
35989,0.9651292138829035
35990,0.9651640672423409
35991,0.9641993855159618
35992,0.9642351682390843
35993,0.9642709151973661
35994,0.9643066264265541
35995,0.9643423019623596
35996,0.9643779418404582
35997,0.9644135460964898
35998,0.9644491147660585
35999,0.9644846478847332
36000,0.9645201454880468
36001,0.964555607611497
36002,0.9645910342905459
36003,0.9646264255606204
36004,0.9646617814571116
36005,0.9636976017655002
36006,0.9637338860216067
36007,0.9637701340115901
36008,0.9638063457716984
36009,0.9638425213381435
36010,0.9638786607471009
36011,0.96391476403471
36012,0.9629513309871991
36013,0.962988361141135
36014,0.9630253542834226
36015,0.9630623104510554
36016,0.9630992296809894
36017,0.9621366117602688
36018,0.9621744562262755
36019,0.962212262866729
36020,0.9622500317194359
36021,0.9622877628221651
36022,0.9623254562126476
36023,0.962363111928577
36024,0.962400730007609
36025,0.9624383104873615
36026,0.9624758534054151
36027,0.9625133587993128
36028,0.9625508267065598
36029,0.9625882571646242
36030,0.9626256502109364
36031,0.9626630058828894
36032,0.9627003242178391
36033,0.9627376052531037
36034,0.9627748490259642
36035,0.9628120555736644
36036,0.962849224933411
36037,0.962886357142373
36038,0.962923452237683
36039,0.962960510256436
36040,0.96299753123569
36041,0.9630345152124659
36042,0.9630714622237477
36043,0.9631083723064826
36044,0.9631452454975806
36045,0.9621825815840398
36046,0.9622203801031962
36047,0.9622581408427232
36048,0.9622958638403817
36049,0.9623335491338946
36050,0.9623711967609472
36051,0.9624088067591872
36052,0.9624463791662244
36053,0.9624839140196315
36054,0.9625214113569432
36055,0.962558871215657
36056,0.9625962936332325
36057,0.9626336786470924
36058,0.9626710262946215
36059,0.9627083366131677
36060,0.9627456096400411
36061,0.9627828454125148
36062,0.9628200439678246
36063,0.9628572053431691
36064,0.9628943295757096
36065,0.9629314167025705
36066,0.9629684667608388
36067,0.9630054797875646
36068,0.9630424558197609
36069,0.9630793948944039
36070,0.9631162970484325
36071,0.9631531623187489
36072,0.9631899907422184
36073,0.9632267823556695
36074,0.9632635371958937
36075,0.963300255299646
36076,0.9633369367036444
36077,0.9633735814445703
36078,0.9634101895590684
36079,0.963446761083747
36080,0.9634832960551776
36081,0.963519794509895
36082,0.9635562564843978
36083,0.963592682015148
36084,0.9636290711385712
36085,0.9636654238910564
36086,0.9637017403089564
36087,0.9637380204285876
36088,0.9627747640363551
36089,0.9628119706690024
36090,0.9628491401136111
36091,0.9628862724073506
36092,0.9629233675873532
36093,0.9629604256907142
36094,0.9629974467544915
36095,0.9630344308157064
36096,0.9630713779113429
36097,0.963108288078348
36098,0.963145161353632
36099,0.9621824975241932
36100,0.9622202961273674
36101,0.9622580569508282
36102,0.9622957800323366
36103,0.9623334654096156
36104,0.9623711131203506
36105,0.9624087232021894
36106,0.962446295692742
36107,0.9624838306295809
36108,0.9625213280502409
36109,0.9625587879922197
36110,0.9625962104929772
36111,0.9626335955899357
36112,0.9626709433204804
36113,0.9627082537219592
36114,0.9627455268316824
36115,0.9627827626869231
36116,0.9628199613249172
36117,0.9628571227828633
36118,0.9628942470979229
36119,0.9629313343072203
36120,0.9629683844478428
36121,0.9620058973069654
36122,0.9620438724221009
36123,0.9610823093312242
36124,0.9611212075727722
36125,0.960160566685643
36126,0.9602003862091956
36127,0.9602401659331244
36128,0.9602799058972092
36129,0.96031960614119
36130,0.9603592667047671
36131,0.960398887627601
36132,0.9604384689493125
36133,0.9604780107094831
36134,0.9605175129476545
36135,0.960556975703329
36136,0.9605963990159694
36137,0.9606357829249988
36138,0.9606751274698014
36139,0.9607144326897217
36140,0.9607536986240648
36141,0.9607929253120967
36142,0.9608321127930441
36143,0.9608712611060946
36144,0.9609103702903963
36145,0.9609494403850586
36146,0.9609884714291514
36147,0.961027463461706
36148,0.9610664165217143
36149,0.9611053306481294
36150,0.9611442058798654
36151,0.9611830422557975
36152,0.9612218398147623
36153,0.9612605985955571
36154,0.9602998183870658
36155,0.960339498728508
36156,0.960379139409439
36157,0.9604187404694995
36158,0.9604583019482906
36159,0.9604978238853737
36160,0.9605373063202709
36161,0.9605767492924645
36162,0.9606161528413976
36163,0.9596560167565986
36164,0.9596963405779314
36165,0.9597366240955947
36166,0.959776867349872
36167,0.9598170703810066
36168,0.9598572332292015
36169,0.9598973559346196
36170,0.9599374385373836
36171,0.9599774810775761
36172,0.9600174835952396
36173,0.9600574461303768
36174,0.9600973687229502
36175,0.9601372514128822
36176,0.9601770942400557
36177,0.9602168972443135
36178,0.9602566604654585
36179,0.9602963839432542
36180,0.9603360677174239
36181,0.9603757118276514
36182,0.9604153163135808
36183,0.9604548812148166
36184,0.9604944065709238
36185,0.9605338924214276
36186,0.960573338805814
36187,0.9606127457635293
36188,0.9606521133339805
36189,0.9606914415565352
36190,0.9607307304705217
36191,0.9607699801152288
36192,0.9608091905299063
36193,0.9608483617537645
36194,0.9608874938259747
36195,0.9609265867856689
36196,0.9609656406719401
36197,0.9610046555238423
36198,0.9610436313803902
36199,0.9610825682805597
36200,0.9611214662632878
36201,0.9611603253674724
36202,0.9611991456319727
36203,0.961237927095609
36204,0.9612766697971625
36205,0.9613153737753762
36206,0.9613540390689541
36207,0.9613926657165613
36208,0.9614312537568247
36209,0.9614698032283321
36210,0.9615083141696331
36211,0.9615467866192386
36212,0.9615852206156212
36213,0.9616236161972148
36214,0.961661973402415
36215,0.961700292269579
36216,0.9617385728370257
36217,0.9617768151430357
36218,0.9618150192258512
36219,0.9618531851236765
36220,0.9618913128746773
36221,0.9619294025169814
36222,0.9619674540886786
36223,0.9620054676278204
36224,0.9620434431724202
36225,0.9620813807604538
36226,0.9621192804298586
36227,0.9621571422185344
36228,0.962194966164343
36229,0.9622327523051083
36230,0.9622705006786164
36231,0.9623082113226158
36232,0.962345884274817
36233,0.9623835195728931
36234,0.9624211172544794
36235,0.9614591771072986
36236,0.9614976986694102
36237,0.9615361817292108
36238,0.9615746263251836
36239,0.9616130324957731
36240,0.9616514002793856
36241,0.9616897297143887
36242,0.9617280208391119
36243,0.9617662736918464
36244,0.9618044883108451
36245,0.9618426647343225
36246,0.9618808030004551
36247,0.9619189031473812
36248,0.9619569652132008
36249,0.9619949892359763
36250,0.9620329752537314
36251,0.9610714230545773
36252,0.9611103321769615
36253,0.9611492024096682
36254,0.9611880337915676
36255,0.961226826361491
36256,0.9612655801582312
36257,0.9613042952205417
36258,0.9613429715871379
36259,0.9613816092966959
36260,0.9614202083878537
36261,0.9614587688992101
36262,0.9614972908693259
36263,0.9615357743367229
36264,0.9615742193398846
36265,0.961612625917256
36266,0.9616509941072438
36267,0.961689323948216
36268,0.9617276154785027
36269,0.9617658687363952
36270,0.9618040837601469
36271,0.9618422605879728
36272,0.9618803992580498
36273,0.9619184998085165
36274,0.9619565622774735
36275,0.9619945867029833
36276,0.9620325731230703
36277,0.9620705215757209
36278,0.9621084320988836
36279,0.9621463047304689
36280,0.9621841395083495
36281,0.9622219364703601
36282,0.9622596956542978
36283,0.9622974170979217
36284,0.9623351008389532
36285,0.9623727469150762
36286,0.9624103553639367
36287,0.9624479262231431
36288,0.9624854595302664
36289,0.9625229553228398
36290,0.9625604136383592
36291,0.9625978345142829
36292,0.9626352179880318
36293,0.9626725640969892
36294,0.9627098728785014
36295,0.9627471443698772
36296,0.9627843786083881
36297,0.9628215756312682
36298,0.9628587354757148
36299,0.9628958581788875
36300,0.9629329437779091
36301,0.9629699923098651
36302,0.9630070038118043
36303,0.963043978320738
36304,0.9630809158736408
36305,0.9631178165074502
36306,0.9631546802590669
36307,0.9631915071653547
36308,0.9632282972631405
36309,0.9632650505892143
36310,0.9633017671803296
36311,0.9633384470732028
36312,0.963375090304514
36313,0.9634116969109062
36314,0.9634482669289863
36315,0.9634848003953241
36316,0.9635212973464532
36317,0.9635577578188705
36318,0.9635941818490366
36319,0.9636305694733753
36320,0.9636669207282745
36321,0.9637032356500853
36322,0.9637395142751227
36323,0.9637757566396653
36324,0.9638119627799555
36325,0.9638481327321994
36326,0.963884266532567
36327,0.9639203642171921
36328,0.9639564258221723
36329,0.9639924513835695
36330,0.964028440937409
36331,0.9640643945196805
36332,0.9641003121663375
36333,0.9641361939132977
36334,0.9641720397964428
36335,0.9642078498516188
36336,0.9642436241146356
36337,0.9642793626212677
36338,0.9643150654072534
36339,0.9643507325082956
36340,0.9633868637101863
36341,0.9634234585490568
36342,0.9634600168113765
36343,0.963496538533704
36344,0.9635330237525609
36345,0.9635694725044324
36346,0.9636058848257673
36347,0.9636422607529779
36348,0.9636786003224401
36349,0.9637149035704936
36350,0.9637511705334416
36351,0.9637874012475511
36352,0.9638235957490529
36353,0.9638597540741413
36354,0.9638958762589747
36355,0.9639319623396754
36356,0.9639680123523293
36357,0.9640040263329867
36358,0.9640400043176613
36359,0.9640759463423314
36360,0.9641118524429387
36361,0.9641477226553896
36362,0.9641835570155541
36363,0.9642193555592667
36364,0.9642551183223259
36365,0.9642908453404945
36366,0.9643265366494995
36367,0.9643621922850323
36368,0.9633983120328733
36369,0.9634348954291423
36370,0.9634714422602976
36371,0.963507952562886
36372,0.9635444263734179
36373,0.9635808637283669
36374,0.9636172646641706
36375,0.96365362921723
36376,0.9636899574239094
36377,0.9637262493205372
36378,0.9637625049434052
36379,0.9637987243287691
36380,0.9638349075128483
36381,0.9628715542819509
36382,0.9629086641727236
36383,0.9629457369721511
36384,0.9629827727173064
36385,0.9630197714452251
36386,0.9630567331929061
36387,0.963093657997311
36388,0.9631305458953646
36389,0.9631673969239549
36390,0.9632042111199329
36391,0.9632409885201129
36392,0.9632777291612722
36393,0.9633144330801515
36394,0.9633511003134547
36395,0.963387730897849
36396,0.9634243248699651
36397,0.9634608822663969
36398,0.9634974031237019
36399,0.9635338874784009
36400,0.9635703353669781
36401,0.9636067468258817
36402,0.9636431218915229
36403,0.9626799603504019
36404,0.961717761489482
36405,0.961756024596439
36406,0.9617942494594112
36407,0.9608329358667481
36408,0.9608720833571361
36409,0.9609111917195978
36410,0.9609502609932414
36411,0.9609892912171363
36412,0.9610282824303126
36413,0.9610672346717616
36414,0.9611061479804355
36415,0.9611450223952477
36416,0.9611838579550726
36417,0.9612226546987457
36418,0.9612614126650638
36419,0.9613001318927848
36420,0.9613388124206281
36421,0.9613774542872742
36422,0.9614160575313648
36423,0.9614546221915033
36424,0.9614931483062544
36425,0.9615316359141443
36426,0.9615700850536604
36427,0.9616084957632519
36428,0.9616468680813296
36429,0.9616852020462658
36430,0.9617234976963945
36431,0.9617617550700114
36432,0.9617999742053737
36433,0.9618381551407006
36434,0.9618762979141732
36435,0.9619144025639341
36436,0.9619524691280881
36437,0.9619904976447017
36438,0.9620284881518034
36439,0.9620664406873838
36440,0.9621043552893954
36441,0.9621422319957529
36442,0.9621800708443329
36443,0.9622178718729743
36444,0.962255635119478
36445,0.9622933606216074
36446,0.962331048417088
36447,0.9623686985436077
36448,0.9624063110388166
36449,0.962443885940327
36450,0.9624814232857141
36451,0.962518923112515
36452,0.9625563854582296
36453,0.9625938103603203
36454,0.9626311978562121
36455,0.9626685479832924
36456,0.9627058607789113
36457,0.9627431362803817
36458,0.962780374524979
36459,0.9628175755499415
36460,0.9628547393924703
36461,0.9628918660897292
36462,0.962928955678845
36463,0.962966008196907
36464,0.9630030236809681
36465,0.9620405019181686
36466,0.9620784424459865
36467,0.9621163450522374
36468,0.9621542097748239
36469,0.9621920366516107
36470,0.9622298257204247
36471,0.962267577019055
36472,0.9613057903353778
36473,0.9603449649577313
36474,0.9603846001751648
36475,0.9604241957771886
36476,0.9604637518033984
36477,0.96050326829335
36478,0.96054274528656
36479,0.9605821828225055
36480,0.960621580940624
36481,0.9606609396803135
36482,0.9607002590809329
36483,0.9607395391818015
36484,0.9607787800221995
36485,0.9608179816413678
36486,0.9608571440785079
36487,0.9608962673727822
36488,0.9609353515633142
36489,0.9609743966891879
36490,0.9610134027894486
36491,0.9610523699031023
36492,0.9610912980691162
36493,0.9611301873264184
36494,0.9611690377138983
36495,0.9612078492704061
36496,0.9612466220347535
36497,0.9612853560457133
36498,0.9613240513420195
36499,0.9613627079623673
36500,0.9614013259454135
36501,0.9614399053297759
36502,0.961478446154034
36503,0.9605174482068536
36504,0.9605569110272365
36505,0.9605963344045206
36506,0.9606357183781293
36507,0.9606750629874465
36508,0.9607143682718169
36509,0.9607536342705457
36510,0.960792861022899
36511,0.9608320485681034
36512,0.9608711969453467
36513,0.9609103061937772
36514,0.960949376352504
36515,0.9609884074605974
36516,0.9610273995570886
36517,0.9600668524310946
36518,0.960106765622068
36519,0.960146638919797
36520,0.960186472364155
36521,0.9602262659949754
36522,0.9602660198520518
36523,0.9603057339751383
36524,0.9603454084039488
36525,0.9603850431781578
36526,0.9604246383374
36527,0.9604641939212707
36528,0.9605037099693254
36529,0.9605431865210803
36530,0.9605826236160118
36531,0.960622021293557
36532,0.9606613795931137
36533,0.9607006985540402
36534,0.9607399782156553
36535,0.9607792186172388
36536,0.9608184197980312
36537,0.9608575817972336
36538,0.960896704654008
36539,0.9609357884074773
36540,0.9609748330967252
36541,0.9610138387607964
36542,0.9610528054386966
36543,0.9610917331693926
36544,0.961130621991812
36545,0.9611694719448437
36546,0.9602087828174626
36547,0.9602485541489794
36548,0.9602882857290403
36549,0.9603279775973771
36550,0.9603676297936815
36551,0.9604072423576059
36552,0.9604468153287627
36553,0.95948684849685
36554,0.9595273414019005
36555,0.9595677938342825
36556,0.9596082058344481
36557,0.9596485774428094
36558,0.9596889086997381
36559,0.9597291996455655
36560,0.9597694503205824
36561,0.9598096607650396
36562,0.9598498310191474
36563,0.9598899611230763
36564,0.9599300511169563
36565,0.9599701010408773
36566,0.9600101109348894
36567,0.9600500808390025
36568,0.9600900107931863
36569,0.960129900837371
36570,0.9601697510114466
36571,0.9602095613552633
36572,0.9602493319086313
36573,0.9602890627113213
36574,0.9603287538030642
36575,0.9603684052235508
36576,0.9604080170124328
36577,0.9604475892093219
36578,0.9594876216039153
36579,0.9595281137362452
36580,0.9595685653966788
36581,0.9596089766256676
36582,0.959649347463623
36583,0.9596896779509156
36584,0.9597299681278763
36585,0.9597702180347949
36586,0.9598104277119215
36587,0.9598505971994657
36588,0.9598907265375972
36589,0.9599308157664452
36590,0.959970864926099
36591,0.9600108740566076
36592,0.9600508431979803
36593,0.9600907723901863
36594,0.9601306616731545
36595,0.9601705110867745
36596,0.9602103206708957
36597,0.9602500904653276
36598,0.96028982050984
36599,0.9603295108441631
36600,0.960369161507987
36601,0.9604087725409626
36602,0.9604483439827007
36603,0.960487875872773
36604,0.9605273682507112
36605,0.9605668211560078
36606,0.9596067343782406
36607,0.9596471074573228
36608,0.9596874401835024
36609,0.958728232347237
36610,0.9587694834893188
36611,0.9588106934008737
36612,0.9588518621231117
36613,0.9588929896972015
36614,0.9589340761642707
36615,0.9589751215654059
36616,0.9590161259416523
36617,0.9590570893340145
36618,0.9590980117834558
36619,0.9591388933308986
36620,0.9591797340172246
36621,0.9592205338832743
36622,0.9592612929698477
36623,0.959302011317704
36624,0.9593426889675614
36625,0.9593833259600976
36626,0.9594239223359495
36627,0.9594644781357137
36628,0.9595049933999459
36629,0.9595454681691613
36630,0.9585864022339597
36631,0.9586277951352751
36632,0.9586691466643752
36633,0.9587104568626117
36634,0.9587517257712947
36635,0.9587929534316932
36636,0.9588341398850349
36637,0.9588752851725061
36638,0.9589163893352523
36639,0.9589574524143775
36640,0.9589984744509448
36641,0.9590394554859764
36642,0.9590803955604531
36643,0.9591212947153153
36644,0.9591621529914619
36645,0.9592029704297513
36646,0.9592437470710009
36647,0.9592844829559874
36648,0.9593251781254467
36649,0.9593658326200739
36650,0.9594064464805236
36651,0.9594470197474096
36652,0.9594875524613052
36653,0.9595280446627432
36654,0.9595684963922158
36655,0.9596089076901746
36656,0.959649278597031
36657,0.9596896091531559
36658,0.9597298993988799
36659,0.9597701493744932
36660,0.9598103591202458
36661,0.9598505286763476
36662,0.9598906580829679
36663,0.9599307473802363
36664,0.958971296358367
36665,0.9590123045579089
36666,0.9590532717697451
36667,0.9590941980348427
36668,0.9591350833941282
36669,0.9591759278884869
36670,0.9592167315587633
36671,0.959257494445761
36672,0.9592982165902431
36673,0.9593388980329315
36674,0.9593795388145078
36675,0.9594201389756127
36676,0.9594606985568465
36677,0.9585017173488936
36678,0.9585431948927727
36679,0.9585846309798364
36680,0.9586260256515207
36681,0.9586673789492203
36682,0.9587086909142886
36683,0.9587499615880374
36684,0.9587911910117375
36685,0.9588323792266183
36686,0.9588735262738681
36687,0.9589146321946339
36688,0.9589556970300216
36689,0.958996720821096
36690,0.959037703608881
36691,0.9590786454343594
36692,0.959119546338473
36693,0.9591604063621226
36694,0.9592012255461685
36695,0.9592420039314297
36696,0.9592827415586846
36697,0.959323438468671
36698,0.9593640947020856
36699,0.9594047102995847
36700,0.9594452853017841
36701,0.9594858197492585
36702,0.9595263136825426
36703,0.9595667671421303
36704,0.959607180168475
36705,0.9596475528019898
36706,0.9596878850830473
36707,0.9597281770519798
36708,0.9597684287490792
36709,0.9598086402145973
36710,0.9598488114887457
36711,0.9598889426116954
36712,0.9599290336235778
36713,0.9599690845644838
36714,0.9600090954744643
36715,0.9600490663935304
36716,0.9600889973616528
36717,0.9601288884187625
36718,0.9601687396047508
36719,0.9602085509594687
36720,0.9602483225227275
36721,0.9592885540844239
36722,0.9593292451847893
36723,0.9593698956143898
36724,0.9594105054138756
36725,0.9594510746238567
36726,0.9594916032849024
36727,0.9595320914375411
36728,0.9595725391222613
36729,0.9596129463795103
36730,0.9596533132496957
36731,0.9596936397731842
36732,0.9597339259903025
36733,0.9597741719413366
36734,0.9598143776665327
36735,0.9598545432060963
36736,0.9598946686001931
36737,0.9599347538889486
36738,0.9599747991124479
36739,0.9600148043107363
36740,0.960054769523819
36741,0.9590951945417862
36742,0.9591360789050627
36743,0.959176922404408
36744,0.9582182248307904
36745,0.9582599857255123
36746,0.9583017048802094
36747,0.958343382336601
36748,0.9583850181363645
36749,0.9584266123211357
36750,0.9584681649325089
36751,0.9585096760120366
36752,0.95855114560123
36753,0.9575930734916835
36754,0.957635459225325
36755,0.9576778025944152
36756,0.9577201036412973
36757,0.9577623624082725
36758,0.9578045789375995
36759,0.9578467532714949
36760,0.9578888854521331
36761,0.9579309755216462
36762,0.9579730235221243
36763,0.9580150294956155
36764,0.9580569934841255
36765,0.9580989155296187
36766,0.9581407956740169
36767,0.9581826339592002
36768,0.9582244304270071
36769,0.958266185119234
36770,0.9583078980776356
36771,0.9583495693439248
36772,0.958391198959773
36773,0.9584327869668097
36774,0.9584743334066229
36775,0.9585158383207593
36776,0.9585573017507235
36777,0.9585987237379792
36778,0.9586401043239482
36779,0.9586814435500112
36780,0.9587227414575074
36781,0.9587639980877347
36782,0.9588052134819499
36783,0.9588463876813682
36784,0.958887520727164
36785,0.9589286126604701
36786,0.9589696635223787
36787,0.9590106733539405
36788,0.9590516421961655
36789,0.9590925700900224
36790,0.9591334570764392
36791,0.9591743031963028
36792,0.9592151084904594
36793,0.9592558729997144
36794,0.9592965967648321
36795,0.9593372798265365
36796,0.9583784219756354
36797,0.958420022753271
36798,0.9584615819509189
36799,0.9585030996101384
36800,0.9585445757724471
36801,0.9585860104793212
36802,0.9586274037721955
36803,0.9586687556924631
36804,0.9587100662814761
36805,0.9587513355805451
36806,0.9587925636309395
36807,0.9588337504738871
36808,0.9588748961505749
36809,0.9589160007021486
36810,0.9589570641697126
36811,0.9589980865943306
36812,0.959039068017025
36813,0.9590800084787771
36814,0.9591209080205274
36815,0.9591617666831755
36816,0.9592025845075801
36817,0.959243361534559
36818,0.9592840978048893
36819,0.9593247933593072
36820,0.9593654482385083
36821,0.9594060624831475
36822,0.9594466361338391
36823,0.9594871692311566
36824,0.9595276618156332
36825,0.9595681139277615
36826,0.9596085256079937
36827,0.9596488968967414
36828,0.9596892278343758
36829,0.959729518461228
36830,0.9597697688175886
36831,0.9598099789437079
36832,0.9598501488797961
36833,0.9598902786660233
36834,0.959930368342519
36835,0.9599704179493731
36836,0.9600104275266351
36837,0.9600503971143146
36838,0.9600903267523813
36839,0.9601302164807647
36840,0.9601700663393546
36841,0.9602098763680009
36842,0.9602496466065137
36843,0.9602893770946631
36844,0.9603290678721796
36845,0.9603687189787542
36846,0.9604083304540378
36847,0.960447902337642
36848,0.9604874346691386
36849,0.9605269274880599
36850,0.9605663808338989
36851,0.9606057947461089
36852,0.9606451692641037
36853,0.9606845044272581
36854,0.960723800274907
36855,0.9607630568463463
36856,0.9608022741808327
36857,0.9608414523175836
36858,0.9608805912957769
36859,0.9609196911545517
36860,0.9609587519330078
36861,0.9609977736702062
36862,0.9610367564051685
36863,0.9610757001768775
36864,0.9611146050242769
36865,0.9611534709862717
36866,0.9611922981017277
36867,0.9612310864094721
36868,0.9612698359482932
36869,0.9613085467569406
36870,0.961347218874125
36871,0.9613858523385187
36872,0.9614244471887551
36873,0.9604635032135539
36874,0.9605030199519712
36875,0.9605424971933985
36876,0.9605819349773131
36877,0.9606213333431529
36878,0.9606606923303161
36879,0.9607000119781619
36880,0.9607392923260099
36881,0.9607785334131402
36882,0.9608177352787942
36883,0.9608568979621738
36884,0.9608960215024415
36885,0.9609351059387209
36886,0.9609741513100964
36887,0.9610131576556136
36888,0.9610521250142786
36889,0.961091053425059
36890,0.961129942926883
36891,0.9611687935586403
36892,0.9612076053591814
36893,0.9612463783673181
36894,0.9612851126218235
36895,0.9613238081614318
36896,0.9613624650248387
36897,0.961401083250701
36898,0.9614396628776368
36899,0.9604787036943508
36900,0.9605182052398837
36901,0.960557667303612
36902,0.9605970899249977
36903,0.9606364731434635
36904,0.9606758169983926
36905,0.9607151215291287
36906,0.9607543867749767
36907,0.9607936127752016
36908,0.9608327995690294
36909,0.9608719471956471
36910,0.9609110556942021
36911,0.9609501251038031
36912,0.9609891554635194
36913,0.9610281468123815
36914,0.9610670991893806
36915,0.9611060126334692
36916,0.9611448871835606
36917,0.9611837228785296
36918,0.9612225197572117
36919,0.9612612778584039
36920,0.9612999972208642
36921,0.9613386778833122
36922,0.9613773198844283
36923,0.9614159232628546
36924,0.9614544880571946
36925,0.961493014306013
36926,0.961531502047836
36927,0.9615699513211515
36928,0.9616083621644087
36929,0.9616467346160185
36930,0.9616850687143533
36931,0.9617233644977473
36932,0.9617616220044962
36933,0.9617998412728576
36934,0.9618380223410506
36935,0.9618761652472565
36936,0.961914270029618
36937,0.9619523367262401
36938,0.9619903653751894
36939,0.9620283560144947
36940,0.9620663086821464
36941,0.9621042234160972
36942,0.9621421002542621
36943,0.9621799392345176
36944,0.962217740394703
36945,0.9622555037726194
36946,0.96229322940603
36947,0.9623309173326606
36948,0.9623685675901992
36949,0.962406180216296
36950,0.9624437552485635
36951,0.9624812927245769
36952,0.9625187926818737
36953,0.9625562551579537
36954,0.9625936801902796
36955,0.9626310678162763
36956,0.9626684180733315
36957,0.9627057309987954
36958,0.962743006629981
36959,0.9627802450041639
36960,0.9628174461585826
36961,0.962854610130438
36962,0.9628917369568943
36963,0.9629288266750784
36964,0.9629658793220798
36965,0.9630028949349513
36966,0.9630398735507084
36967,0.9630768152063299
36968,0.9631137199387574
36969,0.9631505877848956
36970,0.9631874187816123
36971,0.9632242129657386
36972,0.9632609703740687
36973,0.9632976910433599
36974,0.9633343750103331
36975,0.9633710223116722
36976,0.9634076329840243
36977,0.9634442070640004
36978,0.9634807445881742
36979,0.9635172455930836
36980,0.9635537101152295
36981,0.9635901381910763
36982,0.9636265298570522
36983,0.9636628851495489
36984,0.9636992041049217
36985,0.9627359865096144
36986,0.9627732319004094
36987,0.962810440064427
36988,0.9628476110388753
36989,0.9628847448609253
36990,0.962921841567711
36991,0.962958901196329
36992,0.9629959237838389
36993,0.9630329093672634
36994,0.9630698579835879
36995,0.9621072694198862
36996,0.9621451432135695
36997,0.9621829791523865
36998,0.9622207772741732
36999,0.9612590373668527
37000,0.961297758968685
37001,0.9613364418682665
37002,0.9613750861042802
37003,0.9614136917153704
37004,0.9614522587401426
37005,0.961490787217164
37006,0.961529277184963
37007,0.9615677286820294
37008,0.961606141746815
37009,0.9616445164177327
37010,0.9616828527331573
37011,0.9617211507314251
37012,0.9617594104508339
37013,0.9617976319296436
37014,0.9618358152060758
37015,0.9618739603183135
37016,0.9619120673045021
37017,0.9619501362027485
37018,0.9619881670511216
37019,0.9620261598876522
37020,0.9620641147503332
37021,0.9621020316771194
37022,0.9621399107059279
37023,0.9621777518746376
37024,0.9622155552210897
37025,0.9622533207830876
37026,0.9622910485983969
37027,0.9623287387047453
37028,0.962366391139823
37029,0.9624040059412825
37030,0.9624415831467384
37031,0.9624791227937682
37032,0.9625166249199114
37033,0.9625540895626701
37034,0.9615920165096339
37035,0.9616304052987297
37036,0.9616687557182212
37037,0.9617070678064589
37038,0.9617453416017547
37039,0.9617835771423827
37040,0.9618217744665782
37041,0.9618599336125386
37042,0.9618980546184231
37043,0.9619361375223527
37044,0.9619741823624104
37045,0.9620121891766409
37046,0.962050158003051
37047,0.9620880888796097
37048,0.9621259818442478
37049,0.9621638369348583
37050,0.9622016541892963
37051,0.9622394336453789
37052,0.9622771753408857
37053,0.9623148793135585
37054,0.9623525456011012
37055,0.96239017424118
37056,0.9614282650215487
37057,0.9614668174802977
37058,0.9615053314058546
37059,0.9615438068367334
37060,0.9615822438114093
37061,0.9616206423683195
37062,0.9616590025458623
37063,0.9616973243823982
37064,0.9617356079162489
37065,0.961773853185698
37066,0.9618120602289906
37067,0.9618502290843339
37068,0.9618883597898968
37069,0.96192645238381
37070,0.961964506904166
37071,0.9620025233890194
37072,0.9620405018763867
37073,0.9620784424042463
37074,0.962116345010539
37075,0.9621542097331671
37076,0.9621920366099955
37077,0.9622298256788511
37078,0.9622675769775229
37079,0.9623052905437622
37080,0.9623429664152827
37081,0.9623806046297602
37082,0.9624182052248329
37083,0.9624557682381014
37084,0.9624932937071288
37085,0.9625307816694405
37086,0.9625682321625245
37087,0.9626056452238313
37088,0.962643020890774
37089,0.9626803592007283
37090,0.9627176601910323
37091,0.9617554236491123
37092,0.9617936491127314
37093,0.96183183636999
37094,0.9618699854590755
37095,0.9619080964181369
37096,0.9619461692852852
37097,0.9619842040985933
37098,0.9620222008960959
37099,0.96206015971579
37100,0.9620980805956343
37101,0.9621359635735497
37102,0.9621738086874192
37103,0.962211615975088
37104,0.9622493854743632
37105,0.9622871172230145
37106,0.9623248112587737
37107,0.9613629673694596
37108,0.9614015850932283
37109,0.9614401642185724
37110,0.961478704784071
37111,0.9615172068282649
37112,0.961555670389656
37113,0.9605945952568327
37114,0.9606339809687199
37115,0.9606733273145782
37116,0.9607126343337541
37117,0.9607519020655544
37118,0.960791130549247
37119,0.9608303198240604
37120,0.9608694699291838
37121,0.9609085809037673
37122,0.960947652786922
37123,0.9609866856177196
37124,0.9610256794351931
37125,0.9610646342783363
37126,0.9611035501861042
37127,0.9611424271974124
37128,0.9611812653511381
37129,0.9612200646861195
37130,0.9612588252411559
37131,0.9612975470550078
37132,0.9613362301663971
37133,0.961374874614007
37134,0.9614134804364817
37135,0.9614520476724272
37136,0.9614905763604108
37137,0.9615290665389611
37138,0.9615675182465683
37139,0.9616059315216842
37140,0.9616443064027219
37141,0.9616826429280565
37142,0.9617209411360245
37143,0.961759201064924
37144,0.9617974227530149
37145,0.9618356062385192
37146,0.9618737515596201
37147,0.9619118587544631
37148,0.9619499278611553
37149,0.9619879589177658
37150,0.9620259519623258
37151,0.9620639070328282
37152,0.9621018241672281
37153,0.9621397034034428
37154,0.9621775447793514
37155,0.9622153483327953
37156,0.9622531141015781
37157,0.9622908421234656
37158,0.9623285324361858
37159,0.962366185077429
37160,0.9624038000848478
37161,0.9624413774960574
37162,0.9624789173486351
37163,0.9625164196801207
37164,0.9615543842781415
37165,0.9615928106806622
37166,0.9616311986759838
37167,0.9616695483024945
37168,0.961707859598544
37169,0.9617461326024435
37170,0.961784367352466
37171,0.9618225638868463
37172,0.9618607222437809
37173,0.9618988424614283
37174,0.9619369245779087
37175,0.960975468381429
37176,0.961014473410533
37177,0.9610534394541007
37178,0.9610923665510981
37179,0.9601317544905773
37180,0.960171602811926
37181,0.9602114113048676
37182,0.9602511800092106
37183,0.9602909089647237
37184,0.9603305982111358
37185,0.9603702477881361
37186,0.9604098577353744
37187,0.9604494280924605
37188,0.9604889588989648
37189,0.9605284501944181
37190,0.9605679020183118
37191,0.9606073144100976
37192,0.960646687409188
37193,0.9606860210549559
37194,0.9607253153867351
37195,0.9607645704438198
37196,0.9608037862654651
37197,0.959843462641012
37198,0.9598835991101363
37199,0.9599236954628498
37200,0.9599637517392487
37201,0.9590042677295144
37202,0.9590452429741626
37203,0.9590861772640435
37204,0.9591270706400915
37205,0.9591679231431999
37206,0.9592087348142212
37207,0.959249505693967
37208,0.9592902358232085
37209,0.9593309252426756
37210,0.9593715739930577
37211,0.9594121821150037
37212,0.9594527496491216
37213,0.959493276635979
37214,0.9595337631161031
37215,0.95957420912998
37216,0.959614614718056
37217,0.9596549799207366
37218,0.959695304778387
37219,0.9597355893313322
37220,0.9597758336198566
37221,0.9598160376842046
37222,0.9598562015645803
37223,0.9598963253011474
37224,0.9599364089340299
37225,0.9599764525033112
37226,0.9600164560490351
37227,0.9600564196112049
37228,0.9600963432297844
37229,0.9601362269446972
37230,0.960176070795827
37231,0.9602158748230176
37232,0.960255639066073
37233,0.9602953635647576
37234,0.9603350483587959
37235,0.9603746934878725
37236,0.9604142989916328
37237,0.9604538649096821
37238,0.9604933912815865
37239,0.9605328781468723
37240,0.9605723255450264
37241,0.9606117335154961
37242,0.9606511020976896
37243,0.9596909310811002
37244,0.9597312200055568
37245,0.9597714686612234
37246,0.9598116770883487
37247,0.959851845327141
37248,0.9598919734177686
37249,0.9599320614003595
37250,0.9599721093150018
37251,0.9590126169518683
37252,0.9590535838514667
37253,0.9590945098046386
37254,0.9591353948523101
37255,0.9591762390353663
37256,0.9592170423946513
37257,0.9592578049709686
37258,0.9592985268050805
37259,0.9593392079377091
37260,0.9593798484095355
37261,0.9594204482612001
37262,0.9594610075333029
37263,0.9595015262664031
37264,0.9595420045010193
37265,0.95958244227763
37266,0.9596228396366728
37267,0.9596631966185453
37268,0.9597035132636041
37269,0.9597437896121662
37270,0.9597840257045079
37271,0.9598242215808652
37272,0.959864377281434
37273,0.9599044928463701
37274,0.959944568315789
37275,0.9599846037297662
37276,0.9600245991283372
37277,0.9600645545514972
37278,0.9601044700392019
37279,0.9601443456313665
37280,0.9601841813678669
37281,0.9602239772885387
37282,0.9602637334331778
37283,0.9603034498415405
37284,0.9603431265533431
37285,0.9603827636082622
37286,0.9604223610459351
37287,0.9604619189059592
37288,0.9605014372278923
37289,0.9605409160512527
37290,0.9605803554155193
37291,0.9606197553601316
37292,0.9606591159244893
37293,0.960698437147953
37294,0.9607377190698441
37295,0.9607769617294444
37296,0.9608161651659967
37297,0.9608553294187043
37298,0.9608944545267316
37299,0.9609335405292037
37300,0.9609725874652064
37301,0.9610115953737869
37302,0.961050564293953
37303,0.9610894942646736
37304,0.9611283853248789
37305,0.9611672375134597
37306,0.9612060508692684
37307,0.9612448254311181
37308,0.9612835612377837
37309,0.9613222583280008
37310,0.9613609167404665
37311,0.9613995365138394
37312,0.961438117686739
37313,0.9614766602977468
37314,0.9615151643854052
37315,0.9615536299882184
37316,0.9615920571446519
37317,0.961630445893133
37318,0.9616687962720504
37319,0.9607076080698794
37320,0.9607468808254318
37321,0.9607861143278552
37322,0.960825308616383
37323,0.9608644637302097
37324,0.9609035797084904
37325,0.960942656590341
37326,0.9609816944148384
37327,0.9610206932210205
37328,0.961059653047886
37329,0.9610985739343948
37330,0.9611374559194679
37331,0.9611762990419871
37332,0.9612151033407957
37333,0.961253868854698
37334,0.9612925956224594
37335,0.9613312836828067
37336,0.9613699330744281
37337,0.9614085438359729
37338,0.9614471160060518
37339,0.9614856496232371
37340,0.9615241447260625
37341,0.961562601353023
37342,0.9616010195425752
37343,0.9616393993331372
37344,0.9616777407630891
37345,0.9617160438707721
37346,0.9617543086944895
37347,0.9617925352725061
37348,0.9618307236430483
37349,0.9618688738443046
37350,0.9619069859144252
37351,0.9619450598915222
37352,0.9619830958136696
37353,0.9620210937189033
37354,0.9620590536452213
37355,0.9620969756305834
37356,0.9621348597129117
37357,0.9621727059300902
37358,0.9622105143199652
37359,0.9612487846704699
37360,0.9612875165198748
37361,0.9613262096567864
37362,0.9613648641198981
37363,0.9614034799478642
37364,0.9614420571793006
37365,0.9614805958527846
37366,0.9615190960068547
37367,0.9615575576800113
37368,0.961595980910716
37369,0.9616343657373919
37370,0.961672712198424
37371,0.9617110203321587
37372,0.9617492901769041
37373,0.9617875217709302
37374,0.9618257151524685
37375,0.9618638703597124
37376,0.9619019874308171
37377,0.9619400664038997
37378,0.9619781073170393
37379,0.9620161102082766
37380,0.9610545748657396
37381,0.9610935008278928
37382,0.961132387883537
37383,0.9611712360715595
37384,0.9612100454308083
37385,0.9612488160000929
37386,0.9612875478181838
37387,0.9613262409238128
37388,0.961364895355673
37389,0.961403511152419
37390,0.9614420883526664
37391,0.9604811267451175
37392,0.9605206258688106
37393,0.9605600855131197
37394,0.9605995057175043
37395,0.9606388865213848
37396,0.960678227964142
37397,0.9607175300851174
37398,0.960756792923613
37399,0.9607960165188918
37400,0.9608352009101773
37401,0.9608743461366539
37402,0.9609134522374668
37403,0.9609525192517222
37404,0.9609915472184871
37405,0.9610305361767895
37406,0.9610694861656183
37407,0.9611083972239235
37408,0.9611472693906162
37409,0.9611861027045686
37410,0.961224897204614
37411,0.961263652929547
37412,0.9613023699181231
37413,0.9603415479591845
37414,0.960381186591909
37415,0.9604207856058101
37416,0.9604603450404869
37417,0.960499864935499
37418,0.9605393453303661
37419,0.9605787862645686
37420,0.9606181877775476
37421,0.9606575499087044
37422,0.9596973724475263
37423,0.9597376549338356
37424,0.9597778971577897
37425,0.959818099159631
37426,0.9598582609795614
37427,0.9598983826577427
37428,0.9599384642342967
37429,0.959978505749305
37430,0.9600185072428089
37431,0.96005846875481
37432,0.96009839032527
37433,0.9591387717442352
37434,0.9591796125520871
37435,0.9592204125395413
37436,0.9592611717473978
37437,0.9593018902164159
37438,0.959342567987314
37439,0.9593832051007699
37440,0.9594238015974208
37441,0.9594643575178632
37442,0.959504872902653
37443,0.9595453477923055
37444,0.9595857822272957
37445,0.959626176248058
37446,0.9596665298949865
37447,0.9597068432084348
37448,0.9597471162287162
37449,0.9597873489961039
37450,0.9598275415508304
37451,0.9598676939330885
37452,0.9599078061830304
37453,0.9599478783407684
37454,0.9599879104463749
37455,0.9600279025398818
37456,0.9600678546612812
37457,0.9601077668505253
37458,0.9601476391475263
37459,0.9601874715921564
37460,0.9602272642242482
37461,0.9602670170835943
37462,0.9603067302099475
37463,0.960346403643021
37464,0.9603860374224883
37465,0.9604256315879831
37466,0.9604651861790996
37467,0.9605047012353923
37468,0.9605441767963765
37469,0.9605836129015275
37470,0.9606230095902816
37471,0.9606623669020354
37472,0.9607016848761464
37473,0.9607409635519324
37474,0.9607802029686721
37475,0.9608194031656049
37476,0.9608585641819312
37477,0.9608976860568118
37478,0.9609367688293687
37479,0.9609758125386847
37480,0.9610148172238034
37481,0.9610537829237297
37482,0.960093209427554
37483,0.9601330962747029
37484,0.9601729432549381
37485,0.9602127504081065
37486,0.9602525177740154
37487,0.9602922453924322
37488,0.9603319333030844
37489,0.96037158154566
37490,0.9604111901598074
37491,0.9604507591851349
37492,0.9604902886612117
37493,0.9605297786275673
37494,0.9605692291236917
37495,0.9606086401890354
37496,0.9606480118630093
37497,0.9606873441849852
37498,0.9607266371942956
37499,0.9607658909302333
37500,0.9608051054320522
37501,0.9608442807389667
37502,0.9608834168901521
37503,0.9609225139247447
37504,0.9609615718818414
37505,0.9610005908005003
37506,0.9610395707197401
37507,0.961078511678541
37508,0.9611174137158438
37509,0.9611562768705506
37510,0.9611951011815246
37511,0.96123388668759
37512,0.9612726334275324
37513,0.9613113414400987
37514,0.9613500107639966
37515,0.9613886414378957
37516,0.9614272335004266
37517,0.9614657869901813
37518,0.9605048016958383
37519,0.9605442771564122
37520,0.9605837131612533
37521,0.9606231097497978
37522,0.9606624669614422
37523,0.9607017848355437
37524,0.9607410634114202
37525,0.9607803027283502
37526,0.9608195028255733
37527,0.9608586637422893
37528,0.9608977855176594
37529,0.9609368681908051
37530,0.9609759118008093
37531,0.9610149163867155
37532,0.9610538819875284
37533,0.9610928086422135
37534,0.9611316963896975
37535,0.9611705452688682
37536,0.9602098550686995
37537,0.9602496253285009
37538,0.9602893558379176
37539,0.9603290466366803
37540,0.9603686977644798
37541,0.960408309260967
37542,0.9604478811657536
37543,0.9604874135184116
37544,0.9605269063584732
37545,0.9605663597254313
37546,0.9606057736587391
37547,0.9606451481978109
37548,0.960684483382021
37549,0.9607237792507046
37550,0.9607630358431577
37551,0.9608022531986368
37552,0.9608414313563592
37553,0.9608805703555033
37554,0.960919670235208
37555,0.9609587310345731
37556,0.9609977527926594
37557,0.9610367355484889
37558,0.9610756793410441
37559,0.961114584209269
37560,0.9611534501920683
37561,0.9611922773283081
37562,0.9612310656568156
37563,0.961269815216379
37564,0.9613085260457479
37565,0.9613471981836332
37566,0.9613858316687071
37567,0.9614244265396029
37568,0.9604634825850406
37569,0.960502999344076
37570,0.9605424766061009
37571,0.9605819144105926
37572,0.9606213127969888
37573,0.960660671804688
37574,0.9606999914730491
37575,0.9607392718413919
37576,0.9607785129489966
37577,0.9608177148351046
37578,0.9608568775389176
37579,0.9608960010995983
37580,0.9609350855562704
37581,0.9609741309480182
37582,0.9610131373138873
37583,0.9610521046928839
37584,0.9610910331239755
37585,0.9611299226460904
37586,0.9611687732981183
37587,0.9612075851189098
37588,0.9612463581472767
37589,0.961285092421992
37590,0.9613237879817901
37591,0.9613624448653665
37592,0.9614010631113781
37593,0.9614396427584432
37594,0.9614781838451414
37595,0.9615166864100138
37596,0.9615551504915629
37597,0.961593576128253
37598,0.9616319633585096
37599,0.9616703122207201
37600,0.9617086227532331
37601,0.9617468949943593
37602,0.9617851289823709
37603,0.9618233247555019
37604,0.9618614823519482
37605,0.9618996018098673
37606,0.9619376831673787
37607,0.9609762262126886
37608,0.9600157302344651
37609,0.9600556945220868
37610,0.9600956188653931
37611,0.9601355033043082
37612,0.9601753478787167
37613,0.9602151526284631
37614,0.9602549175933522
37615,0.960294642813149
37616,0.9603343283275787
37617,0.9603739741763268
37618,0.960413580399039
37619,0.9604531470353218
37620,0.9604926741247418
37621,0.960532161706826
37622,0.960571609821062
37623,0.9606110185068981
37624,0.9606503878037428
37625,0.9606897177509655
37626,0.960729008387896
37627,0.9607682597538252
37628,0.9608074718880043
37629,0.9598471445797704
37630,0.9598872773687961
37631,0.9599273700450891
37632,0.9589679223988671
37633,0.9590089339706823
37634,0.9590499045514213
37635,0.9590908341820545
37636,0.9591317229035118
37637,0.9591725707566817
37638,0.9592133777824122
37639,0.9592541440215102
37640,0.9592948695147421
37641,0.9593355543028332
37642,0.9593761984264686
37643,0.9594168019262922
37644,0.9594573648429076
37645,0.9594978872168777
37646,0.9595383690887249
37647,0.9595788104989311
37648,0.9596192114879377
37649,0.9596595720961457
37650,0.9596998923639157
37651,0.9597401723315679
37652,0.9597804120393825
37653,0.959820611527599
37654,0.9588612705865419
37655,0.9579028885069951
37656,0.9579449645804514
37657,0.9579869985988617
37658,0.9580289906042602
37659,0.9580709406386387
37660,0.9581128487439474
37661,0.9581547149620944
37662,0.9581965393349459
37663,0.9582383219043262
37664,0.958280062712018
37665,0.9583217617997621
37666,0.9583634192092576
37667,0.9584050349821619
37668,0.9584466091600907
37669,0.9584881417846184
37670,0.9585296328972774
37671,0.958571082539559
37672,0.9586124907529128
37673,0.958653857578747
37674,0.9586951830584284
37675,0.9587364672332825
37676,0.9587777101445936
37677,0.9588189118336045
37678,0.9588600723415169
37679,0.9589011917094914
37680,0.9579427697287722
37681,0.9579848059409374
37682,0.958026800137898
37683,0.9580687523616482
37684,0.9581106626541404
37685,0.9581525310572846
37686,0.9581943576129495
37687,0.9582361423629615
37688,0.9582778853491055
37689,0.9583195866131244
37690,0.9583612461967195
37691,0.9584028641415503
37692,0.9574449402393599
37693,0.9574874740322241
37694,0.9575299653125517
37695,0.957572414122834
37696,0.9576148205055198
37697,0.9576571845030155
37698,0.9576995061576852
37699,0.9577417855118504
37700,0.9577840226077906
37701,0.9578262174877429
37702,0.957868370193902
37703,0.9579104807684209
37704,0.95795254925341
37705,0.9579945756909378
37706,0.9580365601230308
37707,0.9580785025916735
37708,0.9581204031388082
37709,0.9581622618063356
37710,0.9582040786361143
37711,0.9582458536699613
37712,0.9582875869496514
37713,0.9583292785169182
37714,0.958370928413453
37715,0.9574130364310307
37716,0.9574556021117593
37717,0.9574981252480793
37718,0.957540605882514
37719,0.957583044057544
37720,0.9576254398156074
37721,0.9576677931991001
37722,0.9577101042503754
37723,0.9577523730117443
37724,0.9577945995254757
37725,0.9578367838337961
37726,0.9578789259788898
37727,0.9579210260028989
37728,0.9579630839479234
37729,0.9580050998560214
37730,0.9580470737692088
37731,0.9580890057294595
37732,0.9581308957787055
37733,0.9581727439588367
37734,0.9582145503117014
37735,0.958256314879106
37736,0.9582980377028151
37737,0.9583397188245514
37738,0.9583813582859961
37739,0.9584229561287887
37740,0.958464512394527
37741,0.9585060271247674
37742,0.9585475003610245
37743,0.9585889321447716
37744,0.9586303225174405
37745,0.9586716715204215
37746,0.9587129791950638
37747,0.958754245582675
37748,0.9587954707245213
37749,0.9588366546618281
37750,0.9588777974357793
37751,0.9589188990875176
37752,0.9589599596581447
37753,0.9590009791887213
37754,0.9590419577202668
37755,0.9590828952937598
37756,0.9591237919501379
37757,0.9591646477302976
37758,0.959205462675095
37759,0.9592462368253448
37760,0.9592869702218212
37761,0.9593276629052576
37762,0.9593683149163468
37763,0.9594089262957407
37764,0.9594494970840508
37765,0.9594900273218478
37766,0.9595305170496621
37767,0.9585714660581082
37768,0.9586128738881351
37769,0.9586542403310255
37770,0.9586955654281459
37771,0.9587368492208215
37772,0.9587780917503359
37773,0.9588192930579318
37774,0.9588604531848104
37775,0.9589015721721319
37776,0.9589426500610153
37777,0.9589836868925385
37778,0.9590246827077384
37779,0.9590656375476108
37780,0.9591065514531104
37781,0.9591474244651513
37782,0.9591882566246065
37783,0.959229047972308
37784,0.9592697985490474
37785,0.9593105083955751
37786,0.959351177552601
37787,0.9593918060607943
37788,0.9594323939607835
37789,0.9594729412931565
37790,0.9595134480984607
37791,0.959553914417203
37792,0.9595943402898495
37793,0.9596347257568262
37794,0.9596750708585186
37795,0.9597153756352717
37796,0.9597556401273903
37797,0.9597958643751391
37798,0.9598360484187421
37799,0.9588766920485086
37800,0.9579182945552067
37801,0.957960355230314
37802,0.9580023738657659
37803,0.9580443505035813
37804,0.9580862851857366
37805,0.9581281779541666
37806,0.9581700288507642
37807,0.9582118379173801
37808,0.9582536051958235
37809,0.9582953307278617
37810,0.9583370145552201
37811,0.9583786567195828
37812,0.9584202572625917
37813,0.9584618162258475
37814,0.9585033336509091
37815,0.958544809579294
37816,0.9585862440524782
37817,0.958627637111896
37818,0.9586689887989406
37819,0.9587102991549636
37820,0.9587515682212755
37821,0.9587927960391452
37822,0.9588339826498008
37823,0.9588751280944287
37824,0.9589162324141743
37825,0.9589572956501422
37826,0.9579988175935203
37827,0.9580407977858306
37828,0.9580827360189282
37829,0.9581246323347514
37830,0.9581664867751964
37831,0.9582082993821178
37832,0.9582500701973281
37833,0.9582917992625981
37834,0.958333486619657
37835,0.9583751323101921
37836,0.9584167363758491
37837,0.9584582988582321
37838,0.9584998197989035
37839,0.9585412992393844
37840,0.9585827372211541
37841,0.9576246335357756
37842,0.9576669877251451
37843,0.9567097993316168
37844,0.956753067898002
37845,0.9567962932174442
37846,0.9568394753331689
37847,0.9568826142883582
37848,0.9569257101261509
37849,0.956968762889643
37850,0.9570117726218873
37851,0.9570547393658934
37852,0.9570976631646281
37853,0.9571405440610152
37854,0.9571833820979357
37855,0.9572261773182277
37856,0.9572689297646862
37857,0.9573116394800639
37858,0.9573543065070703
37859,0.9573969308883726
37860,0.9574395126665951
37861,0.9574820518843197
37862,0.9575245485840854
37863,0.9575670028083891
37864,0.9576094145996851
37865,0.9576517840003851
37866,0.9576941110528585
37867,0.9577363957994324
37868,0.9577786382823915
37869,0.9578208385439784
37870,0.9578629966263932
37871,0.9579051125717941
37872,0.957947186422297
37873,0.9579892182199758
37874,0.9580312080068625
37875,0.9580731558249466
37876,0.958115061716176
37877,0.9581569257224567
37878,0.9581987478856526
37879,0.958240528247586
37880,0.9582822668500371
37881,0.9583239637347447
37882,0.9583656189434057
37883,0.9574077322678001
37884,0.9574503032500411
37885,0.9574928316825748
37886,0.9575353176079295
37887,0.9575777610685913
37888,0.9576201621070035
37889,0.9576625207655672
37890,0.9577048370866411
37891,0.9577471111125415
37892,0.9577893428855425
37893,0.9578315324478758
37894,0.957873679841731
37895,0.9579157851092555
37896,0.9579578482925546
37897,0.9579998694336914
37898,0.9580418485746872
37899,0.9580837857575211
37900,0.9581256810241302
37901,0.9581675344164099
37902,0.9582093459762135
37903,0.9582511157453527
37904,0.9582928437655972
37905,0.9583345300786751
37906,0.9583761747262726
37907,0.9584177777500344
37908,0.9584593391915637
37909,0.9585008590924217
37910,0.9585423374941284
37911,0.9585837744381622
37912,0.9586251699659601
37913,0.9586665241189177
37914,0.9587078369383891
37915,0.9587491084656871
37916,0.9587903387420832
37917,0.9588315278088078
37918,0.9588726757070498
37919,0.9589137824779573
37920,0.958954848162637
37921,0.9589958728021546
37922,0.9590368564375348
37923,0.9590777991097611
37924,0.9591187008597764
37925,0.9591595617284823
37926,0.9592003817567396
37927,0.9592411609853686
37928,0.9592818994551483
37929,0.9593225972068173
37930,0.9593632542810734
37931,0.9594038707185736
37932,0.9594444465599343
37933,0.9594849818457315
37934,0.9595254766165003
37935,0.9595659309127357
37936,0.9596063447748918
37937,0.9596467182433827
37938,0.9596870513585817
37939,0.959727344160822
37940,0.9597675966903964
37941,0.9598078089875574
37942,0.9598479810925173
37943,0.9598881130454484
37944,0.9599282048864825
37945,0.9589687564058363
37946,0.9590097671440614
37947,0.9590507368920433
37948,0.959091665690752
37949,0.959132553581116
37950,0.9591734006040235
37951,0.9592142068003213
37952,0.9592549722108158
37953,0.9592956968762723
37954,0.9593363808374155
37955,0.9593770241349293
37956,0.9594176268094571
37957,0.9594581889016015
37958,0.9594987104519247
37959,0.9595391915009482
37960,0.9595796320891532
37961,0.9596200322569801
37962,0.9596603920448292
37963,0.9597007114930602
37964,0.9597409906419927
37965,0.9597812295319057
37966,0.9598214282030382
37967,0.9598615866955889
37968,0.9599017050497162
37969,0.9599417833055386
37970,0.9599818215031343
37971,0.9600218196825414
37972,0.9600617778837582
37973,0.960101696146743
37974,0.9601415745114139
37975,0.9601814130176494
37976,0.9602212117052878
37977,0.9602609706141282
37978,0.9603006897839291
37979,0.9603403692544099
37980,0.9603800090652501
37981,0.9604196092560895
37982,0.9604591698665281
37983,0.9604986909361268
37984,0.9605381725044065
37985,0.9605776146108489
37986,0.960617017294896
37987,0.9606563805959506
37988,0.9606957045533759
37989,0.960734989206496
37990,0.9607742345945954
37991,0.9608134407569197
37992,0.9608526077326749
37993,0.960891735561028
37994,0.960930824281107
37995,0.9609698739320004
37996,0.961008884552758
37997,0.9610478561823904
37998,0.9610867888598693
37999,0.9611256826241273
38000,0.9611645375140583
38001,0.9612033535685169
38002,0.9612421308263195
38003,0.9612808693262432
38004,0.9613195691070267
38005,0.9613582302073694
38006,0.9613968526659328
38007,0.9614354365213391
38008,0.9614739818121724
38009,0.9615124885769778
38010,0.9615509568542622
38011,0.9615893866824938
38012,0.9616277781001026
38013,0.9616661311454798
38014,0.9617044458569786
38015,0.9617427222729136
38016,0.9617809604315614
38017,0.96181916037116
38018,0.9618573221299095
38019,0.9618954457459715
38020,0.9619335312574698
38021,0.9619715787024898
38022,0.9620095881190791
38023,0.9620475595452469
38024,0.9620854930189648
38025,0.9621233885781663
38026,0.9621612462607468
38027,0.9621990661045642
38028,0.9622368481474382
38029,0.9622745924271509
38030,0.9623122989814465
38031,0.9623499678480318
38032,0.9623875990645755
38033,0.9624251926687089
38034,0.9624627486980255
38035,0.9625002671900814
38036,0.9625377481823951
38037,0.9625751917124477
38038,0.9626125978176826
38039,0.962649966535506
38040,0.9626872979032867
38041,0.9627245919583558
38042,0.9627618487380076
38043,0.9627990682794989
38044,0.9628362506200492
38045,0.9628733957968407
38046,0.9629105038470188
38047,0.9629475748076914
38048,0.9629846087159296
38049,0.9630216056087673
38050,0.9630585655232012
38051,0.9630954884961915
38052,0.963132374564661
38053,0.963169223765496
38054,0.9632060361355455
38055,0.9632428117116218
38056,0.9632795505305007
38057,0.9633162526289211
38058,0.9633529180435848
38059,0.9633895468111574
38060,0.9634261389682677
38061,0.9634626945515078
38062,0.9634992135974333
38063,0.9635356961425633
38064,0.9635721422233803
38065,0.9636085518763304
38066,0.9636449251378234
38067,0.9636812620442323
38068,0.9627180623820192
38069,0.9627553256879842
38070,0.9627925517492656
38071,0.9628297406030895
38072,0.9628668922866446
38073,0.9629040068370827
38074,0.9629410842915184
38075,0.9629781246870291
38076,0.9630151280606553
38077,0.9630520944494002
38078,0.9630890238902304
38079,0.9631259164200753
38080,0.9631627720758273
38081,0.9631995908943423
38082,0.9632363729124389
38083,0.9632731181668992
38084,0.9633098266944685
38085,0.9623469982819803
38086,0.962384632466606
38087,0.9624222290358547
38088,0.9624597880273231
38089,0.9624973094785702
38090,0.9625347934271173
38091,0.9625722399104486
38092,0.9626096489660104
38093,0.9626470206312118
38094,0.9626843549434244
38095,0.9627216519399827
38096,0.9627589116581836
38097,0.9627961341352869
38098,0.9628333194085149
38099,0.9628704675150531
38100,0.9619080782421745
38101,0.9619461511274897
38102,0.9619841859589465
38103,0.9620221827745797
38104,0.9620601416123863
38105,0.9620980625103249
38106,0.9621359455063166
38107,0.9621737906382444
38108,0.9622115979439533
38109,0.9622493674612507
38110,0.9622870992279061
38111,0.9623247932816513
38112,0.9623624496601804
38113,0.9624000684011497
38114,0.962437649542178
38115,0.9624751931208465
38116,0.9625126991746987
38117,0.9625501677412408
38118,0.9625875988579412
38119,0.9626249925622311
38120,0.9626623488915043
38121,0.9626996678831169
38122,0.9627369495743882
38123,0.9627741940025997
38124,0.9628114012049959
38125,0.962848571218784
38126,0.962885704081134
38127,0.9629227998291789
38128,0.9629598585000143
38129,0.962996880130699
38130,0.9630338647582545
38131,0.9630708124196655
38132,0.9631077231518798
38133,0.9631445969918079
38134,0.9631814339763238
38135,0.9632182341422645
38136,0.9632549975264302
38137,0.9632917241655842
38138,0.9633284140964532
38139,0.9633650673557271
38140,0.9634016839800592
38141,0.9634382640060661
38142,0.963474807470328
38143,0.962511814159513
38144,0.962549283610628
38145,0.9625867156110172
38146,0.9626241101981126
38147,0.9626614674093088
38148,0.9626987872819631
38149,0.9627360698533954
38150,0.9627733151608883
38151,0.962810523241687
38152,0.9628476941329996
38153,0.9628848278719971
38154,0.9629219244958133
38155,0.9629589840415446
38156,0.9629960065462506
38157,0.963032992046954
38158,0.9630699405806402
38159,0.9631068521842577
38160,0.9631437268947183
38161,0.9631805647488965
38162,0.9632173657836302
38163,0.9632541300357205
38164,0.9632908575419317
38165,0.9633275483389913
38166,0.96336420246359
38167,0.963400819952382
38168,0.9634374008419848
38169,0.9634739451689793
38170,0.9635104529699099
38171,0.9635469242812843
38172,0.9635833591395738
38173,0.9636197575812134
38174,0.9636561196426016
38175,0.9636924453601002
38176,0.9637287347700352
38177,0.9637649879086958
38178,0.9638012048123353
38179,0.9638373855171706
38180,0.9638735300593823
38181,0.963909638475115
38182,0.9639457108004772
38183,0.9639817470715412
38184,0.9640177473243432
38185,0.9640537115948836
38186,0.9640896399191267
38187,0.9641255323330006
38188,0.9641613888723979
38189,0.9641972095731751
38190,0.964232994471153
38191,0.9642687436021163
38192,0.9643044570018143
38193,0.9643401347059605
38194,0.9643757767502323
38195,0.9644113831702721
38196,0.9644469540016861
38197,0.9644824892800452
38198,0.9645179890408847
38199,0.9645534533197044
38200,0.9645888821519686
38201,0.964624275573106
38202,0.9646596336185103
38203,0.9646949563235392
38204,0.9647302437235157
38205,0.9647654958537271
38206,0.9648007127494255
38207,0.9648358944458278
38208,0.9648710409781158
38209,0.9649061523814361
38210,0.9649412286908999
38211,0.9649762699415837
38212,0.9650112761685287
38213,0.965046247406741
38214,0.9650811836911921
38215,0.9651160850568181
38216,0.9651509515385205
38217,0.9651857831711657
38218,0.9652205799895853
38219,0.9652553420285762
38220,0.9652900693229005
38221,0.9653247619072854
38222,0.9653594198164236
38223,0.9653940430849729
38224,0.9654286317475567
38225,0.9654631858387634
38226,0.9654977053931475
38227,0.9655321904452283
38228,0.965566641029491
38229,0.965601057180386
38230,0.9656354389323296
38231,0.9656697863197036
38232,0.9657040993768553
38233,0.9657383781380978
38234,0.9657726226377099
38235,0.9658068329099361
38236,0.9658410089889866
38237,0.9648756506591626
38238,0.9649107574551055
38239,0.964945829161797
38240,0.964980865814309
38241,0.965015867447678
38242,0.9650508340969057
38243,0.9650857657969588
38244,0.965120662582769
38245,0.9651555244892329
38246,0.9641908513013376
38247,0.9642266425544097
38248,0.9642623980341154
38249,0.9642981177762102
38250,0.9643338018164139
38251,0.9643694501904105
38252,0.9644050629338484
38253,0.9644406400823403
38254,0.9644761816714634
38255,0.9645116877367593
38256,0.964547158313734
38257,0.9645825934378582
38258,0.964617993144567
38259,0.9646533574692601
38260,0.9646886864473018
38261,0.964723980114021
38262,0.9647592385047117
38263,0.964794461654632
38264,0.9648296495990052
38265,0.9648648023730192
38266,0.9648999200118268
38267,0.9639355023006706
38268,0.9639715487751327
38269,0.9640075592211346
38270,0.9640435336746866
38271,0.9640794721717634
38272,0.9641153747483033
38273,0.964151241440209
38274,0.9641870722833472
38275,0.9642228673135488
38276,0.9642586265666087
38277,0.9642943500782862
38278,0.9643300378843049
38279,0.9643656900203527
38280,0.9644013065220814
38281,0.9644368874251078
38282,0.9644724327650127
38283,0.9645079425773415
38284,0.963543916647729
38285,0.9635803545121491
38286,0.9636167559569145
38287,0.9636531210184268
38288,0.963689449733051
38289,0.9637257421371159
38290,0.9637619982669139
38291,0.963798218158701
38292,0.9638344018486973
38293,0.9638705493730864
38294,0.9639066607680158
38295,0.963942736069597
38296,0.9639787753139053
38297,0.9640147785369798
38298,0.9640507457748239
38299,0.9640866770634048
38300,0.9641225724386537
38301,0.9641584319364662
38302,0.9641942555927017
38303,0.9642300434431837
38304,0.9642657955237003
38305,0.9643015118700035
38306,0.9643371925178096
38307,0.9643728375027992
38308,0.9644084468606176
38309,0.9644440206268738
38310,0.9644795588371419
38311,0.9645150615269599
38312,0.9645505287318304
38313,0.9645859604872209
38314,0.964621356828563
38315,0.9646567177912531
38316,0.9646920434106521
38317,0.9647273337220857
38318,0.9647625887608443
38319,0.9647978085621828
38320,0.964832993161321
38321,0.9648681425934436
38322,0.9649032568936999
38323,0.9649383360972045
38324,0.9649733802390363
38325,0.9650083893542397
38326,0.9650433634778237
38327,0.9640788023948874
38328,0.9641147056408695
38329,0.9641505730015484
38330,0.9641864045127913
38331,0.9642222002104296
38332,0.9642579601302592
38333,0.9642936843080401
38334,0.9643293727794963
38335,0.9643650255803163
38336,0.9644006427461531
38337,0.9644362243126238
38338,0.9644717703153098
38339,0.9645072807897573
38340,0.9645427557714767
38341,0.964578195295943
38342,0.9646135993985957
38343,0.964648968114839
38344,0.9646843014800416
38345,0.9647195995295368
38346,0.9647548622986227
38347,0.9647900898225621
38348,0.9648252821365825
38349,0.9648604392758763
38350,0.9648955612756005
38351,0.9649306481708773
38352,0.9649656999967934
38353,0.9650007167884008
38354,0.9650356985807163
38355,0.9650706454087216
38356,0.9651055573073635
38357,0.965140434311554
38358,0.9651752764561702
38359,0.964210583526179
38360,0.9642463550568875
38361,0.9642820908339421
38362,0.9643177908930786
38363,0.964353455269997
38364,0.9643890840003618
38365,0.9644246771198017
38366,0.9644602346639098
38367,0.9644957566682437
38368,0.9645312431683254
38369,0.9645666941996414
38370,0.9646021097976427
38371,0.964637489997745
38372,0.9646728348353285
38373,0.9647081443457379
38374,0.9647434185642829
38375,0.9637791572763627
38376,0.9638153600177156
38377,0.9638515265744195
38378,0.963887656982641
38379,0.9629242510286353
38380,0.9629613082489965
38381,0.9629983284306567
38382,0.963035311610636
38383,0.9630722578259178
38384,0.9631091671134481
38385,0.9631460395101363
38386,0.9631828750528548
38387,0.9632196737784392
38388,0.9632564357236881
38389,0.9632931609253637
38390,0.9633298494201908
38391,0.9633665012448583
38392,0.963403116436018
38393,0.9634396950302848
38394,0.9634762370642376
38395,0.9635127425744182
38396,0.9635492115973323
38397,0.9635856441694489
38398,0.9636220403272006
38399,0.9636584001069834
38400,0.9636947235451574
38401,0.9637310106780458
38402,0.9637672615419358
38403,0.9638034761730783
38404,0.9638396546076878
38405,0.963875796881943
38406,0.963911903031986
38407,0.9639479730939231
38408,0.9639840071038243
38409,0.9640200050977235
38410,0.9640559671116188
38411,0.9640918931814723
38412,0.9641277833432099
38413,0.964163637632722
38414,0.9641994560858627
38415,0.9632357384885755
38416,0.9632724843771426
38417,0.963309193538185
38418,0.9633458660084117
38419,0.9633825018244953
38420,0.9634191010230715
38421,0.9634556636407395
38422,0.9634921897140621
38423,0.9635286792795653
38424,0.9635651323737386
38425,0.9636015490330353
38426,0.9636379292938718
38427,0.9636742731926285
38428,0.9637105807656494
38429,0.9637468520492419
38430,0.9637830870796775
38431,0.9638192858931911
38432,0.9638554485259815
38433,0.9638915750142114
38434,0.9639276653940073
38435,0.9639637197014596
38436,0.9639997379726225
38437,0.9640357202435145
38438,0.9640716665501177
38439,0.9641075769283785
38440,0.9641434514142072
38441,0.9641792900434784
38442,0.9642150928520306
38443,0.9642508598756667
38444,0.9642865911501538
38445,0.9643222867112231
38446,0.9643579465945702
38447,0.964393570835855
38448,0.9644291594707017
38449,0.964464712534699
38450,0.9645002300633999
38451,0.964535712092322
38452,0.9645711586569474
38453,0.9646065697927226
38454,0.9646419455350588
38455,0.9646772859193316
38456,0.9647125909808815
38457,0.9647478607550135
38458,0.9647830952769975
38459,0.9648182945820679
38460,0.9638539584555491
38461,0.9638900864331048
38462,0.9639261783007379
38463,0.9639622340945403
38464,0.9639982538505677
38465,0.96403423760484
38466,0.9640701853933409
38467,0.9641060972520182
38468,0.9641419732167839
38469,0.9641778133235137
38470,0.9642136176080479
38471,0.9642493861061908
38472,0.9642851188537108
38473,0.9643208158863408
38474,0.9643564772397777
38475,0.9643921029496829
38476,0.9634281928018071
38477,0.9634647463322401
38478,0.9635012633274103
38479,0.9635377438238346
38480,0.9635741878579936
38481,0.9636105954663314
38482,0.9636469666852556
38483,0.9636833015511375
38484,0.9637196001003118
38485,0.9637558623690771
38486,0.9637920883936957
38487,0.9638282782103936
38488,0.9638644318553607
38489,0.9639005493647507
38490,0.963936630774681
38491,0.9639726761212329
38492,0.9640086854404522
38493,0.9640446587683478
38494,0.9640805961408931
38495,0.9641164975940257
38496,0.9641523631636469
38497,0.9641881928856223
38498,0.9642239867957816
38499,0.9642597449299187
38500,0.9642954673237919
38501,0.9643311540131234
38502,0.9643668050336001
38503,0.9644024204208729
38504,0.9644380002105571
38505,0.9644735444382327
38506,0.9645090531394439
38507,0.9645445263496993
38508,0.9645799641044722
38509,0.9646153664392004
38510,0.9646507333892862
38511,0.9646860649900965
38512,0.964721361276963
38513,0.9647566222851819
38514,0.9647918480500143
38515,0.964827038606686
38516,0.9648621939903874
38517,0.9648973142362741
38518,0.9649323993794663
38519,0.964967449455049
38520,0.9650024644980724
38521,0.9650374445435516
38522,0.9650723896264666
38523,0.9651072997817625
38524,0.9651421750443494
38525,0.9641775151992277
38526,0.9642133197817372
38527,0.9642490885775575
38528,0.9642848216224575
38529,0.9643205189521702
38530,0.9643561806023929
38531,0.9643918066087873
38532,0.9644273970069794
38533,0.9644629518325597
38534,0.9644984711210829
38535,0.9645339549080683
38536,0.9645694032289998
38537,0.9646048161193256
38538,0.9646401936144587
38539,0.9646755357497766
38540,0.9647108425606215
38541,0.9647461140823
38542,0.9647813503500838
38543,0.9648165513992092
38544,0.9648517172648772
38545,0.9648868479822537
38546,0.9649219435864693
38547,0.9649570041126198
38548,0.9649920295957656
38549,0.9650270200709322
38550,0.9650619755731102
38551,0.965096896137255
38552,0.9651317817982873
38553,0.9651666325910926
38554,0.9652014485505218
38555,0.9652362297113909
38556,0.965270976108481
38557,0.9643061875266634
38558,0.9643418635011495
38559,0.9643775038174902
38560,0.9644131085113258
38561,0.964448677618261
38562,0.964484211173865
38563,0.9635202089637961
38564,0.9635566705240521
38565,0.9635930956409696
38566,0.9636294843509736
38567,0.9636658366904529
38568,0.9637021526957598
38569,0.9637384324032102
38570,0.963774675849084
38571,0.9638108830696247
38572,0.9638470541010393
38573,0.9638831889794991
38574,0.9639192877411388
38575,0.9639553504220572
38576,0.963991377058317
38577,0.9640273676859448
38578,0.9640633223409313
38579,0.9640992410592312
38580,0.9631356236268881
38581,0.9631724695802845
38582,0.9632092787061413
38583,0.9632460510412676
38584,0.9632827866224357
38585,0.9633194854863814
38586,0.9633561476698033
38587,0.9633927732093637
38588,0.9634293621416882
38589,0.9634659145033656
38590,0.9635024303309484
38591,0.9635389096609525
38592,0.963575352529857
38593,0.9636117589741051
38594,0.963648129030103
38595,0.9636844627342208
38596,0.9637207601227923
38597,0.9637570212321148
38598,0.9637932460984495
38599,0.9638294347580213
38600,0.9638655872470188
38601,0.9639017036015944
38602,0.9639377838578647
38603,0.9639738280519098
38604,0.964009836219774
38605,0.9640458083974653
38606,0.9640817446209561
38607,0.9641176449261825
38608,0.9641535093490449
38609,0.9641893379254076
38610,0.9642251306910994
38611,0.9642608876819129
38612,0.9642966089336051
38613,0.9643322944818974
38614,0.9643679443624752
38615,0.9644035586109885
38616,0.9644391372630514
38617,0.9644746803542428
38618,0.9645101879201056
38619,0.9645456599961474
38620,0.9645810966178404
38621,0.9646164978206212
38622,0.964651863639891
38623,0.9646871941110156
38624,0.9647224892693254
38625,0.9647577491501156
38626,0.9647929737886463
38627,0.9648281632201419
38628,0.9648633174797919
38629,0.9648984366027507
38630,0.9649335206241372
38631,0.9649685695790355
38632,0.9650035835024948
38633,0.9650385624295288
38634,0.9650735063951165
38635,0.9651084154342018
38636,0.9651432895816938
38637,0.9651781288724668
38638,0.9652129333413598
38639,0.9652477030231775
38640,0.9652824379526896
38641,0.9653171381646309
38642,0.9653518036937018
38643,0.9653864345745676
38644,0.9654210308418594
38645,0.9654555925301733
38646,0.9654901196740712
38647,0.9655246123080801
38648,0.9655590704666926
38649,0.9655934941843671
38650,0.9656278834955272
38651,0.9656622384345621
38652,0.965696559035827
38653,0.9657308453336422
38654,0.9657650973622942
38655,0.965799315156035
38656,0.9658334987490824
38657,0.9658676481756201
38658,0.9659017634697974
38659,0.9659358446657297
38660,0.965969891797498
38661,0.9660039048991497
38662,0.9660378840046977
38663,0.9660718291481213
38664,0.9661057403633655
38665,0.9661396176843416
38666,0.966173461144927
38667,0.9662072707789651
38668,0.9662410466202654
38669,0.966274788702604
38670,0.9663084970597228
38671,0.9663421717253302
38672,0.966375812733101
38673,0.9664094201166762
38674,0.966442993909663
38675,0.9664765341456354
38676,0.9665100408581335
38677,0.9665435140806641
38678,0.9665769538467004
38679,0.9666103601896822
38680,0.9666437331430158
38681,0.9666770727400742
38682,0.9667103790141971
38683,0.9667436519986906
38684,0.9667768917268279
38685,0.9668100982318486
38686,0.9668432715469591
38687,0.966876411705333
38688,0.9669095187401103
38689,0.9669425926843981
38690,0.9669756335712703
38691,0.9670086414337677
38692,0.9670416163048984
38693,0.9670745582176371
38694,0.9671074672049258
38695,0.9671403432996735
38696,0.9671731865347563
38697,0.9672059969430173
38698,0.9672387745572673
38699,0.9672715194102834
38700,0.9673042315348109
38701,0.9673369109635618
38702,0.9673695577292154
38703,0.9674021718644186
38704,0.9674347534017854
38705,0.9674673023738976
38706,0.9674998188133039
38707,0.967532302752521
38708,0.9675647542240328
38709,0.9675971732602906
38710,0.9676295598937136
38711,0.9676619141566883
38712,0.9676942360815692
38713,0.9677265257006781
38714,0.9677587830463046
38715,0.9677910081507061
38716,0.9678232010461076
38717,0.9678553617647022
38718,0.9678874903386505
38719,0.9679195868000812
38720,0.9679516511810906
38721,0.9679836835137432
38722,0.9680156838300713
38723,0.9680476521620752
38724,0.9680795885417233
38725,0.9671119927510768
38726,0.96714486432254
38727,0.9671777030388593
38728,0.9672105089328734
38729,0.9672432820373883
38730,0.967276022385177
38731,0.9673087300089799
38732,0.9673414049415047
38733,0.9673740472154262
38734,0.9674066568633868
38735,0.9674392339179961
38736,0.9674717784118312
38737,0.9675042903774366
38738,0.9675367698473242
38739,0.9675692168539736
38740,0.9676016314298317
38741,0.9676340136073132
38742,0.9676663634188001
38743,0.9676986808966423
38744,0.9677309660731575
38745,0.9677632189806306
38746,0.9677954396513145
38747,0.9678276281174302
38748,0.9678597844111658
38749,0.9678919085646779
38750,0.9679240006100905
38751,0.9679560605794958
38752,0.9679880885049535
38753,0.9680200844184919
38754,0.9680520483521066
38755,0.9680839803377617
38756,0.968115880407389
38757,0.9681477485928889
38758,0.9681795849261293
38759,0.9682113894389468
38760,0.9682431621631458
38761,0.9682749031304989
38762,0.9683066123727473
38763,0.9683382899216001
38764,0.9683699358087349
38765,0.9684015500657976
38766,0.9684331327244026
38767,0.9684646838161323
38768,0.968496203372538
38769,0.9685276914251391
38770,0.9685591480054238
38771,0.9685905731448486
38772,0.9686219668748388
38773,0.968653329226788
38774,0.9686846602320586
38775,0.9687159599219816
38776,0.9687472283278566
38777,0.9687784654809523
38778,0.9688096714125055
38779,0.9688408461537223
38780,0.9688719897357776
38781,0.9689031021898148
38782,0.9689341835469464
38783,0.9689652338382538
38784,0.9689962530947873
38785,0.9690272413475661
38786,0.9690581986275786
38787,0.9690891249657819
38788,0.9691200203931025
38789,0.9691508849404358
38790,0.9691817186386462
38791,0.9692125215185676
38792,0.9692432936110028
38793,0.9692740349467239
38794,0.9693047455564723
38795,0.9693354254709585
38796,0.9693660747208626
38797,0.9693966933368338
38798,0.9694272813494906
38799,0.9694578387894212
38800,0.9694883656871829
38801,0.9695188620733026
38802,0.9695493279782769
38803,0.9695797634325715
38804,0.9696101684666218
38805,0.9696405431108331
38806,0.9686713871457049
38807,0.968702700102081
38808,0.9687339817611494
38809,0.9687652321541917
38810,0.9687964513124584
38811,0.9678281390172935
38812,0.9678602948003846
38813,0.9678924184437625
38814,0.9679245099795508
38815,0.9679565694398411
38816,0.9679885968566928
38817,0.9680205922621334
38818,0.9680525556881583
38819,0.9680844871667308
38820,0.9681163867297825
38821,0.968148254409213
38822,0.96818009023689
38823,0.9682118942446493
38824,0.9682436664642948
38825,0.9682754069275988
38826,0.9683071156663019
38827,0.9683387927121127
38828,0.9683704380967082
38829,0.968402051851734
38830,0.9684336340088038
38831,0.9684651845994996
38832,0.9684967036553721
38833,0.9685281912079404
38834,0.9685596472886921
38835,0.9685910719290832
38836,0.9686224651605384
38837,0.9686538270144509
38838,0.9686851575221825
38839,0.9687164567150639
38840,0.9687477246243942
38841,0.9687789612814413
38842,0.9688101667174418
38843,0.9688413409636013
38844,0.9688724840510939
38845,0.9689035960110629
38846,0.9689346768746201
38847,0.9689657266728463
38848,0.9689967454367915
38849,0.9690277331974744
38850,0.9680591897360077
38851,0.9680911145838478
38852,0.9681230075227945
38853,0.9681548685847406
38854,0.9681866978015475
38855,0.9682184952050442
38856,0.9682502608270281
38857,0.968281994699265
38858,0.9683136968534887
38859,0.9683453673214012
38860,0.9683770061346731
38861,0.9684086133249433
38862,0.9684401889238189
38863,0.9684717329628756
38864,0.9685032454736573
38865,0.9685347264876766
38866,0.9685661760364145
38867,0.9685975941513206
38868,0.967629480613938
38869,0.967661834956153
38870,0.9666946567103197
38871,0.96672794540926
38872,0.9667612008361373
38873,0.966794423024207
38874,0.9668276120066915
38875,0.9668607678167798
38876,0.9668938904876275
38877,0.9669269800523576
38878,0.9669600365440594
38879,0.9669930599957894
38880,0.9670260504405712
38881,0.9670590079113952
38882,0.9670919324412189
38883,0.9661253238130918
38884,0.966159181560405
38885,0.9661930054668914
38886,0.9662267955663747
38887,0.9662605518926451
38888,0.9662942744794591
38889,0.9663279633605392
38890,0.9663616185695741
38891,0.9663952401402193
38892,0.9664288281060961
38893,0.9664623825007926
38894,0.9664959033578633
38895,0.9665293907108289
38896,0.9665628445931769
38897,0.9665962650383612
38898,0.9666296520798021
38899,0.9666630057508868
38900,0.9666963260849689
38901,0.9667296131153688
38902,0.9667628668753734
38903,0.9667960873982365
38904,0.9668292747171788
38905,0.9668624288653875
38906,0.9668955498760168
38907,0.9669286377821876
38908,0.9669616926169881
38909,0.9669947144134728
38910,0.9670277032046638
38911,0.9670606590235497
38912,0.9670935819030864
38913,0.9671264718761967
38914,0.9671593289757707
38915,0.9671921532346656
38916,0.9672249446857054
38917,0.9672577033616817
38918,0.9662909290454781
38919,0.9663246212703201
38920,0.9663582798197751
38921,0.9653924044776264
38922,0.9654269947779986
38923,0.965461550505357
38924,0.9654960716942572
38925,0.9655305583792205
38926,0.9655650105947335
38927,0.9655994283752486
38928,0.9656338117551834
38929,0.9656681607689214
38930,0.9657024754508114
38931,0.9657367558351685
38932,0.9657710019562727
38933,0.9658052138483704
38934,0.9658393915456733
38935,0.9648740348324842
38936,0.9649091432434462
38937,0.9649442165635428
38938,0.9649792548278471
38939,0.9650142580713974
38940,0.9650492263291971
38941,0.9650841596362144
38942,0.9651190580273826
38943,0.9651539215376002
38944,0.9651887502017304
38945,0.9652235440546023
38946,0.9652583031310095
38947,0.9652930274657111
38948,0.9653277170934316
38949,0.9653623720488604
38950,0.9653969923666527
38951,0.9654315780814287
38952,0.9654661292277741
38953,0.9655006458402401
38954,0.9655351279533433
38955,0.9655695756015659
38956,0.9656039888193554
38957,0.9656383676411251
38958,0.9656727121012539
38959,0.9657070222340862
38960,0.9657412980739322
38961,0.9657755396550677
38962,0.9658097470117343
38963,0.9658439201781394
38964,0.965878059188456
38965,0.9659121640768235
38966,0.9659462348773463
38967,0.9659802716240956
38968,0.966014274351108
38969,0.9660482430923862
38970,0.9660821778818991
38971,0.9661160787535814
38972,0.966149945741334
38973,0.9661837788790237
38974,0.9662175782004839
38975,0.9662513437395139
38976,0.9662850755298792
38977,0.9663187736053116
38978,0.9663524379995092
38979,0.9663860687461364
38980,0.9664196658788239
38981,0.9664532294311688
38982,0.9664867594367349
38983,0.966520255929052
38984,0.9665537189416167
38985,0.966587148507892
38986,0.9666205446613073
38987,0.966653907435259
38988,0.9666872368631099
38989,0.9667205329781892
38990,0.9667537958137932
38991,0.9667870254031847
38992,0.9668202217795934
38993,0.9668533849762154
38994,0.9668865150262143
38995,0.9669196119627198
38996,0.966952675818829
38997,0.9669857066276059
38998,0.967018704422081
38999,0.9670516692352524
39000,0.9670846011000848
39001,0.9671175000495099
39002,0.9671503661164269
39003,0.9671831993337019
39004,0.9662164994842929
39005,0.9662502661015
39006,0.9662839989689648
39007,0.9663176981204201
39008,0.9663513635895651
39009,0.9663849954100653
39010,0.9664185936155525
39011,0.9664521582396249
39012,0.9664856893158472
39013,0.9665191868777504
39014,0.9665526509588321
39015,0.9665860815925564
39016,0.966619478812354
39017,0.966652842651622
39018,0.9666861731437243
39019,0.9667194703219915
39020,0.9667527342197206
39021,0.9667859648701757
39022,0.9668191623065873
39023,0.9668523265621529
39024,0.9668854576700369
39025,0.9669185556633701
39026,0.9669516205752509
39027,0.9669846524387439
39028,0.9670176512868811
39029,0.9670506171526614
39030,0.9670835500690506
39031,0.9671164500689815
39032,0.9671493171853544
39033,0.9671821514510361
39034,0.9672149528988612
39035,0.967247721561631
39036,0.9672804574721141
39037,0.9673131606630465
39038,0.9673458311671315
39039,0.9673784690170394
39040,0.9674110742454082
39041,0.9674436468848431
39042,0.9674761869679167
39043,0.9675086945271691
39044,0.967541169595108
39045,0.9675736122042083
39046,0.9676060223869127
39047,0.9676384001756314
39048,0.9676707456027422
39049,0.9677030587005906
39050,0.9677353395014896
39051,0.96776758803772
39052,0.9677998043415303
39053,0.967831988445137
39054,0.967864140380724
39055,0.9678962601804434
39056,0.9679283478764149
39057,0.9679604035007263
39058,0.9679924270854332
39059,0.9680244186625592
39060,0.9680563782640959
39061,0.9680883059220028
39062,0.9681202016682077
39063,0.9681520655346063
39064,0.9681838975530624
39065,0.9682156977554082
39066,0.9682474661734437
39067,0.9682792028389375
39068,0.9683109077836263
39069,0.9683425810392149
39070,0.9683742226373766
39071,0.968405832609753
39072,0.9684374109879541
39073,0.9684689578035584
39074,0.9685004730881125
39075,0.9685319568731319
39076,0.9685634091901003
39077,0.96859483007047
39078,0.9686262195456619
39079,0.9686575776470655
39080,0.9686889044060389
39081,0.968720199853909
39082,0.9687514640219711
39083,0.9687826969414893
39084,0.9688138986436967
39085,0.968845069159795
39086,0.9688762085209546
39087,0.968907316758315
39088,0.9689383939029843
39089,0.9689694399860398
39090,0.9690004550385275
39091,0.9690314390914625
39092,0.9690623921758289
39093,0.9690933143225797
39094,0.9691242055626371
39095,0.9691550659268924
39096,0.9691858954462058
39097,0.969216694151407
39098,0.9692474620732946
39099,0.9692781992426366
39100,0.9693089056901701
39101,0.9693395814466017
39102,0.9693702265426071
39103,0.9694008410088314
39104,0.9694314248758891
39105,0.969461978174364
39106,0.9694925009348094
39107,0.9695229931877481
39108,0.9695534549636724
39109,0.969583886293044
39110,0.9696142872062944
39111,0.9696446577338244
39112,0.9696749979060044
39113,0.9697053077531749
39114,0.9697355873056455
39115,0.9697658365936958
39116,0.9697960556475751
39117,0.9698262444975025
39118,0.969856403173667
39119,0.969886531706227
39120,0.9699166301253112
39121,0.969946698461018
39122,0.9699767367434158
39123,0.9700067450025428
39124,0.9700367232684073
39125,0.9700666715709876
39126,0.970096589940232
39127,0.9701264784060588
39128,0.9701563369983566
39129,0.9701861657469839
39130,0.9702159646817695
39131,0.9702457338325123
39132,0.9702754732289816
39133,0.9703051829009166
39134,0.9703348628780272
39135,0.9703645131899932
39136,0.9703941338664649
39137,0.9704237249370631
39138,0.9704532864313788
39139,0.9704828183789737
39140,0.9705123208093794
39141,0.9705417937520987
39142,0.9695717369867293
39143,0.9696021500432143
39144,0.9696325327018417
39145,0.9696628849929942
39146,0.9696932069470242
39147,0.9697234985942536
39148,0.9697537599649739
39149,0.9697839910894467
39150,0.969814191997903
39151,0.9698443627205438
39152,0.9698745032875397
39153,0.9699046137290314
39154,0.9699346940751293
39155,0.9699647443559138
39156,0.9699947646014352
39157,0.9690252545918385
39158,0.9690562138576138
39159,0.9690871421795951
39160,0.969118039588711
39161,0.9691489061158587
39162,0.9691797417919048
39163,0.969210546647685
39164,0.9692413207140042
39165,0.9692720640216363
39166,0.9693027766013249
39167,0.9693334584837824
39168,0.9693641096996907
39169,0.968395230029826
39170,0.9684268190053084
39171,0.9684583764076019
39172,0.9684899022682639
39173,0.9685213966188204
39174,0.9685528594907656
39175,0.9685842909155625
39176,0.9686156909246424
39177,0.9686470595494053
39178,0.96867839682122
39179,0.9687097027714238
39180,0.9687409774313224
39181,0.9687722208321906
39182,0.9688034330052718
39183,0.9688346139817783
39184,0.9688657637928909
39185,0.9688968824697596
39186,0.968927970043503
39187,0.9689590265452086
39188,0.968990052005933
39189,0.9690210464567017
39190,0.9690520099285092
39191,0.9690829424523187
39192,0.9691138440590631
39193,0.9691447147796437
39194,0.9691755546449314
39195,0.9692063636857661
39196,0.9692371419329567
39197,0.9692678894172816
39198,0.9692986061694882
39199,0.9693292922202933
39200,0.9693599476003829
39201,0.9693905723404125
39202,0.9694211664710067
39203,0.9694517300227599
39204,0.9694822630262354
39205,0.9695127655119663
39206,0.9685437372605801
39207,0.9685751778030482
39208,0.9686065869206864
39209,0.9686379646449036
39210,0.9686693110070776
39211,0.9687006260385548
39212,0.9687319097706502
39213,0.9687631622346475
39214,0.9687943834617994
39215,0.9688255734833268
39216,0.9688567323304199
39217,0.9688878600342375
39218,0.9689189566259074
39219,0.9689500221365263
39220,0.9689810565971594
39221,0.9690120600388414
39222,0.9690430324925757
39223,0.9690739739893348
39224,0.9691048845600602
39225,0.9691357642356623
39226,0.9691666130470209
39227,0.9691974310249849
39228,0.9692282182003722
39229,0.96925897460397
39230,0.9692897002665348
39231,0.9693203952187922
39232,0.9693510594914371
39233,0.9683821928652587
39234,0.9684137948713905
39235,0.9684453652913091
39236,0.9684769041565852
39237,0.9685084114987574
39238,0.9685398873493334
39239,0.9685713317397888
39240,0.9686027447015682
39241,0.9686341262660844
39242,0.967665976214844
39243,0.9676982940796967
39244,0.9677305796428354
39245,0.9677628329365456
39246,0.9677950539930809
39247,0.967827242844662
39248,0.967859399523478
39249,0.9678915240616854
39250,0.9679236164914089
39251,0.9669561765948658
39252,0.9669892039046161
39253,0.967022198203562
39254,0.9670551595246978
39255,0.967088087900985
39256,0.9671209833653518
39257,0.9661543457008187
39258,0.9661881744407479
39259,0.9662219693688431
39260,0.9662557305188992
39261,0.9662894579246775
39262,0.9663231516199051
39263,0.966356811638276
39264,0.9663904380134501
39265,0.9664240307790539
39266,0.96645758996868
39267,0.9664911156158877
39268,0.9665246077542027
39269,0.9665580664171171
39270,0.9665914916380894
39271,0.9666248834505451
39272,0.9666582418878759
39273,0.9666915669834402
39274,0.9667248587705631
39275,0.9667581172825366
39276,0.966791342552619
39277,0.9658250343641607
39278,0.9658591922508531
39279,0.9658933159967293
39280,0.9659274056359131
39281,0.9659614612024938
39282,0.9659954827305273
39283,0.966029470254035
39284,0.9660634238070045
39285,0.9660973434233893
39286,0.966131229137109
39287,0.9661650809820495
39288,0.9661988989920623
39289,0.9662326832009658
39290,0.966266433642544
39291,0.9663001503505475
39292,0.9663338333586928
39293,0.9663674827006632
39294,0.9664010984101078
39295,0.9664346805206424
39296,0.9664682290658492
39297,0.9665017440792766
39298,0.9665352255944397
39299,0.9665686736448201
39300,0.9666020882638657
39301,0.9666354694849913
39302,0.9666688173415781
39303,0.9667021318669737
39304,0.966735413094493
39305,0.966768661057417
39306,0.9668018757889938
39307,0.9668350573224381
39308,0.9668682056909315
39309,0.9669013209276222
39310,0.9669344030656255
39311,0.9669674521380237
39312,0.9670004681778658
39313,0.9670334512181677
39314,0.9670664012919127
39315,0.9670993184320507
39316,0.9671322026714989
39317,0.9671650540431416
39318,0.96719787257983
39319,0.9662311580645079
39320,0.9652654097805854
39321,0.965300127012189
39322,0.9653348095439109
39323,0.9653694574104338
39324,0.9654040706464053
39325,0.9654386492864389
39326,0.9654731933651131
39327,0.965507702916972
39328,0.9645426777266501
39329,0.9645781173291222
39330,0.9646135215097028
39331,0.9646488903037961
39332,0.9646842237467708
39333,0.9647195218739604
39334,0.964754784720663
39335,0.9647900123221416
39336,0.9648252047136237
39337,0.9648603619303017
39338,0.9648954840073328
39339,0.9649305709798393
39340,0.9649656228829079
39341,0.9650006397515907
39342,0.9650356216209044
39343,0.9650705685258311
39344,0.9651054805013175
39345,0.9651403575822757
39346,0.9651751998035828
39347,0.965210007200081
39348,0.9652447798065776
39349,0.9652795176578455
39350,0.9653142207886223
39351,0.9653488892336112
39352,0.9653835230274807
39353,0.9654181222048644
39354,0.9654526868003618
39355,0.9654872168485373
39356,0.9655217123839211
39357,0.9655561734410086
39358,0.965590600054261
39359,0.9656249922581048
39360,0.9656593500869323
39361,0.9656936735751013
39362,0.9657279627569353
39363,0.9657622176667234
39364,0.9657964383387208
39365,0.9658306248071478
39366,0.9658647771061911
39367,0.965898895270003
39368,0.9659329793327017
39369,0.9659670293283712
39370,0.9660010452910615
39371,0.9660350272547885
39372,0.9660689752535343
39373,0.9661028893212469
39374,0.9661367694918404
39375,0.9661706157991948
39376,0.9662044282771567
39377,0.9662382069595383
39378,0.9662719518801185
39379,0.9663056630726421
39380,0.9663393405708204
39381,0.9663729844083309
39382,0.9664065946188173
39383,0.9664401712358899
39384,0.9664737142931253
39385,0.9665072238240667
39386,0.9665406998622236
39387,0.9665741424410719
39388,0.9666075515940543
39389,0.96664092735458
39390,0.9666742697560247
39391,0.9667075788317308
39392,0.9667408546150074
39393,0.9667740971391303
39394,0.966807306437342
39395,0.9668404825428519
39396,0.966873625488836
39397,0.9669067353084374
39398,0.9669398120347658
39399,0.966972855700898
39400,0.9670058663398776
39401,0.9670388439847153
39402,0.9670717886683887
39403,0.9671047004238426
39404,0.9671375792839887
39405,0.9671704252817058
39406,0.96720323844984
39407,0.9672360188212045
39408,0.9672687664285796
39409,0.9673014813047129
39410,0.9673341634823194
39411,0.9673668129940812
39412,0.9673994298726478
39413,0.9674320141506362
39414,0.9674645658606306
39415,0.9674970850351826
39416,0.9675295717068116
39417,0.9675620259080042
39418,0.9675944476712146
39419,0.9676268370288645
39420,0.9676591940133434
39421,0.9676915186570083
39422,0.9677238109921837
39423,0.967756071051162
39424,0.9677882988662033
39425,0.9678204944695354
39426,0.967852657893354
39427,0.9678847891698223
39428,0.9679168883310719
39429,0.9679489554092018
39430,0.967980990436279
39431,0.9680129934443388
39432,0.9680449644653839
39433,0.9680769035313855
39434,0.9681088106742827
39435,0.9681406859259826
39436,0.9681725293183604
39437,0.9682043408832596
39438,0.9682361206524916
39439,0.9682678686578365
39440,0.9682995849310421
39441,0.9683312695038246
39442,0.9683629224078688
39443,0.9683945436748275
39444,0.9684261333363219
39445,0.9684576914239418
39446,0.9684892179692451
39447,0.9685207130037586
39448,0.9685521765589773
39449,0.9685836086663646
39450,0.9686150093573528
39451,0.9686463786633425
39452,0.9686777166157029
39453,0.9687090232457721
39454,0.9687402985848568
39455,0.9687715426642323
39456,0.9688027555151426
39457,0.9688339371688006
39458,0.968865087656388
39459,0.9688962070090553
39460,0.9689272952579219
39461,0.9689583524340759
39462,0.9689893785685746
39463,0.9690203736924441
39464,0.9690513378366795
39465,0.9690822710322451
39466,0.969113173310074
39467,0.9691440447010684
39468,0.9691748852360998
39469,0.9692056949460088
39470,0.969236473861605
39471,0.9692672220136674
39472,0.9692979394329442
39473,0.9693286261501526
39474,0.9693592821959796
39475,0.969389907601081
39476,0.9694205023960825
39477,0.9694510666115786
39478,0.9694816002781338
39479,0.9695121034262816
39480,0.9695425760865252
39481,0.9695730182893373
39482,0.968603929815285
39483,0.9686353101952797
39484,0.9686666592105768
39485,0.9686979768925252
39486,0.9687292632724428
39487,0.9687605183816158
39488,0.9687917422512994
39489,0.9688229349127174
39490,0.9688540963970625
39491,0.9688852267354963
39492,0.9689163259591489
39493,0.9689473940991198
39494,0.968978431186477
39495,0.9690094372522576
39496,0.9690404123274677
39497,0.9690713564430825
39498,0.969102269630046
39499,0.9691331519192713
39500,0.9691640033416409
39501,0.969194823928006
39502,0.9692256137091875
39503,0.9692563727159749
39504,0.9692871009791273
39505,0.968318298279498
39506,0.9683499641482841
39507,0.9683815983670264
39508,0.9684132009673593
39509,0.9684447719808852
39510,0.9684763114391751
39511,0.9685078193737686
39512,0.9685392958161736
39513,0.9685707407978665
39514,0.9686021543502925
39515,0.968633536504865
39516,0.9686648872929661
39517,0.9686962067459466
39518,0.968727494895126
39519,0.9687587517717925
39520,0.968789977407203
39521,0.967821671582708
39522,0.9678538338300017
39523,0.9678859639311211
39524,0.9679180619181965
39525,0.9679501278233258
39526,0.9679821616785749
39527,0.9680141635159776
39528,0.9680461333675359
39529,0.9680780712652195
39530,0.9681099772409664
39531,0.9681418513266825
39532,0.9681736935542421
39533,0.9682055039554872
39534,0.9682372825622284
39535,0.9682690294062442
39536,0.9683007445192814
39537,0.9683324279330552
39538,0.968364079679249
39539,0.9683956997895146
39540,0.9684272882954721
39541,0.96845884522871
39542,0.9684903706207852
39543,0.9685218645032232
39544,0.9685533269075178
39545,0.9685847578651315
39546,0.9686161574074952
39547,0.9686475255660084
39548,0.9676793621221643
39549,0.9677116666077994
39550,0.9677439388050929
39551,0.9677761787463172
39552,0.9678083864637121
39553,0.9678405619894855
39554,0.9678727053558129
39555,0.9679048165948376
39556,0.9679368957386709
39557,0.9679689428193919
39558,0.9680009578690477
39559,0.9680329409196534
39560,0.968064892003192
39561,0.9680968111516146
39562,0.9681286983968403
39563,0.9681605537707566
39564,0.9681923773052186
39565,0.9682241690320499
39566,0.9682559289830424
39567,0.9682876571899559
39568,0.9683193536845187
39569,0.9683510184984272
39570,0.9673831514134713
39571,0.9674157519617836
39572,0.9674483199258398
39573,0.9674808553382078
39574,0.967513358231423
39575,0.9675458286379883
39576,0.9675782665903742
39577,0.9676106721210185
39578,0.9676430452623268
39579,0.9676753860466724
39580,0.9677076945063958
39581,0.9677399706738057
39582,0.9677722145811782
39583,0.9678044262607572
39584,0.9678366057447545
39585,0.9678687530653495
39586,0.9679008682546895
39587,0.9679329513448897
39588,0.9679650023680332
39589,0.967997021356171
39590,0.9680290083413223
39591,0.968060963355474
39592,0.968092886430581
39593,0.9681247775985664
39594,0.9681566368913215
39595,0.9671889640908304
39596,0.9672217587294203
39597,0.9672545205897607
39598,0.9672872497046135
39599,0.9673199461067079
39600,0.9673526098287402
39601,0.9673852409033741
39602,0.9674178393632408
39603,0.9674504052409387
39604,0.9674829385690338
39605,0.9675154393800592
39606,0.967547907706516
39607,0.9675803435808723
39608,0.9676127470355641
39609,0.9676451181029948
39610,0.9676774568155355
39611,0.967709763205525
39612,0.9677420373052696
39613,0.9677742791470435
39614,0.9678064887630884
39615,0.9678386661856141
39616,0.9678708114467979
39617,0.9679029245787851
39618,0.9679350056136888
39619,0.9679670545835902
39620,0.9679990715205382
39621,0.9680310564565496
39622,0.9680630094236096
39623,0.9680949304536709
39624,0.9681268195786548
39625,0.9681586768304502
39626,0.9681905022409145
39627,0.9682222958418731
39628,0.9682540576651196
39629,0.9682857877424158
39630,0.9683174861054918
39631,0.968349152786046
39632,0.9683807878157451
39633,0.9674128909763491
39634,0.9674454617999609
39635,0.9674780000690264
39636,0.9675105058160839
39637,0.9675429790736391
39638,0.9675754198741652
39639,0.967607828250103
39640,0.9676402042338611
39641,0.9676725478578153
39642,0.9677048591543093
39643,0.9677371381556543
39644,0.9677693848941294
39645,0.9678015994019814
39646,0.9678337817114248
39647,0.9678659318546418
39648,0.9678980498637826
39649,0.9679301357709652
39650,0.9679621896082756
39651,0.9679942114077676
39652,0.968026201201463
39653,0.9680581590213516
39654,0.9680900848993912
39655,0.9681219788675077
39656,0.9681538409575952
39657,0.9681856712015156
39658,0.9682174696310992
39659,0.9682492362781446
39660,0.9682809711744184
39661,0.9683126743516554
39662,0.9683443458415587
39663,0.9683759856758001
39664,0.9684075938860192
39665,0.9684391705038242
39666,0.9684707155607919
39667,0.9685022290884673
39668,0.9685337111183638
39669,0.9685651616819637
39670,0.9685965808107174
39671,0.968627968536044
39672,0.9686593248893314
39673,0.9686906499019358
39674,0.9687219436051822
39675,0.9687532060303644
39676,0.9687844372087449
39677,0.9688156371715547
39678,0.968846805949994
39679,0.9688779435752314
39680,0.9689090500784046
39681,0.96894012549062
39682,0.9689711698429533
39683,0.9690021831664486
39684,0.9690331654921193
39685,0.9690641168509477
39686,0.9690950372738854
39687,0.9691259267918525
39688,0.9691567854357387
39689,0.9691876132364026
39690,0.969218410224672
39691,0.969249176431344
39692,0.9682804116373097
39693,0.9683121153738041
39694,0.968343787422406
39695,0.9683754278147874
39696,0.9684070365825886
39697,0.9684386137574187
39698,0.9684701593708546
39699,0.9685016734544419
39700,0.9685331560396949
39701,0.968564607158096
39702,0.9685960268410964
39703,0.9686274151201157
39704,0.9686587720265424
39705,0.9686900975917332
39706,0.9687213918470138
39707,0.9687526548236784
39708,0.9687838865529901
39709,0.9688150870661805
39710,0.9688462563944501
39711,0.9688773945689684
39712,0.9689085016208735
39713,0.9689395775812725
39714,0.9689706224812412
39715,0.9690016363518247
39716,0.9690326192240367
39717,0.9690635711288603
39718,0.9690944920972473
39719,0.9691253821601186
39720,0.9691562413483643
39721,0.9691870696928437
39722,0.9692178672243851
39723,0.969248633973786
39724,0.9692793699718132
39725,0.9693100752492027
39726,0.9693407498366597
39727,0.969371393764859
39728,0.9694020070644443
39729,0.9694325897660291
39730,0.969463141900196
39731,0.9694936634974971
39732,0.9695241545884541
39733,0.9695546152035581
39734,0.9695850453732697
39735,0.9696154451280191
39736,0.969645814498206
39737,0.9696761535141998
39738,0.9697064622063395
39739,0.9697367406049339
39740,0.9697669887402612
39741,0.9697972066425699
39742,0.9698273943420775
39743,0.969857551868972
39744,0.9698876792534109
39745,0.9699177765255215
39746,0.969947843715401
39747,0.9699778808531168
39748,0.9700078879687059
39749,0.9700378650921754
39750,0.9700678122535026
39751,0.9700977294826345
39752,0.9701276168094884
39753,0.9701574742639517
39754,0.9701873018758818
39755,0.9702170996751063
39756,0.970246867691423
39757,0.9702766059546
39758,0.9703063144943754
39759,0.9703359933404581
39760,0.9703656425225266
39761,0.9703952620702302
39762,0.9704248520131885
39763,0.9704544123809914
39764,0.9704839432031993
39765,0.969513944259468
39766,0.9695444150797984
39767,0.9695748554445363
39768,0.969605265384122
39769,0.9696356449289654
39770,0.9696659941094462
39771,0.9696963129559135
39772,0.9697266014986862
39773,0.9697568597680528
39774,0.9697870877942717
39775,0.9698172856075707
39776,0.9698474532381479
39777,0.9698775907161707
39778,0.9699076980717768
39779,0.9699377753350734
39780,0.9699678225361378
39781,0.9699978397050172
39782,0.9700278268717288
39783,0.9700577840662599
39784,0.9690882110686924
39785,0.9691191074094533
39786,0.9691499728693139
39787,0.9691808074791397
39788,0.9692116112697653
39789,0.9692423842719944
39790,0.9692731265166001
39791,0.9693038380343246
39792,0.9693345188558795
39793,0.9693651690119456
39794,0.969395788533173
39795,0.9694263774501813
39796,0.9694569357935595
39797,0.9694874635938658
39798,0.9695179608816281
39799,0.9695484276873436
39800,0.9695788640414792
39801,0.9696092699744712
39802,0.9696396455167255
39803,0.9696699906986179
39804,0.9697003055504934
39805,0.9697305901026668
39806,0.9697608443854228
39807,0.9697910684290155
39808,0.9688217620137941
39809,0.968852924670452
39810,0.9688840561800268
39811,0.96891515657365
39812,0.968946225882422
39813,0.968977264137412
39814,0.9690082713696585
39815,0.9690392476101686
39816,0.9690701928899186
39817,0.9691011072398537
39818,0.9691319906908883
39819,0.9691628432739059
39820,0.969193665019759
39821,0.9692244559592695
39822,0.9692552161232283
39823,0.9692859455423954
39824,0.9693166442475005
39825,0.9693473122692422
39826,0.9693779496382884
39827,0.9694085563852766
39828,0.9694391325408135
39829,0.9694696781354754
39830,0.9695001931998077
39831,0.9695306777643257
39832,0.9695611318595138
39833,0.9695915555158261
39834,0.9686224485138113
39835,0.9686538103843622
39836,0.9686851409087156
39837,0.9687164401182021
39838,0.9687477080441209
39839,0.96877894471774
39840,0.9688101501702959
39841,0.9688413244329943
39842,0.9688724675370093
39843,0.968903579513484
39844,0.9689346603935305
39845,0.9689657102082296
39846,0.9689967289886312
39847,0.969027716765754
39848,0.9690586735705858
39849,0.9690895994340835
39850,0.9691204943871728
39851,0.9691513584607488
39852,0.9691821916856757
39853,0.9692129940927864
39854,0.9692437657128835
39855,0.9692745065767387
39856,0.9693052167150928
39857,0.969335896158656
39858,0.9693665449381076
39859,0.9693971630840965
39860,0.9694277506272408
39861,0.9694583075981281
39862,0.9694888340273154
39863,0.9695193299453291
39864,0.9695497953826651
39865,0.9695802303697888
39866,0.9696106349371353
39867,0.9696410091151092
39868,0.9696713529340846
39869,0.9697016664244054
39870,0.969731949616385
39871,0.9697622025403067
39872,0.9697924252264233
39873,0.9698226177049576
39874,0.9698527800061021
39875,0.969882912160019
39876,0.9699130141968405
39877,0.9699430861466688
39878,0.9699731280395757
39879,0.970003139905603
39880,0.9700331217747629
39881,0.9700630736770369
39882,0.9700929956423772
39883,0.9701228877007056
39884,0.9701527498819144
39885,0.9701825822158655
39886,0.9702123847323914
39887,0.9702421574612945
39888,0.9702719004323477
39889,0.9703016136752939
39890,0.9703312972198463
39891,0.9703609510956885
39892,0.9703905753324744
39893,0.9704201699598283
39894,0.9704497350073447
39895,0.9704792705045887
39896,0.9705087764810959
39897,0.9705382529663722
39898,0.970567699989894
39899,0.9705971175811086
39900,0.9706265057694333
39901,0.9706558645842565
39902,0.9706851940549368
39903,0.9707144942108039
39904,0.9707437650811579
39905,0.9707730066952697
39906,0.9708022190823808
39907,0.9708314022717038
39908,0.9708605562924217
39909,0.9708896811736887
39910,0.9709187769446295
39911,0.97094784363434
39912,0.9709768812718869
39913,0.9710058898863078
39914,0.9710348695066113
39915,0.9710638201617772
39916,0.9710927418807559
39917,0.9711216346924693
39918,0.9711504986258102
39919,0.9711793337096424
39920,0.9712081399728012
39921,0.9712369174440928
39922,0.9712656661522946
39923,0.9712943861261554
39924,0.971323077394395
39925,0.971351739985705
39926,0.9713803739287478
39927,0.9714089792521573
39928,0.971437555984539
39929,0.9714661041544694
39930,0.971494623790497
39931,0.9715231149211412
39932,0.9715515775748932
39933,0.9715800117802156
39934,0.9716084175655427
39935,0.9716367949592803
39936,0.9716651439898059
39937,0.9716934646854682
39938,0.9717217570745882
39939,0.9717500211854582
39940,0.9717782570463422
39941,0.9718064646854764
39942,0.9718346441310681
39943,0.9718627954112969
39944,0.9718909185543141
39945,0.9719190135882428
39946,0.9719470805411782
39947,0.971975119441187
39948,0.9720031303163083
39949,0.9720311131945528
39950,0.9720590681039036
39951,0.9720869950723156
39952,0.9721148941277156
39953,0.9721427652980027
39954,0.9721706086110482
39955,0.9721984240946954
39956,0.9722262117767596
39957,0.9722539716850287
39958,0.9722817038472625
39959,0.9723094082911933
39960,0.9723370850445254
39961,0.9723647341349357
39962,0.9723923555900732
39963,0.9724199494375594
39964,0.9724475157049881
39965,0.9724750544199257
39966,0.9725025656099108
39967,0.9725300493024546
39968,0.9725575055250408
39969,0.9725849343051257
39970,0.972612335670138
39971,0.9726397096474793
39972,0.9726670562645232
39973,0.9726943755486166
39974,0.9727216675270788
39975,0.9727489322272016
39976,0.9727761696762499
39977,0.972803379901461
39978,0.9728305629300453
39979,0.9728577187891857
39980,0.9728848475060381
39981,0.9729119491077313
39982,0.9729390236213667
39983,0.9729660710740191
39984,0.9729930914927357
39985,0.9730200849045371
39986,0.9730470513364166
39987,0.9730739908153406
39988,0.9731009033682488
39989,0.9731277890220537
39990,0.9731546478036408
39991,0.973181479739869
39992,0.9732082848575703
39993,0.9732350631835497
39994,0.9732618147445856
39995,0.9732885395674296
39996,0.9733152376788065
39997,0.9733419091054143
39998,0.9733685538739246
39999,0.9733951720109821
40000,0.9734217635432051
40001,0.9734483284971849
40002,0.9734748668994866
40003,0.9735013787766486
40004,0.9735278641551827
40005,0.9735543230615743
40006,0.9735807555222824
40007,0.9736071615637394
40008,0.9736335412123513
40009,0.973659894494498
40010,0.9736862214365325
40011,0.9737125220647819
40012,0.9737387964055467
40013,0.9737650444851014
40014,0.9737912663296939
40015,0.9738174619655463
40016,0.9738436314188541
40017,0.9738697747157868
40018,0.9738958918824877
40019,0.9739219829450739
40020,0.9739480479296365
40021,0.9739740868622406
40022,0.9740000997689251
40023,0.9740260866757028
40024,0.9740520476085607
40025,0.9740779825934597
40026,0.9741038916563348
40027,0.9741297748230952
40028,0.9741556321196237
40029,0.974181463571778
40030,0.9742072692053895
40031,0.9742330490462636
40032,0.9742588031201804
40033,0.9742845314528938
40034,0.9743102340701323
40035,0.9743359109975984
40036,0.9743615622609691
40037,0.9743871878858957
40038,0.9744127878980038
40039,0.9744383623228934
40040,0.9744639111861388
40041,0.9744894345132892
40042,0.9745149323298676
40043,0.974540404661372
40044,0.9745658515332747
40045,0.9745912729710225
40046,0.9746166690000371
40047,0.9746420396457142
40048,0.9736678846835496
40049,0.9736942036393881
40050,0.9737204962894237
40051,0.973746762659949
40052,0.9737730027772303
40053,0.973799216667508
40054,0.9738254043569957
40055,0.9738515658718813
40056,0.9738777012383262
40057,0.9739038104824658
40058,0.9739298936304094
40059,0.97395595070824
40060,0.9739819817420149
40061,0.974007986757765
40062,0.9740339657814954
40063,0.9740599188391851
40064,0.974085845956787
40065,0.9741117471602285
40066,0.9741376224754107
40067,0.9741634719282088
40068,0.9741892955444725
40069,0.9742150933500253
40070,0.974240865370665
40071,0.9742666116321635
40072,0.9742923321602673
40073,0.9743180269806968
40074,0.9743436961191468
40075,0.9743693396012866
40076,0.9743949574527595
40077,0.9744205496991836
40078,0.9744461163661509
40079,0.9744716574792281
40080,0.9744971730639566
40081,0.9745226631458517
40082,0.9745481277504036
40083,0.9745735669030768
40084,0.9735994803794356
40085,0.9736258677053932
40086,0.9736522286572119
40087,0.9736785632612527
40088,0.9737048715438501
40089,0.9737311535313126
40090,0.9727579090000469
40091,0.9727851374768085
40092,0.9728123387387008
40093,0.9728395128129249
40094,0.9728666597266551
40095,0.9728937795070383
40096,0.9729208721811942
40097,0.9729479377762155
40098,0.9729749763191677
40099,0.9730019878370896
40100,0.9730289723569925
40101,0.9730559299058611
40102,0.9730828605106528
40103,0.9731097641982984
40104,0.9731366409957014
40105,0.9731634909297386
40106,0.9731903140272602
40107,0.9732171103150891
40108,0.9732438798200215
40109,0.973270622568827
40110,0.9732973385882485
40111,0.9733240279050019
40112,0.9733506905457765
40113,0.9723778262873599
40114,0.9724054346568878
40115,0.9724330154318435
40116,0.9724605686398077
40117,0.9724880943083336
40118,0.972515592464947
40119,0.972543063137146
40120,0.9725705063524013
40121,0.972597922138156
40122,0.972625310521826
40123,0.9726526715307997
40124,0.9726800051924381
40125,0.9727073115340749
40126,0.9727345905830164
40127,0.9727618423665416
40128,0.9727890669119024
40129,0.9728162642463233
40130,0.9728434343970016
40131,0.9728705773911076
40132,0.9728976932557841
40133,0.9729247820181471
40134,0.9729518437052854
40135,0.9729788783442607
40136,0.9730058859621075
40137,0.9730328665858335
40138,0.9730598202424194
40139,0.9730867469588188
40140,0.9731136467619584
40141,0.973140519678738
40142,0.9731673657360307
40143,0.9731941849606823
40144,0.9732209773795122
40145,0.9732477430193128
40146,0.9732744819068497
40147,0.9733011940688618
40148,0.9733278795320613
40149,0.9733545383231338
40150,0.9733811704687378
40151,0.9734077759955058
40152,0.973434354930043
40153,0.9734609072989285
40154,0.9734874331287147
40155,0.9735139324459273
40156,0.9735404052770659
40157,0.973566851648603
40158,0.9735932715869853
40159,0.9736196651186325
40160,0.9736460322699382
40161,0.9736723730672696
40162,0.9736986875369675
40163,0.9737249757053463
40164,0.9737512375986943
40165,0.9737774732432734
40166,0.973803682665319
40167,0.9728303656411658
40168,0.9728575216974964
40169,0.972884650611342
40170,0.9729117524098314
40171,0.9729388271200664
40172,0.9729658747691218
40173,0.9729928953840452
40174,0.9730198889918572
40175,0.9730468556195515
40176,0.9730737952940947
40177,0.9731007080424264
40178,0.9731275938914595
40179,0.9731544528680798
40180,0.9731812849991461
40181,0.9732080903114908
40182,0.9732348688319191
40183,0.9732616205872096
40184,0.9732883456041139
40185,0.9733150439093572
40186,0.9733417155296377
40187,0.973368360491627
40188,0.9733949788219702
40189,0.9734215705472856
40190,0.9734481356941649
40191,0.9734746742891732
40192,0.9735011863588492
40193,0.9735276719297049
40194,0.973554131028226
40195,0.9735805636808714
40196,0.9736069699140739
40197,0.9736333497542398
40198,0.9736597032277488
40199,0.9736860303609544
40200,0.9737123311801837
40201,0.9737386057117378
40202,0.9737648539818909
40203,0.9737910760168915
40204,0.9738172718429616
40205,0.973843441486297
40206,0.9738695849730673
40207,0.973895702329416
40208,0.9739217935814606
40209,0.9739478587552922
40210,0.9739738978769761
40211,0.9739999109725513
40212,0.973026397818156
40213,0.9730533579402768
40214,0.9730802911157488
40215,0.9731071973715052
40216,0.9731340767344522
40217,0.9731609292314692
40218,0.9731877548894088
40219,0.9732145537350966
40220,0.9732413257953314
40221,0.9732680710968853
40222,0.9732947896665036
40223,0.9733214815309049
40224,0.973348146716781
40225,0.9733747852507972
40226,0.9734013971595921
40227,0.9734279824697774
40228,0.9734545412079385
40229,0.9734810734006342
40230,0.9735075790743967
40231,0.9735340582557316
40232,0.9735605109711182
40233,0.9735869372470091
40234,0.9736133371098307
40235,0.9736397105859828
40236,0.9736660577018389
40237,0.9736923784837461
40238,0.9737186729580253
40239,0.9737449411509708
40240,0.9737711830888508
40241,0.9737973987979074
40242,0.9738235883043562
40243,0.9738497516343868
40244,0.9738758888141625
40245,0.9739019998698205
40246,0.9739280848274718
40247,0.9739541437132015
40248,0.9739801765530685
40249,0.9740061833731054
40250,0.9740321641993192
40251,0.9740581190576907
40252,0.9740840479741748
40253,0.9741099509747003
40254,0.9741358280851704
40255,0.9741616793314621
40256,0.9741875047394267
40257,0.9742133043348896
40258,0.9742390781436503
40259,0.9742648261914827
40260,0.9742905485041349
40261,0.9743162451073292
40262,0.9743419160267621
40263,0.9743675612881046
40264,0.9743931809170021
40265,0.974418774939074
40266,0.9744443433799145
40267,0.974469886265092
40268,0.9744954036201494
40269,0.974520895470604
40270,0.9745463618419478
40271,0.9735723025097719
40272,0.973598717000017
40273,0.9736251050889725
40274,0.9736514668030265
40275,0.9736778021685407
40276,0.9737041112118505
40277,0.973730393959265
40278,0.9737566504370668
40279,0.9737828806715125
40280,0.9738090846888323
40281,0.9738352625152303
40282,0.9738614141768843
40283,0.9738875396999459
40284,0.9739136391105406
40285,0.973939712434768
40286,0.9739657596987013
40287,0.9739917809283877
40288,0.9740177761498485
40289,0.974043745389079
40290,0.9740696886720485
40291,0.9740956060247001
40292,0.9741214974729513
40293,0.9741473630426934
40294,0.9741732027597922
40295,0.9741990166500873
40296,0.9742248047393927
40297,0.9732510668036212
40298,0.9732778023690348
40299,0.9733045112122442
40300,0.9733311933599581
40301,0.9733578488388587
40302,0.9733844776756014
40303,0.9734110798968152
40304,0.9734376555291022
40305,0.9734642045990382
40306,0.9734907271331721
40307,0.9735172231580265
40308,0.9735436927000974
40309,0.9735701357858545
40310,0.9735965524417407
40311,0.9736229426941727
40312,0.9726498063196658
40313,0.9726771428450834
40314,0.9727044520476371
40315,0.972731733954636
40316,0.972758988593362
40317,0.9727862159910697
40318,0.9728134161749867
40319,0.9728405891723131
40320,0.9728677350102218
40321,0.9728948537158588
40322,0.9729219453163427
40323,0.9729490098387651
40324,0.9729760473101906
40325,0.9730030577576567
40326,0.9730300412081738
40327,0.9730569976887253
40328,0.9730839272262678
40329,0.9731108298477308
40330,0.9731377055800169
40331,0.9731645544500018
40332,0.9731913764845346
40333,0.9732181717104371
40334,0.9732449401545047
40335,0.9732716818435057
40336,0.9732983968041818
40337,0.9733250850632481
40338,0.9733517466473928
40339,0.9733783815832774
40340,0.973404989897537
40341,0.9734315716167798
40342,0.9734581267675877
40343,0.9734846553765156
40344,0.9735111574700923
40345,0.9725381328249448
40346,0.9725655809680483
40347,0.9725930016767259
40348,0.9726203949783984
40349,0.9726477609004589
40350,0.9726750994702735
40351,0.9727024107151808
40352,0.972729694662492
40353,0.972756951339491
40354,0.9727841807734345
40355,0.972811382991552
40356,0.9728385580210457
40357,0.9728657058890906
40358,0.9728928266228346
40359,0.9729199202493984
40360,0.9729469867958758
40361,0.9729740262893332
40362,0.9730010387568101
40363,0.9730280242253191
40364,0.9730549827218455
40365,0.9730819142733479
40366,0.9731088189067578
40367,0.9731356966489799
40368,0.973162547526892
40369,0.9731893715673449
40370,0.9732161687971627
40371,0.9732429392431425
40372,0.973269682932055
40373,0.9732963998906436
40374,0.9733230901456256
40375,0.9733497537236909
40376,0.9733763906515033
40377,0.9734030009556996
40378,0.9734295846628903
40379,0.973456141799659
40380,0.9734826723925629
40381,0.9735091764681326
40382,0.9735356540528721
40383,0.973562105173259
40384,0.9735885298557445
40385,0.9736149281267532
40386,0.9736413000126835
40387,0.9736676455399071
40388,0.9736939647347698
40389,0.9737202576235906
40390,0.9737465242326625
40391,0.973772764588252
40392,0.9737989787165996
40393,0.9738251666439194
40394,0.9738513283963992
40395,0.9738774640002009
40396,0.9739035734814601
40397,0.9739296568662862
40398,0.9739557141807627
40399,0.9739817454509468
40400,0.9740077507028699
40401,0.9740337299625372
40402,0.974059683255928
40403,0.9740856106089955
40404,0.9741115120476671
40405,0.9741373875978443
40406,0.9731637370355276
40407,0.9731905598870663
40408,0.9732173559291581
40409,0.9732441251885993
40410,0.9732708676921589
40411,0.9732975834665795
40412,0.9733242725385769
40413,0.9733509349348402
40414,0.9733775706820317
40415,0.9734041798067873
40416,0.973430762335716
40417,0.9734573182954005
40418,0.9734838477123966
40419,0.9735103506132338
40420,0.9735368270244149
40421,0.9735632769724165
40422,0.9735897004836884
40423,0.9736160975846543
40424,0.9736424683017111
40425,0.9736688126612296
40426,0.9736951306895543
40427,0.973721422413003
40428,0.9737476878578676
40429,0.9737739270504134
40430,0.9738001400168798
40431,0.9738263267834796
40432,0.9738524873763996
40433,0.9738786218218005
40434,0.9739047301458167
40435,0.9739308123745565
40436,0.9739568685341021
40437,0.9739828986505098
40438,0.9740089027498097
40439,0.9740348808580057
40440,0.9740608330010762
40441,0.9740867592049731
40442,0.9741126594956229
40443,0.9741385338989256
40444,0.9741643824407558
40445,0.9731907048970868
40446,0.9722180005443661
40447,0.9722457686597641
40448,0.9722735090209237
40449,0.9723012216555854
40450,0.9723289065914619
40451,0.972356563856238
40452,0.9723841934775711
40453,0.9724117954830908
40454,0.972439369900399
40455,0.9724669167570703
40456,0.9714949358307764
40457,0.9715234266495363
40458,0.9715518889917156
40459,0.9715803228857769
40460,0.9716087283601539
40461,0.9716371054432522
40462,0.9716654541634488
40463,0.9716937745490926
40464,0.9717220666285038
40465,0.9717503304299746
40466,0.9717785659817687
40467,0.9718067733121217
40468,0.971834952449241
40469,0.9718631034213058
40470,0.9718912262564668
40471,0.9719193209828472
40472,0.9719473876285415
40473,0.9719754262216164
40474,0.9720034367901105
40475,0.9720314193620344
40476,0.9720593739653707
40477,0.9720873006280739
40478,0.9721151993780709
40479,0.9721430702432602
40480,0.9711714130016378
40481,0.9712002271815462
40482,0.9712290125616746
40483,0.9712577691708083
40484,0.9712864970377041
40485,0.9713151961910896
40486,0.9713438666596642
40487,0.9713725084720983
40488,0.9714011216570337
40489,0.9714297062430837
40490,0.9714582622588327
40491,0.9714867897328369
40492,0.9715152886936236
40493,0.9715437591696919
40494,0.9705727009396373
40495,0.9706021135324013
40496,0.9706314967272714
40497,0.970660850553631
40498,0.9706901750408338
40499,0.9707194702182043
40500,0.9707487361150376
40501,0.9707779727605998
40502,0.9708071801841275
40503,0.970836358414828
40504,0.9708655074818796
40505,0.9708946274144314
40506,0.9709237182416034
40507,0.9709527799924863
40508,0.970981812696142
40509,0.9710108163816031
40510,0.9710397910778734
40511,0.9700692365640524
40512,0.9700991523695855
40513,0.9701290382742637
40514,0.9701588943079725
40515,0.9701887205005683
40516,0.970218516881877
40517,0.9702482834816952
40518,0.9702780203297895
40519,0.9703077274558967
40520,0.9703374048897239
40521,0.9703670526609486
40522,0.9703966707992185
40523,0.9704262593341518
40524,0.9704558182953371
40525,0.9704853477123333
40526,0.9705148476146698
40527,0.9705443180318465
40528,0.9705737589933339
40529,0.9696036702786979
40530,0.9696340514178496
40531,0.9696644021910452
40532,0.9696947226286354
40533,0.9697250127609407
40534,0.9697552726182511
40535,0.9697855022308266
40536,0.9698157016288967
40537,0.9698458708426609
40538,0.9698760099022885
40539,0.9699061188379184
40540,0.9699361976796597
40541,0.969966246457591
40542,0.9699962652017613
40543,0.9700262539421893
40544,0.9700562127088638
40545,0.9700861415317434
40546,0.9701160404407572
40547,0.9701459094658039
40548,0.9701757486367526
40549,0.9702055579834425
40550,0.970235337535683
40551,0.9702650873232536
40552,0.970294807375904
40553,0.9703244977233544
40554,0.970354158395295
40555,0.9703837894213867
40556,0.9704133908312603
40557,0.9704429626545175
40558,0.9704725049207298
40559,0.9705020176594397
40560,0.9705315009001598
40561,0.9705609546723736
40562,0.9705903790055346
40563,0.9706197739290673
40564,0.9706491394723665
40565,0.9706784756647979
40566,0.9707077825356977
40567,0.9707370601143727
40568,0.9707663084301005
40569,0.9707955275121294
40570,0.9708247173896785
40571,0.9708538780919377
40572,0.9708830096480677
40573,0.9709121120872001
40574,0.9709411854384372
40575,0.9709702297308526
40576,0.9709992449934904
40577,0.971028231255366
40578,0.9710571885454655
40579,0.9710861168927464
40580,0.971115016326137
40581,0.9711438868745366
40582,0.9711727285668159
40583,0.9712015414318166
40584,0.9712303254983515
40585,0.9712590807952047
40586,0.9712878073511315
40587,0.9713165051948586
40588,0.9713451743550836
40589,0.9713738148604758
40590,0.9714024267396757
40591,0.9714310100212952
40592,0.9714595647339176
40593,0.9714880909060976
40594,0.9715165885663614
40595,0.9715450577432065
40596,0.9715734984651024
40597,0.9716019107604896
40598,0.9716302946577805
40599,0.9716586501853589
40600,0.9716869773715804
40601,0.9717152762447722
40602,0.9707440465833581
40603,0.9707732879161084
40604,0.9708025000221393
40605,0.9708316829306629
40606,0.9708608366708621
40607,0.9708899612718908
40608,0.9709190567628734
40609,0.9709481231729055
40610,0.9709771605310534
40611,0.9710061688663547
40612,0.9710351482078177
40613,0.9710640985844216
40614,0.9710930200251168
40615,0.9711219125588249
40616,0.9711507762144382
40617,0.9711796110208206
40618,0.9712084170068068
40619,0.9712371942012028
40620,0.9702664423829107
40621,0.9702961610811787
40622,0.9703258500756002
40623,0.9703555093958645
40624,0.9703851390716307
40625,0.9704147391325286
40626,0.9704443096081583
40627,0.9704738505280902
40628,0.9705033619218653
40629,0.9705328438189949
40630,0.9705622962489608
40631,0.9705917192412158
40632,0.9706211128251826
40633,0.9706504770302549
40634,0.9706798118857969
40635,0.9707091174211434
40636,0.9707383936656
40637,0.969768140398568
40638,0.9697983571497938
40639,0.9698285436993692
40640,0.9698587000774808
40641,0.9698888263142849
40642,0.9689194221900327
40643,0.96895048723532
40644,0.9689815212310867
40645,0.969012524208367
40646,0.9690434961981638
40647,0.9690744372314489
40648,0.9691053473391636
40649,0.969136226552218
40650,0.9691670749014911
40651,0.9691978924178315
40652,0.9692286791320566
40653,0.969259435074953
40654,0.9692901602772769
40655,0.9693208547697534
40656,0.969351518583077
40657,0.9693821517479115
40658,0.9694127542948902
40659,0.9694433262546154
40660,0.9694738676576592
40661,0.9695043785345631
40662,0.9695348589158379
40663,0.969565308831964
40664,0.9695957283133914
40665,0.9696261173905394
40666,0.9696564760937972
40667,0.9696868044535236
40668,0.9697171025000468
40669,0.969747370263665
40670,0.9697776077746458
40671,0.9698078150632269
40672,0.9698379921596154
40673,0.9698681390939886
40674,0.9698982558964934
40675,0.9699283425972465
40676,0.9699583992263346
40677,0.9699884258138146
40678,0.9700184223897128
40679,0.9700483889840259
40680,0.9700783256267205
40681,0.9701082323477332
40682,0.9701381091769709
40683,0.9701679561443102
40684,0.9701977732795982
40685,0.9702275606126521
40686,0.9702573181732592
40687,0.970287045991177
40688,0.9703167440961333
40689,0.9703464125178264
40690,0.9703760512859245
40691,0.9704056604300665
40692,0.9704352399798615
40693,0.970464789964889
40694,0.9694948101648242
40695,0.969525300109687
40696,0.9695557595798422
40697,0.9695861886057494
40698,0.9696165872178376
40699,0.9696469554465055
40700,0.9696772933221212
40701,0.9697076008750226
40702,0.9697378781355174
40703,0.9697681251338827
40704,0.9697983419003655
40705,0.9698285284651827
40706,0.9698586848585209
40707,0.9698888111105364
40708,0.9699189072513554
40709,0.9699489733110742
40710,0.9699790093197588
40711,0.9700090153074452
40712,0.9700389913041394
40713,0.9700689373398175
40714,0.9700988534444254
40715,0.9701287396478793
40716,0.9701585959800653
40717,0.9701884224708398
40718,0.9702182191500294
40719,0.9702479860474307
40720,0.9702777231928106
40721,0.9703074306159062
40722,0.9703371083464251
40723,0.9703667564140448
40724,0.9703963748484136
40725,0.9704259636791498
40726,0.9704555229358423
40727,0.9704850526480503
40728,0.9705145528453036
40729,0.9705440235571025
40730,0.9705734648129174
40731,0.9706028766421898
40732,0.9706322590743316
40733,0.970661612138725
40734,0.9706909358647233
40735,0.9707202302816501
40736,0.9707494954187998
40737,0.9707787313054377
40738,0.9708079379707996
40739,0.9708371154440921
40740,0.9708662637544928
40741,0.97089538293115
40742,0.9709244730031827
40743,0.9709535339996813
40744,0.9709825659497067
40745,0.9710115688822907
40746,0.9710405428264363
40747,0.9710694878111175
40748,0.9710984038652792
40749,0.9711272910178377
40750,0.9711561492976799
40751,0.9711849787336643
40752,0.9712137793546202
40753,0.9712425511893482
40754,0.9712712942666202
40755,0.9713000086151793
40756,0.9713286942637398
40757,0.9713573512409874
40758,0.9713859795755792
40759,0.9714145792961433
40760,0.9714431504312796
40761,0.9714716930095592
40762,0.9715002070595247
40763,0.9715286926096901
40764,0.971557149688541
40765,0.9715855783245345
40766,0.9716139785460992
40767,0.9716423503816354
40768,0.9716706938595148
40769,0.9716990090080809
40770,0.9717272958556491
40771,0.971755554430506
40772,0.9717837847609103
40773,0.9718119868750923
40774,0.9718401608012541
40775,0.9718683065675697
40776,0.9718964242021848
40777,0.9719245137332171
40778,0.9719525751887561
40779,0.9719806085968633
40780,0.972008613985572
40781,0.9720365913828878
40782,0.972064540816788
40783,0.972092462315222
40784,0.9721203559061112
40785,0.9721482216173495
40786,0.9721760594768024
40787,0.9722038695123079
40788,0.9722316517516759
40789,0.9722594062226887
40790,0.9722871329531008
40791,0.972314831970639
40792,0.9723425033030021
40793,0.9723701469778616
40794,0.9723977630228613
40795,0.972425351465617
40796,0.9724529123337173
40797,0.9724804456547231
40798,0.9725079514561676
40799,0.9725354297655567
40800,0.9725628806103688
40801,0.9725903040180546
40802,0.9726177000160375
40803,0.9726450686317136
40804,0.9726724098924515
40805,0.9726997238255924
40806,0.9727270104584504
40807,0.972754269818312
40808,0.9727815019324366
40809,0.9728087068280564
40810,0.9728358845323762
40811,0.9728630350725738
40812,0.9718906582259246
40813,0.9719187535200516
40814,0.9719468207329252
40815,0.9719748598926123
40816,0.9720028710271524
40817,0.9720308541645566
40818,0.9720588093328079
40819,0.9720867365598616
40820,0.9721146358736448
40821,0.9721425073020569
40822,0.9721703508729693
40823,0.9721981666142258
40824,0.9722259545536418
40825,0.9722537147190055
40826,0.972281447138077
40827,0.9723091518385887
40828,0.9723368288482452
40829,0.9723644781947237
40830,0.9723920999056735
40831,0.9724196940087163
40832,0.9724472605314463
40833,0.9724747995014298
40834,0.972502310946206
40835,0.9725297948932863
40836,0.9725572513701546
40837,0.9725846804042674
40838,0.9726120820230537
40839,0.9726394562539152
40840,0.9726668031242262
40841,0.9726941226613334
40842,0.9727214148925565
40843,0.9727486798451876
40844,0.9727759175464918
40845,0.9728031280237067
40846,0.9728303113040428
40847,0.9728574674146835
40848,0.9728845963827848
40849,0.9719121979856006
40850,0.9719402717507324
40851,0.971968317456129
40852,0.971996335129836
40853,0.9720243247998711
40854,0.972052286494224
40855,0.9720802202408565
40856,0.9721081260677022
40857,0.9721360040026671
40858,0.9721638540736289
40859,0.972191676308438
40860,0.9722194707349163
40861,0.9722472373808584
40862,0.9722749762740309
40863,0.9723026874421729
40864,0.9723303709129952
40865,0.9723580267141817
40866,0.9723856548733879
40867,0.9724132554182421
40868,0.9724408283763448
40869,0.9724683737752691
40870,0.9724958916425601
40871,0.972523382005736
40872,0.9725508448922869
40873,0.972578280329676
40874,0.9726056883453384
40875,0.9726330689666824
40876,0.9726604222210885
40877,0.97268774813591
40878,0.9727150467384728
40879,0.9727423180560755
40880,0.9727695621159894
40881,0.9727967789454587
40882,0.9728239685717001
40883,0.9728511310219032
40884,0.9728782663232307
40885,0.9729053745028177
40886,0.9729324555877724
40887,0.972959509605176
40888,0.9729865365820823
40889,0.9730135365455186
40890,0.9730405095224846
40891,0.9730674555399533
40892,0.9730943746248709
40893,0.9731212668041564
40894,0.973148132104702
40895,0.9731749705533729
40896,0.9732017821770077
40897,0.973228567002418
40898,0.9732553250563886
40899,0.9732820563656776
40900,0.9733087609570162
40901,0.9733354388571092
40902,0.9733620900926343
40903,0.9733887146902429
40904,0.9734153126765595
40905,0.9734418840781821
40906,0.9734684289216822
40907,0.9734949472336045
40908,0.9735214390404675
40909,0.9735479043687629
40910,0.9735743432449561
40911,0.9736007556954859
40912,0.9736271417467648
40913,0.9736535014251788
40914,0.9736798347570876
40915,0.9737061417688246
40916,0.9737324224866969
40917,0.973758676936985
40918,0.9737849051459436
40919,0.9738111071398008
40920,0.9738372829447585
40921,0.9738634325869926
40922,0.9738895560926528
40923,0.9739156534878626
40924,0.9739417247987193
40925,0.9739677700512943
40926,0.9739937892716328
40927,0.9740197824857542
40928,0.9740457497196514
40929,0.9740716909992919
40930,0.9740976063506169
40931,0.9741234957995418
40932,0.9741493593719561
40933,0.9741751970937232
40934,0.9742010089906811
40935,0.9742267950886414
40936,0.9742525554133904
40937,0.9742782899906883
40938,0.9743039988462698
40939,0.9743296820058438
40940,0.9743553394950933
40941,0.9743809713396759
40942,0.9744065775652235
40943,0.9744321581973423
40944,0.9744577132616128
40945,0.9744832427835902
40946,0.9745087467888041
40947,0.9745342253027582
40948,0.9745596783509314
40949,0.9745851059587766
40950,0.9746105081517213
40951,0.974635884955168
40952,0.9746612363944931
40953,0.9746865624950484
40954,0.9747118632821598
40955,0.9747371387811281
40956,0.9747623890172289
40957,0.9747876140157125
40958,0.9748128138018037
40959,0.9748379884007025
40960,0.9748631378375833
40961,0.9748882621375957
40962,0.974913361325864
40963,0.9749384354274874
40964,0.9749634844675399
40965,0.9749885084710705
40966,0.9740140072132284
40967,0.974039980219512
40968,0.9740659272657693
40969,0.9740918483779475
40970,0.9741177435819676
40971,0.9741436129037248
40972,0.9741694563690884
40973,0.9741952740039018
40974,0.9742210658339829
40975,0.9742468318851234
40976,0.9742725721830893
40977,0.974298286753621
40978,0.9743239756224329
40979,0.9743496388152141
40980,0.9743752763576277
40981,0.9744008882753112
40982,0.9744264745938767
40983,0.9744520353389102
40984,0.9744775705359728
40985,0.9745030802105995
40986,0.9745285643883
40987,0.9745540230945586
40988,0.9745794563548339
40989,0.9746048641945592
40990,0.9746302466391423
40991,0.9746556037139658
40992,0.9746809354443866
40993,0.9747062418557365
40994,0.974731522973322
40995,0.9747567788224242
40996,0.9747820094282988
40997,0.9748072148161766
40998,0.9748323950112628
40999,0.9748575500387379
41000,0.9738831796738816
41001,0.9739092834423235
41002,0.9739353611200423
41003,0.9739614127331158
41004,0.9739874383075954
41005,0.9740134378695068
41006,0.9740394114448496
41007,0.9740653590595973
41008,0.9740912807396978
41009,0.9741171765110723
41010,0.974143046399617
41011,0.9741688904312016
41012,0.9741947086316701
41013,0.9742205010268409
41014,0.9742462676425062
41015,0.9742720085044327
41016,0.9742977236383613
41017,0.9743234130700071
41018,0.9743490768250596
41019,0.9733752146793074
41020,0.9734018261588884
41021,0.9734284110402888
41022,0.9734549693500936
41023,0.9734815011148611
41024,0.9735080063611231
41025,0.9735344851153849
41026,0.9735609374041251
41027,0.9735873632537961
41028,0.9736137626908238
41029,0.9736401357416076
41030,0.9736664824325205
41031,0.9736928027899093
41032,0.9737190968400943
41033,0.9737453646093696
41034,0.9737716061240028
41035,0.9737978214102357
41036,0.9738240104942835
41037,0.9738501734023352
41038,0.9738763101605538
41039,0.9739024207950759
41040,0.9739285053320124
41041,0.9739545637974476
41042,0.9739805962174402
41043,0.9740066026180224
41044,0.9740325830252008
41045,0.9740585374649557
41046,0.9740844659632416
41047,0.974110368545987
41048,0.9741362452390945
41049,0.9741620960684407
41050,0.9741879210598766
41051,0.974213720239227
41052,0.9742394936322912
41053,0.9742652412648427
41054,0.974290963162629
41055,0.974316659351372
41056,0.9743423298567679
41057,0.9743679747044873
41058,0.974393593920175
41059,0.9744191875294502
41060,0.9744447555579066
41061,0.9744702980311121
41062,0.9744958149746092
41063,0.974521306413915
41064,0.9745467723745208
41065,0.9735727126320175
41066,0.9735991267123453
41067,0.9736255143917932
41068,0.9736518756967489
41069,0.9736782106535737
41070,0.9737045192886027
41071,0.9737308016281443
41072,0.973757057698481
41073,0.9737832875258688
41074,0.9738094911365377
41075,0.9738356685566911
41076,0.9738618198125065
41077,0.9738879449301352
41078,0.9739140439357022
41079,0.9739401168553068
41080,0.9739661637150216
41081,0.9739921845408936
41082,0.9740181793589437
41083,0.9740441481951667
41084,0.9740700910755313
41085,0.9740960080259806
41086,0.9741218990724314
41087,0.9741477642407748
41088,0.974173603556876
41089,0.9741994170465743
41090,0.9742252047356832
41091,0.9742509666499903
41092,0.9742767028152577
41093,0.9743024132572214
41094,0.974328098001592
41095,0.9743537570740542
41096,0.9743793905002671
41097,0.974404998305864
41098,0.9744305805164528
41099,0.9744561371576158
41100,0.9744816682549096
41101,0.9745071738338652
41102,0.9745326539199882
41103,0.9745581085387589
41104,0.9745835377156317
41105,0.9746089414760358
41106,0.9746343198453751
41107,0.9746596728490279
41108,0.9746850005123472
41109,0.9747103028606607
41110,0.9737360796693957
41111,0.9737623304643288
41112,0.9737885550215859
41113,0.9738147533673914
41114,0.9738409255279438
41115,0.9738670715294151
41116,0.9738931913979514
41117,0.9739192851596725
41118,0.9739453528406723
41119,0.9739713944670184
41120,0.9739974100647525
41121,0.9740233996598902
41122,0.974049363278421
41123,0.9740753009463086
41124,0.9741012126894907
41125,0.974127098533879
41126,0.9741529585053594
41127,0.9741787926297919
41128,0.9742046009330105
41129,0.9742303834408236
41130,0.9742561401790136
41131,0.9742818711733374
41132,0.974307576449526
41133,0.9743332560332846
41134,0.9743589099502928
41135,0.9743845382262046
41136,0.9744101408866482
41137,0.9744357179572263
41138,0.9744612694635159
41139,0.9744867954310685
41140,0.9745122958854103
41141,0.9745377708520416
41142,0.9745632203564374
41143,0.9745886444240471
41144,0.974614043080295
41145,0.9746394163505795
41146,0.974664764260274
41147,0.9746900868347266
41148,0.9747153840992596
41149,0.9747406560791704
41150,0.974765902799731
41151,0.974791124286188
41152,0.974816320563763
41153,0.9748414916576523
41154,0.9748666375930269
41155,0.974891758395033
41156,0.974916854088791
41157,0.9749419246993969
41158,0.9749669702519212
41159,0.9749919907714096
41160,0.9750169862828825
41161,0.9740424565614603
41162,0.9740684011326133
41163,0.9740943197721609
41164,0.9741202125060218
41165,0.9741460793600887
41166,0.9741719203602285
41167,0.9741977355322822
41168,0.974223524902065
41169,0.9742492884953663
41170,0.9742750263379496
41171,0.9743007384555529
41172,0.9743264248738881
41173,0.9743520856186418
41174,0.9743777207154748
41175,0.974403330190022
41176,0.974428914067893
41177,0.9744544723746718
41178,0.9744800051359165
41179,0.97450551237716
41180,0.9745309941239094
41181,0.9745564504016466
41182,0.9745818812358279
41183,0.974607286651884
41184,0.9746326666752204
41185,0.9746580213312172
41186,0.9746833506452289
41187,0.974708654642585
41188,0.9747339333485895
41189,0.9747591867885209
41190,0.9747844149876328
41191,0.9748096179711534
41192,0.9748347957642857
41193,0.9748599483922075
41194,0.9748850758800713
41195,0.9749101782530049
41196,0.9749352555361103
41197,0.974960307754465
41198,0.9749853349331211
41199,0.975010337097106
41200,0.9750353142714218
41201,0.9750602664810455
41202,0.9750851937509295
41203,0.974110595856126
41204,0.9741364723220369
41205,0.9741623229244137
41206,0.974188147689107
41207,0.9742139466419415
41208,0.9742397198087162
41209,0.9742654672152042
41210,0.974291188887153
41211,0.9743168848502843
41212,0.974342555130294
41213,0.9743681997528524
41214,0.9743938187436042
41215,0.9744194121281683
41216,0.9744449799321382
41217,0.9744705221810815
41218,0.9744960389005407
41219,0.9745215301160324
41220,0.9745469958530478
41221,0.9745724361370528
41222,0.9745978509934875
41223,0.9746232404477668
41224,0.9746486045252803
41225,0.974673943251392
41226,0.9746992566514406
41227,0.9747245447507396
41228,0.9747498075745769
41229,0.9747750451482154
41230,0.9738007572470179
41231,0.9738269433966961
41232,0.9738531033733111
41233,0.9738792372030229
41234,0.9739053449119655
41235,0.9739314265262463
41236,0.9739574820719472
41237,0.9739835115751236
41238,0.9740095150618052
41239,0.9740354925579954
41240,0.9740614440896715
41241,0.9740873696827853
41242,0.9741132693632623
41243,0.9741391431570021
41244,0.9741649910898786
41245,0.9741908131877398
41246,0.9742166094764078
41247,0.9742423799816787
41248,0.9742681247293232
41249,0.974293843745086
41250,0.9743195370546861
41251,0.9743452046838168
41252,0.9743708466581458
41253,0.9743964630033151
41254,0.974422053744941
41255,0.9744476189086142
41256,0.9744731585198999
41257,0.9744986726043378
41258,0.9745241611874419
41259,0.9735501240448258
41260,0.9735765607024521
41261,0.9736029709366326
41262,0.9736293547737774
41263,0.9736557122402704
41264,0.973682043362469
41265,0.9737083481667044
41266,0.9737346266792813
41267,0.9737608789264784
41268,0.9737871049345479
41269,0.9738133047297157
41270,0.9738394783381817
41271,0.9738656257861196
41272,0.9738917470996766
41273,0.9739178423049744
41274,0.9739439114281078
41275,0.9739699544951461
41276,0.9739959715321325
41277,0.9740219625650839
41278,0.9740479276199914
41279,0.9740738667228199
41280,0.9740997798995088
41281,0.974125667175971
41282,0.973152028328219
41283,0.9731788628826136
41284,0.9732056706158644
41285,0.9732324515547791
41286,0.9732592057261387
41287,0.9732859331566972
41288,0.9733126338731822
41289,0.9733393079022945
41290,0.973365955270708
41291,0.9733925760050701
41292,0.9734191701320016
41293,0.9734457376780966
41294,0.9734722786699226
41295,0.9734987931340207
41296,0.9735252810969052
41297,0.9735517425850642
41298,0.9735781776249591
41299,0.9736045862430251
41300,0.9726314682157957
41301,0.9726588230701527
41302,0.972686150583326
41303,0.972713450782643
41304,0.972740723695404
41305,0.9727679693488819
41306,0.9727951877703223
41307,0.9728223789869436
41308,0.9728495430259372
41309,0.972876679914467
41310,0.97290378967967
41311,0.9729308723486558
41312,0.9729579279485072
41313,0.9729849565062798
41314,0.9730119580490022
41315,0.9730389326036759
41316,0.9730658801972755
41317,0.9730928008567484
41318,0.9731196946090156
41319,0.9731465614809706
41320,0.9731734014994803
41321,0.9732002146913848
41322,0.9732270010834974
41323,0.9732537607026043
41324,0.9732804935754652
41325,0.9733071997288131
41326,0.973333879189354
41327,0.9733605319837674
41328,0.9733871581387061
41329,0.9734137576807964
41330,0.9734403306366377
41331,0.973466877032803
41332,0.9734933968958387
41333,0.9735198902522646
41334,0.9735463571285742
41335,0.9735727975512343
41336,0.9735992115466853
41337,0.9736255991413413
41338,0.9736519603615899
41339,0.9736782952337921
41340,0.9737046037842831
41341,0.9737308860393713
41342,0.9737571420253389
41343,0.973783371768442
41344,0.9738095752949103
41345,0.9738357526309473
41346,0.9738619038027305
41347,0.9738880288364109
41348,0.9739141277581136
41349,0.9739402005939376
41350,0.9739662473699556
41351,0.9739922681122145
41352,0.974018262846735
41353,0.9740442315995118
41354,0.9740701743965138
41355,0.9740960912636837
41356,0.9741219822269384
41357,0.9741478473121687
41358,0.9741736865452401
41359,0.9741994999519914
41360,0.9742252875582362
41361,0.9742510493897623
41362,0.9742767854723312
41363,0.9743024958316792
41364,0.9743281804935165
41365,0.974353839483528
41366,0.9743794728273726
41367,0.9744050805506835
41368,0.9744306626790686
41369,0.9744562192381101
41370,0.9744817502533644
41371,0.9745072557503625
41372,0.97453273575461
41373,0.9745581902915869
41374,0.9745836193867476
41375,0.9746090230655216
41376,0.9746344013533121
41377,0.9746597542754978
41378,0.9746850818574313
41379,0.9747103841244403
41380,0.9747356611018272
41381,0.9747609128148689
41382,0.9747861392888171
41383,0.9748113405488982
41384,0.9748365166203136
41385,0.9748616675282393
41386,0.9748867932978263
41387,0.9749118939542003
41388,0.974936969522462
41389,0.974962020027687
41390,0.9739875452450506
41391,0.9740135447000781
41392,0.9740395181686436
41393,0.9740654656767209
41394,0.9740913872502575
41395,0.9741172829151747
41396,0.9741431526973685
41397,0.9741689966227085
41398,0.9741948147170386
41399,0.974220607006177
41400,0.9742463735159159
41401,0.974272114272022
41402,0.9742978293002359
41403,0.9743235186262726
41404,0.9743491822758216
41405,0.9743748202745464
41406,0.9744004326480851
41407,0.97442601942205
41408,0.974451580622028
41409,0.9744771162735801
41410,0.9745026264022423
41411,0.9745281110335244
41412,0.9745535701929112
41413,0.9745790039058618
41414,0.97460441219781
41415,0.974629795094164
41416,0.9746551526203068
41417,0.9746804848015959
41418,0.9747057916633634
41419,0.9747310732309162
41420,0.9747563295295361
41421,0.9747815605844791
41422,0.9748067664209763
41423,0.9748319470642337
41424,0.9738576022895569
41425,0.9738837316226008
41426,0.9739098348393698
41427,0.9739359119659671
41428,0.9739619630284698
41429,0.9739879880529291
41430,0.9730144868154949
41431,0.9730414588426658
41432,0.9730684039112888
41433,0.973095322048309
41434,0.9731222132806445
41435,0.9731490776351867
41436,0.9731759151387996
41437,0.9732027258183211
41438,0.9732295097005617
41439,0.9732562668123053
41440,0.973282997180309
41441,0.9733097008313032
41442,0.9733363777919916
41443,0.9733630280890511
41444,0.973389651749132
41445,0.9734162487988579
41446,0.9734428192648261
41447,0.9734693631736069
41448,0.9734958805517442
41449,0.9735223714257555
41450,0.9735488358221316
41451,0.9735752737673369
41452,0.9736016852878093
41453,0.9736280704099605
41454,0.9736544291601754
41455,0.9736807615648129
41456,0.9737070676502053
41457,0.9737333474426589
41458,0.9737596009684534
41459,0.9737858282538422
41460,0.9738120293250527
41461,0.973838204208286
41462,0.9738643529297171
41463,0.9738904755154945
41464,0.9739165719917409
41465,0.9739426423845527
41466,0.9739686867200005
41467,0.9739947050241284
41468,0.9740206973229549
41469,0.9740466636424722
41470,0.9740726040086466
41471,0.9740985184474186
41472,0.9741244069847025
41473,0.974150269646387
41474,0.9741761064583346
41475,0.9742019174463823
41476,0.974227702636341
41477,0.9742534620539958
41478,0.9742791957251062
41479,0.974304903675406
41480,0.974330585930603
41481,0.9743562425163794
41482,0.974381873458392
41483,0.9744074787822716
41484,0.9744330585136237
41485,0.9744586126780279
41486,0.9744841413010383
41487,0.9745096444081838
41488,0.9735356217750921
41489,0.9735620729277407
41490,0.9735884976424556
41491,0.9736148959456615
41492,0.9736412678637568
41493,0.9736676134231134
41494,0.9736939326500768
41495,0.9737202255709663
41496,0.9737464922120748
41497,0.9737727325996689
41498,0.9737989467599891
41499,0.9738251347192495
41500,0.973851296503638
41501,0.9728779318894415
41502,0.9729050404032952
41503,0.9729321218221825
41504,0.9729591761731848
41505,0.9729862034833565
41506,0.973013203779725
41507,0.9720406768394154
41508,0.9720686221899008
41509,0.9720965396090013
41510,0.9721244291246345
41511,0.9721522907646898
41512,0.972180124557029
41513,0.9722079305294857
41514,0.9722357087098661
41515,0.9722634591259481
41516,0.9722911818054825
41517,0.9723188767761917
41518,0.9723465440657707
41519,0.9713746834520118
41520,0.9714032944630543
41521,0.9714318768773841
41522,0.9714604307235836
41523,0.9714889560302067
41524,0.9715174528257787
41525,0.9715459211387965
41526,0.9715743609977282
41527,0.9716027724310138
41528,0.9716311554670647
41529,0.971659510134264
41530,0.9716878364609663
41531,0.9717161344754981
41532,0.9717444042061573
41533,0.9717726456812136
41534,0.9718008589289086
41535,0.9718290439774554
41536,0.9718572008550391
41537,0.9718853295898167
41538,0.9719134302099168
41539,0.9719415027434402
41540,0.9719695472184592
41541,0.9719975636630185
41542,0.9720255521051344
41543,0.9720535125727955
41544,0.9720814450939621
41545,0.9721093496965668
41546,0.9721372264085143
41547,0.9721650752576813
41548,0.9721928962719164
41549,0.972220689479041
41550,0.972248454906848
41551,0.972276192583103
41552,0.9723039025355438
41553,0.9723315847918801
41554,0.9723592393797943
41555,0.9723868663269409
41556,0.972414465660947
41557,0.9724420374094118
41558,0.9724695815999072
41559,0.9724970982599772
41560,0.9725245874171387
41561,0.9725520490988806
41562,0.9725794833326649
41563,0.9726068901459256
41564,0.9726342695660696
41565,0.9726616216204763
41566,0.9726889463364978
41567,0.9727162437414588
41568,0.9727435138626568
41569,0.9727707567273618
41570,0.9727979723628167
41571,0.9728251607962372
41572,0.9718528218049366
41573,0.9718809549165759
41574,0.971909059909163
41575,0.971937136810803
41576,0.9719651856495728
41577,0.9719932064535213
41578,0.9720211992506692
41579,0.9720491640690093
41580,0.9720771009365066
41581,0.9721050098810977
41582,0.9721328909306918
41583,0.9721607441131699
41584,0.9721885694563851
41585,0.9722163669881628
41586,0.9722441367363006
41587,0.9722718787285681
41588,0.9722995929927075
41589,0.9723272795564329
41590,0.972354938447431
41591,0.9723825696933607
41592,0.9724101733218531
41593,0.9724377493605119
41594,0.9724652978369132
41595,0.9724928187786054
41596,0.9725203122131095
41597,0.972547778167919
41598,0.9725752166704998
41599,0.9726026277482904
41600,0.972630011428702
41601,0.972657367739118
41602,0.9726846967068951
41603,0.972711998359362
41604,0.9727392727238203
41605,0.9727665198275447
41606,0.972793739697782
41607,0.9728209323617523
41608,0.972848097846648
41609,0.9728752361796349
41610,0.9729023473878512
41611,0.972929431498408
41612,0.9729564885383897
41613,0.9729835185348531
41614,0.9730105215148283
41615,0.9730374975053182
41616,0.9730644465332989
41617,0.9730913686257194
41618,0.9731182638095018
41619,0.9731451321115413
41620,0.9731719735587062
41621,0.9731987881778379
41622,0.9732255759957511
41623,0.9722528367893586
41624,0.972280570085921
41625,0.9723082756630465
41626,0.9723359535484407
41627,0.9723636037697816
41628,0.9723912263547193
41629,0.9724188213308765
41630,0.9724463887258482
41631,0.9724739285672017
41632,0.9725014408824769
41633,0.9725289256991861
41634,0.9725563830448142
41635,0.9725838129468184
41636,0.9726112154326286
41637,0.9726385905296475
41638,0.97266593826525
41639,0.972693258666784
41640,0.9727205517615698
41641,0.9727478175769005
41642,0.9727750561400421
41643,0.972802267478233
41644,0.9718299513688095
41645,0.9718581073394553
41646,0.9718862351682015
41647,0.9719143348831758
41648,0.971942406512478
41649,0.9719704500841797
41650,0.9719984656263244
41651,0.9720264531669278
41652,0.9720544127339774
41653,0.9720823443554327
41654,0.9721102480592254
41655,0.9721381238732592
41656,0.9721659718254099
41657,0.9721937919435254
41658,0.9722215842554259
41659,0.9722493487889038
41660,0.9722770855717234
41661,0.9723047946316218
41662,0.9723324759963078
41663,0.9723601296934629
41664,0.9723877557507408
41665,0.9724153541957675
41666,0.9724429250561416
41667,0.9724704683594338
41668,0.9724979841331876
41669,0.9725254724049185
41670,0.972552933202115
41671,0.9725803665522378
41672,0.9726077724827203
41673,0.9726351510209685
41674,0.9726625021943609
41675,0.9726898260302486
41676,0.9727171225559554
41677,0.972744391798778
41678,0.9727716337859856
41679,0.9727988485448202
41680,0.9728260361024966
41681,0.9728531964862023
41682,0.9728803297230977
41683,0.972907435840316
41684,0.9729345148649634
41685,0.9729615668241188
41686,0.9729885917448343
41687,0.9730155896541348
41688,0.9730425605790183
41689,0.9730695045464556
41690,0.9730964215833906
41691,0.9731233117167405
41692,0.9731501749733954
41693,0.9731770113802186
41694,0.9732038209640465
41695,0.9732306037516886
41696,0.9732573597699278
41697,0.9732840890455201
41698,0.9733107916051947
41699,0.9733374674756543
41700,0.9733641166835747
41701,0.9733907392556052
41702,0.9734173352183682
41703,0.9734439045984598
41704,0.9734704474224493
41705,0.9734969637168795
41706,0.973523453508267
41707,0.9725504165732263
41708,0.9725778524387203
41709,0.9726052608820599
41710,0.9726326419306536
41711,0.9726599956118823
41712,0.9726873219530998
41713,0.9727146209816324
41714,0.9727418927247792
41715,0.9727691372098118
41716,0.9727963544639749
41717,0.9728235445144857
41718,0.9728507073885342
41719,0.9728778431132833
41720,0.9729049517158687
41721,0.972932033223399
41722,0.9729590876629559
41723,0.9729861150615936
41724,0.9730131154463396
41725,0.9730400888441944
41726,0.9730670352821312
41727,0.9730939547870966
41728,0.97312084738601
41729,0.972148212855889
41730,0.9721760507240991
41731,0.9722038607683529
41732,0.9722316430164605
41733,0.9722593974962042
41734,0.9722871242353384
41735,0.9723148232615899
41736,0.9723424946026578
41737,0.9723701382862133
41738,0.9723977543399003
41739,0.9724253427913346
41740,0.9724529036681049
41741,0.972480436997772
41742,0.9725079428078691
41743,0.9725354211259022
41744,0.9715633717294745
41745,0.9705922938966615
41746,0.97062168690626
41747,0.9706510505375382
41748,0.9706803848198595
41749,0.9707096897825583
41750,0.9707389654549395
41751,0.9707682118662789
41752,0.9697979287959478
41753,0.969828115773663
41754,0.9698582725794864
41755,0.9698883992435748
41756,0.969918495796055
41757,0.9699485622670235
41758,0.9699785986865468
41759,0.9700086050846611
41760,0.9700385814913731
41761,0.9700685279366591
41762,0.9700984444504656
41763,0.970128331062709
41764,0.970158187803276
41765,0.9691885144521483
41766,0.9692193105396524
41767,0.9692500758464593
41768,0.9692808104033344
41769,0.9693115142410121
41770,0.9693421873901965
41771,0.9693728298815606
41772,0.9694034417457469
41773,0.9694340230133673
41774,0.9694645737150032
41775,0.969495093881205
41776,0.9685260832926181
41777,0.9685575414802317
41778,0.9685889682253789
41779,0.9686203635594864
41780,0.9686517275139497
41781,0.9686830601201326
41782,0.9687143614093678
41783,0.9687456314129567
41784,0.9687768701621691
41785,0.9688080776882438
41786,0.9688392540223886
41787,0.9678708989459044
41788,0.9679030119904363
41789,0.9679350929379721
41790,0.9679671418205928
41791,0.9679991586703474
41792,0.9680311435192526
41793,0.9680630963992933
41794,0.9680950173424224
41795,0.968126906380561
41796,0.9681587635455979
41797,0.9681905888693905
41798,0.9682223823837639
41799,0.9682541441205118
41800,0.9682858741113959
41801,0.9683175723881461
41802,0.9683492389824608
41803,0.9683808739260066
41804,0.9684124772504183
41805,0.9684440489872995
41806,0.9684755891682217
41807,0.9685070978247252
41808,0.9685385749883187
41809,0.9685700206904794
41810,0.9686014349626528
41811,0.9686328178362533
41812,0.9686641693426639
41813,0.9686954895132359
41814,0.9687267783792897
41815,0.968758035972114
41816,0.9687892623229665
41817,0.9688204574630734
41818,0.9688516214236301
41819,0.9688827542358004
41820,0.9689138559307171
41821,0.968944926539482
41822,0.9689759660931657
41823,0.9690069746228077
41824,0.9690379521594166
41825,0.9690688987339698
41826,0.9690998143774141
41827,0.9691306991206651
41828,0.9691615529946075
41829,0.9691923760300951
41830,0.9692231682579511
41831,0.9692539297089676
41832,0.9692846604139062
41833,0.9693153604034974
41834,0.9693460297084414
41835,0.9693766683594075
41836,0.9694072763870343
41837,0.9694378538219298
41838,0.9694684006946716
41839,0.9694989170358063
41840,0.9695294028758504
41841,0.9695598582452899
41842,0.96959028317458
41843,0.9696206776941456
41844,0.9696510418343813
41845,0.9696813756256513
41846,0.9697116790982893
41847,0.9697419522825989
41848,0.9697721952088532
41849,0.9698024079072951
41850,0.9688330901582624
41851,0.968864241492437
41852,0.9688953616908453
41853,0.9689264507846076
41854,0.9689575088048129
41855,0.9689885357825192
41856,0.9690195317487535
41857,0.9690504967345119
41858,0.9690814307707593
41859,0.9691123338884297
41860,0.9691432061184262
41861,0.9691740474916212
41862,0.9692048580388559
41863,0.969235637790941
41864,0.9692663867786562
41865,0.9692971050327505
41866,0.968328292334067
41867,0.9683599482137931
41868,0.9683915724534595
41869,0.9684231650846904
41870,0.9684547261390785
41871,0.9684862556481848
41872,0.968517753643539
41873,0.9685492201566389
41874,0.9685806552189511
41875,0.9686120588619107
41876,0.9686434311169213
41877,0.9686747720153551
41878,0.9687060815885532
41879,0.968737359867825
41880,0.9687686068844489
41881,0.9687998226696718
41882,0.9678315070048346
41883,0.9678636594216213
41884,0.9678957797020595
41885,0.9679278678782693
41886,0.967959923982339
41887,0.9679919480463246
41888,0.9680239401022503
41889,0.9680559001821082
41890,0.9680878283178582
41891,0.9681197245414286
41892,0.9681515888847155
41893,0.9681834213795834
41894,0.9682152220578646
41895,0.96824699095136
41896,0.9682787280918385
41897,0.9683104335110371
41898,0.9683421072406613
41899,0.9683737493123847
41900,0.9684053597578496
41901,0.9684369386086663
41902,0.9684684858964138
41903,0.9685000016526393
41904,0.9685314859088585
41905,0.9675634384466808
41906,0.9675958587980584
41907,0.9676282467452868
41908,0.9676606023207538
41909,0.967692925556815
41910,0.9677252164857937
41911,0.9677574751399808
41912,0.967789701551635
41913,0.9678218957529827
41914,0.9678540577762181
41915,0.9678861876535033
41916,0.9679182854169681
41917,0.9679503510987103
41918,0.9679823847307956
41919,0.9680143863452575
41920,0.9680463559740978
41921,0.9680782936492861
41922,0.9681101994027601
41923,0.9681420732664255
41924,0.9681739152721562
41925,0.9682057254517943
41926,0.9682375038371498
41927,0.9682692504600012
41928,0.9683009653520952
41929,0.9683326485451466
41930,0.9683643000708385
41931,0.9683959199608226
41932,0.9684275082467189
41933,0.9684590649601155
41934,0.9684905901325691
41935,0.968522083795605
41936,0.9685535459807169
41937,0.9685849767193668
41938,0.9686163760429857
41939,0.9686477439829727
41940,0.9686790805706958
41941,0.9687103858374918
41942,0.9687416598146658
41943,0.9687729025334917
41944,0.9688041140252124
41945,0.9688352943210392
41946,0.9688664434521526
41947,0.9688975614497016
41948,0.9679291480949294
41949,0.9679612029194222
41950,0.9679932257051099
41951,0.9680252164840154
41952,0.9680571752881293
41953,0.9680891021494106
41954,0.9681209970997859
41955,0.9681528601711504
41956,0.9671851911454922
41957,0.9672179895551418
41958,0.9672507551827728
41959,0.9672834880611508
41960,0.9673161882230088
41961,0.9673488557010468
41962,0.9673814905279323
41963,0.9674140927363002
41964,0.9674466623587527
41965,0.9674791994278593
41966,0.9675117039761573
41967,0.9675441760361511
41968,0.9675766156403128
41969,0.9676090228210822
41970,0.9676413976108662
41971,0.9676737400420398
41972,0.9677060501469452
41973,0.9677383279578928
41974,0.9677705735071603
41975,0.9678027868269933
41976,0.967834967949605
41977,0.9678671169071766
41978,0.9678992337318572
41979,0.9679313184557633
41980,0.96796337111098
41981,0.9679953917295597
41982,0.9680273803435232
41983,0.968059336984859
41984,0.9680912616855238
41985,0.9681231544774423
41986,0.9681550153925074
41987,0.9681868444625799
41988,0.9682186417194888
41989,0.9682504071950315
41990,0.9672826406710985
41991,0.967315341679923
41992,0.967348010004081
41993,0.9673806456762408
41994,0.9674132487290382
41995,0.9674458191950762
41996,0.9674783571069252
41997,0.9675108624971231
41998,0.9675433353981755
41999,0.9675757758425552
42000,0.9676081838627025
42001,0.9676405594910257
42002,0.9676729027599003
42003,0.9677052137016695
42004,0.9677374923486444
42005,0.9677697387331035
42006,0.9678019528872932
42007,0.9678341348434278
42008,0.9678662846336893
42009,0.9678984022902273
42010,0.9679304878451596
42011,0.9679625413305717
42012,0.9679945627785171
42013,0.9680265522210174
42014,0.9670590094401869
42015,0.9670919339684825
42016,0.9671248255887038
42017,0.9671576843337426
42018,0.9671905102364575
42019,0.9672233033296744
42020,0.9672560636461865
42021,0.9672887912187541
42022,0.9673214860801047
42023,0.9673541482629332
42024,0.9673867777999018
42025,0.96741937472364
42026,0.9674519390667449
42027,0.9674844708617806
42028,0.967516970141279
42029,0.9675494369377395
42030,0.9675818712836288
42031,0.9676142732113813
42032,0.9676466427533988
42033,0.9676789799420511
42034,0.9677112848096753
42035,0.9677435573885762
42036,0.9677757977110264
42037,0.9678080058092663
42038,0.9678401817155039
42039,0.9678723254619152
42040,0.9679044370806439
42041,0.9679365166038016
42042,0.967968564063468
42043,0.9680005794916904
42044,0.9680325629204843
42045,0.9680645143818332
42046,0.9680964339076884
42047,0.9681283215299695
42048,0.9681601772805642
42049,0.9681920011913283
42050,0.9682237932940856
42051,0.9682555536206282
42052,0.9682872822027165
42053,0.9683189790720791
42054,0.9683506442604128
42055,0.9683822777993829
42056,0.9684138797206229
42057,0.9684454500557347
42058,0.9684769888362886
42059,0.9685084960938236
42060,0.9685399718598467
42061,0.9685714161658339
42062,0.9686028290432294
42063,0.968634210523446
42064,0.9686655606378654
42065,0.9686968794178376
42066,0.9687281668946813
42067,0.9687594230996841
42068,0.9687906480641022
42069,0.9688218418191605
42070,0.9688530043960529
42071,0.9688841358259419
42072,0.968915236139959
42073,0.9689463053692045
42074,0.9689773435447475
42075,0.9690083506976264
42076,0.9690393268588481
42077,0.969070272059389
42078,0.9691011863301943
42079,0.969132069702178
42080,0.9691629222062238
42081,0.9691937438731841
42082,0.9692245347338806
42083,0.9692552948191041
42084,0.9692860241596147
42085,0.9693167227861419
42086,0.9693473907293841
42087,0.9693780280200095
42088,0.9694086346886551
42089,0.9694392107659279
42090,0.9694697562824037
42091,0.9695002712686283
42092,0.9685312555052413
42093,0.9685627085232271
42094,0.9685941301039136
42095,0.9686255202787223
42096,0.9686568790790434
42097,0.9686882065362358
42098,0.9687195026816269
42099,0.9687507675465128
42100,0.9687820011621584
42101,0.9688132035597974
42102,0.9688443747706321
42103,0.9688755148258339
42104,0.9689066237565427
42105,0.9689377015938675
42106,0.9689687483688861
42107,0.9689997641126453
42108,0.9690307488561609
42109,0.9690617026304176
42110,0.9690926254663692
42111,0.9691235173949385
42112,0.9691543784470176
42113,0.9691852086534674
42114,0.9692160080451181
42115,0.9692467766527691
42116,0.9692775145071891
42117,0.968308721389241
42118,0.9683403968301313
42119,0.9683720406114105
42120,0.9684036527647224
42121,0.9684352333216792
42122,0.9684667823138615
42123,0.9684982997728182
42124,0.9685297857300668
42125,0.9685612402170932
42126,0.968592663265352
42127,0.9686240549062661
42128,0.9686554151712273
42129,0.9686867440915959
42130,0.9687180416987008
42131,0.9687493080238395
42132,0.9687805430982784
42133,0.9688117469532527
42134,0.968842919619966
42135,0.9688740611295913
42136,0.9689051715132698
42137,0.9689362508021121
42138,0.9689672990271975
42139,0.9689983162195741
42140,0.9690293024102592
42141,0.969060257630239
42142,0.9690911819104686
42143,0.9691220752818724
42144,0.9691529377753438
42145,0.9691837694217453
42146,0.9692145702519085
42147,0.9692453402966342
42148,0.9692760795866926
42149,0.9693067881528228
42150,0.9693374660257335
42151,0.9693681132361025
42152,0.9693987298145772
42153,0.969429315791774
42154,0.969459871198279
42155,0.9694903960646476
42156,0.9695208904214045
42157,0.9695513542990444
42158,0.9695817877280308
42159,0.9696121907387975
42160,0.9696425633617471
42161,0.9696729056272526
42162,0.9697032175656561
42163,0.9697334992072697
42164,0.9697637505823749
42165,0.9697939717212231
42166,0.9698241626540355
42167,0.969854323411003
42168,0.9698844540222863
42169,0.9699145545180161
42170,0.9699446249282929
42171,0.9699746652831872
42172,0.9700046756127393
42173,0.9700346559469595
42174,0.9700646063158281
42175,0.9700945267492955
42176,0.9701244172772823
42177,0.9701542779296788
42178,0.9701841087363458
42179,0.9702139097271141
42180,0.9702436809317846
42181,0.9702734223801286
42182,0.9703031341018876
42183,0.9703328161267732
42184,0.9703624684844676
42185,0.9703920912046231
42186,0.9704216843168624
42187,0.9704512478507785
42188,0.9704807818359351
42189,0.9705102863018662
42190,0.9705397612780762
42191,0.9705692067940401
42192,0.9705986228792035
42193,0.9696285093131074
42194,0.9696588656256381
42195,0.9696891915970267
42196,0.9697194872575994
42197,0.9697497526376517
42198,0.9697799877674492
42199,0.9698101926772269
42200,0.9698403673971897
42201,0.9698705119575124
42202,0.9699006263883395
42203,0.9699307107197854
42204,0.9699607649819346
42205,0.9699907892048413
42206,0.9700207834185296
42207,0.9700507476529938
42208,0.9700806819381982
42209,0.9701105863040771
42210,0.9701404607805348
42211,0.9701703053974459
42212,0.9702001201846548
42213,0.9702299051719765
42214,0.9702596603891959
42215,0.9702893858660683
42216,0.9703190816323191
42217,0.9703487477176441
42218,0.9703783841517094
42219,0.9704079909641514
42220,0.969438067934702
42221,0.9694686145934379
42222,0.9694991307207808
42223,0.9695296163472468
42224,0.9695600715033215
42225,0.96959049621946
42226,0.9696208905260872
42227,0.9696512544535973
42228,0.9696815880323544
42229,0.9697118912926919
42230,0.9697421642649131
42231,0.969772406979291
42232,0.9698026194660684
42233,0.9698328017554576
42234,0.9698629538776411
42235,0.9698930758627708
42236,0.969923167740969
42237,0.9699532295423273
42238,0.9699832612969077
42239,0.9700132630347419
42240,0.9700432347858317
42241,0.9700731765801487
42242,0.9701030884476348
42243,0.9701329704182019
42244,0.9701628225217319
42245,0.970192644788077
42246,0.9702224372470594
42247,0.9702521999284716
42248,0.9702819328620763
42249,0.9703116360776065
42250,0.9703413096047653
42251,0.9703709534732263
42252,0.9704005677126334
42253,0.9704301523526008
42254,0.9704597074227131
42255,0.9704892329525255
42256,0.9705187289715634
42257,0.970548195509323
42258,0.9705776325952707
42259,0.9706070402588437
42260,0.9706364185294496
42261,0.9706657674364666
42262,0.9706950870092438
42263,0.9707243772771006
42264,0.9707536382693274
42265,0.9707828700151852
42266,0.9708120725439056
42267,0.9708412458846912
42268,0.9708703900667155
42269,0.9708995051191226
42270,0.9709285910710275
42271,0.9709576479515162
42272,0.9709866757896456
42273,0.9710156746144436
42274,0.9710446444549089
42275,0.9710735853400114
42276,0.971102497298692
42277,0.9711313803598628
42278,0.9711602345524066
42279,0.9711890599051778
42280,0.9712178564470016
42281,0.9712466242066748
42282,0.971275363212965
42283,0.9713040734946112
42284,0.9713327550803238
42285,0.9713614079987842
42286,0.9713900322786455
42287,0.971418627948532
42288,0.9714471950370391
42289,0.9714757335727342
42290,0.9715042435841558
42291,0.9715327250998138
42292,0.9715611781481898
42293,0.9715896027577368
42294,0.9716179989568795
42295,0.9716463667740141
42296,0.9716747062375083
42297,0.9717030173757016
42298,0.9717313002169053
42299,0.9707600545395272
42300,0.9707892798723212
42301,0.9708184759943879
42302,0.9708476429349232
42303,0.9708767807230942
42304,0.9709058893880387
42305,0.9709349689588652
42306,0.9699645192147784
42307,0.9699945396853283
42308,0.9700245301504105
42309,0.9700544906400153
42310,0.9700844211841032
42311,0.9701143218126048
42312,0.9701441925554208
42313,0.9701740334424219
42314,0.970203844503449
42315,0.9702336257683131
42316,0.9702633772667956
42317,0.9702930990286478
42318,0.9703227910835917
42319,0.9703524534613192
42320,0.9703820861914928
42321,0.9704116893037452
42322,0.9704412628276795
42323,0.9704708067928692
42324,0.9705003212288583
42325,0.9695303059152862
42326,0.9695607603821375
42327,0.9695911844097416
42328,0.9696215780285224
42329,0.9696519412688738
42330,0.9696822741611587
42331,0.9697125767357103
42332,0.969742849022831
42333,0.9697730910527932
42334,0.9698033028558388
42335,0.9698334844621798
42336,0.9698636359019976
42337,0.9698937572054439
42338,0.9699238484026399
42339,0.9699539095236768
42340,0.9699839405986156
42341,0.9700139416574876
42342,0.9700439127302937
42343,0.9700738538470051
42344,0.9701037650375628
42345,0.970133646331878
42346,0.9701634977598322
42347,0.9701933193512767
42348,0.9702231111360331
42349,0.9702528731438932
42350,0.970282605404619
42351,0.9703123079479427
42352,0.9703419808035669
42353,0.9703716240011646
42354,0.9704012375703789
42355,0.9704308215408233
42356,0.9704603759420818
42357,0.9704899008037089
42358,0.9705193961552294
42359,0.9695493617762637
42360,0.9695797971967772
42361,0.9696102021970803
42362,0.969640576807578
42363,0.9696709210586448
42364,0.9697012349806252
42365,0.969731518603833
42366,0.9697617719585518
42367,0.969791995075035
42368,0.9688226877336307
42369,0.9688538494650314
42370,0.9688849800502738
42371,0.9689160795204884
42372,0.9689471479067748
42373,0.9689781852402013
42374,0.9690091915518053
42375,0.9690401668725931
42376,0.9690711112335401
42377,0.9691020246655905
42378,0.9691329071996578
42379,0.9691637588666246
42380,0.9691945796973427
42381,0.9692253697226327
42382,0.9692561289732847
42383,0.969286857480058
42384,0.9693175552736811
42385,0.9693482223848519
42386,0.9693788588442374
42387,0.969409464682474
42388,0.9694400399301677
42389,0.9694705846178937
42390,0.9695010987761966
42391,0.9685320821857156
42392,0.968563534377434
42393,0.968594955132679
42394,0.9686263444828712
42395,0.9686577024594001
42396,0.9686890290936235
42397,0.9687203244168683
42398,0.9687515884604296
42399,0.9687828212555716
42400,0.968814022833527
42401,0.9678456929756225
42402,0.9678778312135279
42403,0.9679099373292565
42404,0.9679420113549144
42405,0.9679740533225757
42406,0.9680060632642823
42407,0.9680380412120442
42408,0.9680699871978392
42409,0.9681019012536135
42410,0.9681337834112811
42411,0.9681656337027241
42412,0.9681974521597929
42413,0.9682292388143059
42414,0.9682609936980497
42415,0.9682927168427793
42416,0.9683244082802178
42417,0.9683560680420567
42418,0.9683876961599557
42419,0.9684192926655429
42420,0.9684508575904149
42421,0.9684823909661366
42422,0.9685138928242415
42423,0.9685453631962313
42424,0.9685768021135764
42425,0.9686082096077158
42426,0.9686395857100569
42427,0.9676714302021009
42428,0.967703742615692
42429,0.9677360227330176
42430,0.967768270586358
42431,0.9678004862079608
42432,0.9678326696300418
42433,0.9678648208847843
42434,0.9678969400043398
42435,0.9679290270208272
42436,0.9669615817164585
42437,0.9669946036237884
42438,0.9670275925257137
42439,0.9670605484552233
42440,0.967093471445273
42441,0.967126361528786
42442,0.9671592187386522
42443,0.967192043107729
42444,0.9672248346688407
42445,0.9672575934547789
42446,0.9672903194983024
42447,0.9673230128321372
42448,0.9673556734889767
42449,0.9673883015014815
42450,0.9674208969022796
42451,0.9674534597239665
42452,0.967485989999105
42453,0.9675184877602253
42454,0.9675509530398253
42455,0.9675833858703702
42456,0.9676157862842929
42457,0.9676481543139938
42458,0.9676804899918409
42459,0.9677127933501699
42460,0.9677450644212842
42461,0.9677773032374548
42462,0.9678095098309206
42463,0.9678416842338882
42464,0.9678738264785319
42465,0.9679059365969942
42466,0.967938014621385
42467,0.9679700605837823
42468,0.9680020745162323
42469,0.9680340564507488
42470,0.9680660064193137
42471,0.9680979244538771
42472,0.9681298105863569
42473,0.9681616648486394
42474,0.9681934872725788
42475,0.9682252778899976
42476,0.9682570367326863
42477,0.9682887638324037
42478,0.9683204592208771
42479,0.9683521229298018
42480,0.9683837549908415
42481,0.9684153554356283
42482,0.9684469242957626
42483,0.9684784616028134
42484,0.9685099673883178
42485,0.9685414416837818
42486,0.9685728845206796
42487,0.968604295930454
42488,0.9686356759445166
42489,0.9686670245942473
42490,0.9686983419109946
42491,0.9687296279260761
42492,0.9687608826707776
42493,0.968792106176354
42494,0.9688232984740288
42495,0.9688544595949943
42496,0.9688855895704116
42497,0.9689166884314107
42498,0.9689477562090903
42499,0.9689787929345185
42500,0.9690097986387318
42501,0.9690407733527361
42502,0.969071717107506
42503,0.9691026299339852
42504,0.9691335118630867
42505,0.9691643629256923
42506,0.9691951831526532
42507,0.9692259725747895
42508,0.9692567312228907
42509,0.9692874591277154
42510,0.9693181563199915
42511,0.9693488228304163
42512,0.9693794586896564
42513,0.9694100639283474
42514,0.9694406385770946
42515,0.9694711826664728
42516,0.9695016962270261
42517,0.9695321792892679
42518,0.9695626318836814
42519,0.9695930540407192
42520,0.9696234457908034
42521,0.9696538071643258
42522,0.9696841381916478
42523,0.9697144389031004
42524,0.9697447093289844
42525,0.9697749494995701
42526,0.9698051594450978
42527,0.9698353391957774
42528,0.9698654887817886
42529,0.969895608233281
42530,0.9699256975803742
42531,0.9699557568531574
42532,0.96998578608169
42533,0.9700157852960011
42534,0.97004575452609
42535,0.9690761935520509
42536,0.9691071019043227
42537,0.9691379793636887
42538,0.9691688259610264
42539,0.9691996417271823
42540,0.9692304266929722
42541,0.9692611808891811
42542,0.9692919043465632
42543,0.969322597095842
42544,0.9683537589178352
42545,0.9683853893437043
42546,0.968416988154955
42547,0.968448555383186
42548,0.9684800910599644
42549,0.968511595216826
42550,0.9685430678852749
42551,0.9685745090967839
42552,0.9686059188827941
42553,0.9686372972747154
42554,0.9686686443039261
42555,0.9686999600017733
42556,0.9687312443995726
42557,0.9687624975286085
42558,0.9687937194201341
42559,0.9688249101053714
42560,0.968856069615511
42561,0.9678876977318372
42562,0.9679197939859784
42563,0.9679518581599055
42564,0.9679838902856827
42565,0.9670163901454671
42566,0.9670493572717586
42567,0.967082291447399
42568,0.9671151927053226
42569,0.9671480610784308
42570,0.9671808965995917
42571,0.9672136993016411
42572,0.9672464692173817
42573,0.9672792063795832
42574,0.9673119108209829
42575,0.9673445825742852
42576,0.967377221672162
42577,0.9674098281472523
42578,0.9674424020321626
42579,0.9674749433594668
42580,0.9675074521617062
42581,0.9675399284713897
42582,0.9675723723209935
42583,0.9676047837429614
42584,0.9676371627697051
42585,0.9676695094336035
42586,0.9677018237670032
42587,0.9677341058022186
42588,0.9677663555715318
42589,0.9677985731071924
42590,0.9678307584414181
42591,0.9668634113565191
42592,0.9668965313851483
42593,0.9669296183103006
42594,0.9669626721650628
42595,0.966995692982489
42596,0.9670286807956
42597,0.9670616356373836
42598,0.9670945575407944
42599,0.9671274465387547
42600,0.9671603026641532
42601,0.9671931259498462
42602,0.967225916428657
42603,0.967258674133376
42604,0.9672913990967609
42605,0.9673240913515367
42606,0.9673567509303957
42607,0.9673893778659975
42608,0.967421972190969
42609,0.9674545339379046
42610,0.9674870631393659
42611,0.9675195598278823
42612,0.9675520240359504
42613,0.9675844557960345
42614,0.9676168551405662
42615,0.9676492221019449
42616,0.9676815567125376
42617,0.967713859004679
42618,0.9677461290106714
42619,0.9677783667627846
42620,0.9678105722932566
42621,0.9678427456342928
42622,0.9678748868180667
42623,0.9679069958767192
42624,0.9679390728423597
42625,0.967971117747065
42626,0.96800313062288
42627,0.9680351115018176
42628,0.9680670604158588
42629,0.9680989773969524
42630,0.9681308624770154
42631,0.9681627156879329
42632,0.9681945370615581
42633,0.9682263266297125
42634,0.9682580844241856
42635,0.9682898104767351
42636,0.9683215048190872
42637,0.9683531674829362
42638,0.9683847984999447
42639,0.9684163979017439
42640,0.9684479657199331
42641,0.9684795019860801
42642,0.9685110067317212
42643,0.9685424799883612
42644,0.9685739217874733
42645,0.9686053321604993
42646,0.9686367111388496
42647,0.9686680587539033
42648,0.9686993750370079
42649,0.9687306600194796
42650,0.9687619137326036
42651,0.9677936359577584
42652,0.9678258262266661
42653,0.9678579843213921
42654,0.9668906100242194
42655,0.9669237028677734
42656,0.9669567626350221
42657,0.966989789359025
42658,0.9670227830728091
42659,0.967055743809368
42660,0.9670886716016625
42661,0.9671215664826203
42662,0.9671544284851364
42663,0.9671872576420728
42664,0.9672200539862587
42665,0.9672528175504903
42666,0.9672855483675313
42667,0.9673182464701126
42668,0.967350911890932
42669,0.9673835446626552
42670,0.9674161448179149
42671,0.9674487123893113
42672,0.9674812474094119
42673,0.9675137499107518
42674,0.9675462199258335
42675,0.967578657487127
42676,0.9676110626270699
42677,0.9676434353780673
42678,0.967675775772492
42679,0.9677080838426844
42680,0.9677403596209525
42681,0.9677726031395723
42682,0.967804814430787
42683,0.9678369935268082
42684,0.9678691404598149
42685,0.967901255261954
42686,0.9679333379653404
42687,0.9679653886020567
42688,0.9679974072041536
42689,0.9680293938036497
42690,0.9680613484325317
42691,0.968093271122754
42692,0.9681251619062395
42693,0.968157020814879
42694,0.9681888478805313
42695,0.9682206431350235
42696,0.968252406610151
42697,0.9682841383376771
42698,0.9683158383493337
42699,0.9683475066768206
42700,0.9683791433518063
42701,0.9684107484059274
42702,0.968442321870789
42703,0.9684738637779646
42704,0.9685053741589962
42705,0.9685368530453939
42706,0.968568300468637
42707,0.9685997164601725
42708,0.9686311010514167
42709,0.9686624542737541
42710,0.9686937761585379
42711,0.9687250667370901
42712,0.9687563260407013
42713,0.9687875541006307
42714,0.9688187509481063
42715,0.9688499166143251
42716,0.9688810511304526
42717,0.9689121545276236
42718,0.9689432268369413
42719,0.9689742680894782
42720,0.9690052783162753
42721,0.969036257548343
42722,0.9690672058166605
42723,0.9690981231521761
42724,0.9681295093359321
42725,0.9681613638993145
42726,0.9681931866240528
42727,0.9682249775419698
42728,0.9682567366848563
42729,0.9682884640844717
42730,0.9683201597725432
42731,0.9683518237807665
42732,0.9683834561408057
42733,0.9684150568842931
42734,0.9684466260428295
42735,0.9684781636479841
42736,0.9685096697312945
42737,0.9685411443242667
42738,0.9685725874583754
42739,0.9686039991650637
42740,0.9686353794757433
42741,0.9686667284217946
42742,0.9686980460345664
42743,0.9677298320955015
42744,0.9677620861363855
42745,0.9677943079393476
42746,0.9678264975366097
42747,0.9678586549603612
42748,0.9678907802427597
42749,0.9679228734159303
42750,0.9679549345119663
42751,0.9679869635629289
42752,0.968018960600847
42753,0.9680509256577178
42754,0.9680828587655061
42755,0.9681147599561454
42756,0.9681466292615365
42757,0.9681784667135489
42758,0.9682102723440201
42759,0.9672425459348807
42760,0.967275287018404
42761,0.9673079953772062
42762,0.9673406710439957
42763,0.967373314051448
42764,0.9674059244322062
42765,0.9674385022188806
42766,0.9674710474440491
42767,0.967503560140257
42768,0.9675360403400168
42769,0.967568488075809
42770,0.967600903380081
42771,0.9676332862852484
42772,0.9676656368236939
42773,0.9676979550277681
42774,0.9677302409297893
42775,0.9677624945620434
42776,0.967794715956784
42777,0.9678269051462325
42778,0.9678590621625781
42779,0.9678911870379778
42780,0.9679232798045566
42781,0.9679553404944071
42782,0.9679873691395902
42783,0.9680193657721343
42784,0.9680513304240362
42785,0.9680832631272606
42786,0.9681151639137401
42787,0.9681470328153755
42788,0.9681788698640358
42789,0.968210675091558
42790,0.9682424485297474
42791,0.9682741902103773
42792,0.9683059001651895
42793,0.968337578425894
42794,0.9673697247742938
42795,0.9664028384926604
42796,0.9664364188639821
42797,0.9664699656717143
42798,0.9665034789494037
42799,0.9665369587305637
42800,0.9665704050486741
42801,0.9666038179371812
42802,0.9666371974294978
42803,0.9666705435590036
42804,0.9667038563590445
42805,0.9667371358629335
42806,0.96677038210395
42807,0.9668035951153404
42808,0.9668367749303176
42809,0.9668699215820614
42810,0.9669030351037186
42811,0.9669361155284025
42812,0.9669691628891938
42813,0.9670021772191396
42814,0.9670351585512544
42815,0.9670681069185195
42816,0.9671010223538833
42817,0.9671339048902612
42818,0.9671667545605358
42819,0.9671995713975567
42820,0.9672323554341409
42821,0.9672651067030723
42822,0.9672978252371022
42823,0.9673305110689492
42824,0.9673631642312991
42825,0.967395784756805
42826,0.9674283726780876
42827,0.9674609280277346
42828,0.9674934508383016
42829,0.9675259411423113
42830,0.967558398972254
42831,0.9675908243605876
42832,0.9676232173397374
42833,0.9676555779420966
42834,0.9676879062000255
42835,0.9677202021458526
42836,0.9667529655619987
42837,0.9667861959812272
42838,0.9668193931866432
42839,0.9668525572114441
42840,0.966885688088794
42841,0.9669187858518238
42842,0.9669518505336311
42843,0.9669848821672806
42844,0.9670178807858041
42845,0.9670508464222001
42846,0.9670837791094342
42847,0.9671166788804393
42848,0.967149545768115
42849,0.9671823798053283
42850,0.9672151810249132
42851,0.967247949459671
42852,0.96728068514237
42853,0.967313388105746
42854,0.9673460583825019
42855,0.967378696005308
42856,0.967411301006802
42857,0.9674438734195887
42858,0.9674764132762408
42859,0.967508920609298
42860,0.9675413954512677
42861,0.9675738378346248
42862,0.9676062477918116
42863,0.966639125105363
42864,0.9666724693081562
42865,0.9667057801834105
42866,0.9667390577644366
42867,0.9657728018346371
42868,0.9658070119277559
42869,0.9658411878278781
42870,0.9658753295691795
42871,0.965909437185802
42872,0.9659435107118532
42873,0.9659775501814066
42874,0.9660115556285017
42875,0.9660455270871439
42876,0.9650799643414296
42877,0.965114866925796
42878,0.9651497346250205
42879,0.965184567473971
42880,0.9652193655074802
42881,0.9652541287603463
42882,0.9652888572673325
42883,0.9653235510631673
42884,0.9653582101825444
42885,0.965392834660123
42886,0.9654274245305278
42887,0.9654619798283484
42888,0.9654965005881401
42889,0.9655309868444238
42890,0.9655654386316858
42891,0.9655998559843777
42892,0.965634238936917
42893,0.9656685875236867
42894,0.9657029017790353
42895,0.9657371817372771
42896,0.9657714274326921
42897,0.965805638899526
42898,0.9658398161719902
42899,0.9658739592842621
42900,0.9659080682704847
42901,0.9659421431647671
42902,0.9659761840011841
42903,0.9660101908137766
42904,0.9660441636365514
42905,0.9660781025034814
42906,0.9661120074485053
42907,0.9661458785055284
42908,0.9661797157084214
42909,0.9662135190910217
42910,0.9662472886871326
42911,0.9662810245305238
42912,0.966314726654931
42913,0.9663483950940566
42914,0.9663820298815687
42915,0.9664156310511024
42916,0.9664491986362587
42917,0.9664827326706052
42918,0.9665162331876761
42919,0.9665497002209718
42920,0.9665831338039593
42921,0.9666165339700723
42922,0.966649900752711
42923,0.9666832341852419
42924,0.9667165343009988
42925,0.9667498011332817
42926,0.9667830347153573
42927,0.9668162350804594
42928,0.9668494022617883
42929,0.9668825362925111
42930,0.9669156372057619
42931,0.9669487050346417
42932,0.9669817398122182
42933,0.9670147415715263
42934,0.9670477103455678
42935,0.9670806461673114
42936,0.9671135490696928
42937,0.9671464190856152
42938,0.9671792562479484
42939,0.9672120605895297
42940,0.9672448321431634
42941,0.9672775709416209
42942,0.9673102770176413
42943,0.9673429504039305
42944,0.967375591133162
42945,0.9674081992379764
42946,0.9674407747509819
42947,0.967473317704754
42948,0.9675058281318357
42949,0.9675383060647375
42950,0.9675707515359371
42951,0.9666036643280052
42952,0.9666370439738542
42953,0.9666703902567388
42954,0.9667037032100054
42955,0.966736982866967
42956,0.9667702292609031
42957,0.9668034424250601
42958,0.9668366223926512
42959,0.9668697691968565
42960,0.9669028828708227
42961,0.9669359634476634
42962,0.9669690109604594
42963,0.967002025442258
42964,0.9670350069260738
42965,0.9670679554448883
42966,0.9671008710316501
42967,0.9671337537192747
42968,0.9671666035406448
42969,0.9671994205286102
42970,0.9672322047159879
42971,0.9672649561355622
42972,0.9672976748200843
42973,0.9673303608022732
42974,0.9673630141148146
42975,0.9673956347903621
42976,0.9674282228615361
42977,0.9674607783609248
42978,0.9674933013210838
42979,0.967525791774536
42980,0.9675582497537719
42981,0.9675906752912494
42982,0.967623068419394
42983,0.9676554291705991
42984,0.9676877575772251
42985,0.9677200536716007
42986,0.967752317486022
42987,0.9677845490527526
42988,0.9678167484040242
42989,0.9678489155720362
42990,0.9678810505889557
42991,0.9679131534869178
42992,0.9679452242980253
42993,0.9679772630543492
42994,0.968009269787928
42995,0.9680412445307687
42996,0.9680731873148458
42997,0.9681050981721023
42998,0.968136977134449
42999,0.9681688242337649
43000,0.968200639501897
43001,0.9682324229706608
43002,0.9682641746718396
43003,0.96729639438731
43004,0.9673290816492917
43005,0.9673617362403468
43006,0.9673943581931301
43007,0.9674269475402635
43008,0.9674595043143361
43009,0.9674920285479051
43010,0.9675245202734943
43011,0.9675569795235958
43012,0.9675894063306686
43013,0.9676218007271397
43014,0.9676541627454034
43015,0.9676864924178218
43016,0.9677187897767245
43017,0.9677510548544089
43018,0.9677832876831401
43019,0.967815488295151
43020,0.9678476567226421
43021,0.9678797929977818
43022,0.9679118971527065
43023,0.9679439692195204
43024,0.9679760092302955
43025,0.9680080172170717
43026,0.9680399932118573
43027,0.9680719372466281
43028,0.9681038493533282
43029,0.9681357295638695
43030,0.9681675779101325
43031,0.9681993944239655
43032,0.9682311791371849
43033,0.9682629320815755
43034,0.9682946532888903
43035,0.9683263427908504
43036,0.9683580006191453
43037,0.9683896268054331
43038,0.9684212213813397
43039,0.9684527843784598
43040,0.9684843158283564
43041,0.968515815762561
43042,0.9685472842125734
43043,0.9685787212098622
43044,0.9686101267858643
43045,0.9686415009719854
43046,0.9686728437995996
43047,0.9687041553000498
43048,0.9687354355046475
43049,0.9687666844446728
43050,0.9687979021513748
43051,0.9688290886559712
43052,0.9678607437397733
43053,0.9678928669344362
43054,0.967924958021958
43055,0.9669575167845548
43056,0.9669905427547851
43057,0.96702353571555
43058,0.9670564956998423
43059,0.967089422740622
43060,0.9671223168708163
43061,0.9671551781233192
43062,0.967188006530992
43063,0.9672208021266632
43064,0.9672535649431283
43065,0.9672862950131502
43066,0.967318992369459
43067,0.9673516570447519
43068,0.9673842890716937
43069,0.9674168884829164
43070,0.9674494553110194
43071,0.9674819895885697
43072,0.9675144913481013
43073,0.9675469606221162
43074,0.9675793974430836
43075,0.9676118018434404
43076,0.9676441738555909
43077,0.9676765135119071
43078,0.9677088208447288
43079,0.9677410958863633
43080,0.9677733386690855
43081,0.9678055492251384
43082,0.9678377275867325
43083,0.967869873786046
43084,0.9679019878552254
43085,0.9679340698263846
43086,0.9679661197316056
43087,0.9679981376029384
43088,0.9680301234724007
43089,0.9680620773719785
43090,0.9680939993336257
43091,0.9681258893892642
43092,0.9681577475707842
43093,0.9681895739100438
43094,0.9682213684388693
43095,0.9682531311890553
43096,0.9682848621923646
43097,0.9683165614805282
43098,0.9683482290852453
43099,0.9683798650381836
43100,0.968411469370979
43101,0.9684430421152359
43102,0.968474583302527
43103,0.9685060929643935
43104,0.9685375711323452
43105,0.9685690178378601
43106,0.968600433112385
43107,0.9686318169873351
43108,0.9686631694940944
43109,0.9686944906640154
43110,0.9687257805284192
43111,0.9687570391185957
43112,0.9687882664658035
43113,0.9688194626012699
43114,0.9688506275561912
43115,0.9688817613617322
43116,0.9689128640490269
43117,0.9689439356491778
43118,0.9689749761932566
43119,0.9690059857123038
43120,0.969036964237329
43121,0.9690679117993106
43122,0.9690988284291964
43123,0.9691297141579028
43124,0.9691605690163158
43125,0.96919139303529
43126,0.9692221862456495
43127,0.9692529486781876
43128,0.9692836803636666
43129,0.9693143813328184
43130,0.9693450516163439
43131,0.9693756912449133
43132,0.9694063002491663
43133,0.9694368786597118
43134,0.9684679262572534
43135,0.9684994425728384
43136,0.9685309273878581
43137,0.9685623807337972
43138,0.9685938026421093
43139,0.9686251931442161
43140,0.9686565522715083
43141,0.9686878800553448
43142,0.9687191765270536
43143,0.9687504417179311
43144,0.9687816756592426
43145,0.9688128783822219
43146,0.9688440499180717
43147,0.9688751902979637
43148,0.9689062995530382
43149,0.9689373777144045
43150,0.9689684248131407
43151,0.968999440880294
43152,0.9690304259468804
43153,0.969061380043885
43154,0.9690923032022619
43155,0.9691231954529343
43156,0.9691540568267945
43157,0.9691848873547037
43158,0.9692156870674925
43159,0.9692464559959608
43160,0.9692771941708774
43161,0.9693079016229805
43162,0.9693385783829775
43163,0.9693692244815453
43164,0.9693998399493299
43165,0.9694304248169467
43166,0.9694609791149807
43167,0.9694915028739862
43168,0.969521996124487
43169,0.9695524588969763
43170,0.9695828912219169
43171,0.9696132931297411
43172,0.9696436646508508
43173,0.9696740058156176
43174,0.9697043166543826
43175,0.9697345971974567
43176,0.9697648474751204
43177,0.969795067517624
43178,0.9698252573551877
43179,0.969855417018001
43180,0.9698855465362239
43181,0.9689161456901108
43182,0.9689472140102605
43183,0.9689782512776166
43184,0.9690092575232162
43185,0.9690402327780656
43186,0.96907117707314
43187,0.9691020904393838
43188,0.9691329729077103
43189,0.969163824509002
43190,0.9691946452741104
43191,0.9692254352338564
43192,0.96925619441903
43193,0.9692869228603903
43194,0.9693176205886658
43195,0.9693482876345542
43196,0.9693789240287225
43197,0.9694095298018073
43198,0.9694401049844141
43199,0.9694706496071184
43200,0.9695011637004646
43201,0.9695316472949669
43202,0.9695621004211088
43203,0.9695925231093435
43204,0.9696229153900938
43205,0.969653277293752
43206,0.9696836088506797
43207,0.9697139100912088
43208,0.9697441810456403
43209,0.9697744217442453
43210,0.9698046322172645
43211,0.9698348124949084
43212,0.9698649626073573
43213,0.9698950825847613
43214,0.9699251724572403
43215,0.9699552322548842
43216,0.9699852620077529
43217,0.9700152617458762
43218,0.9700452314992536
43219,0.970075171297855
43220,0.9701050811716203
43221,0.9701349611504593
43222,0.9701648112642519
43223,0.9701946315428484
43224,0.9702244220160688
43225,0.970254182713704
43226,0.9702839136655144
43227,0.970313614901231
43228,0.9703432864505551
43229,0.9703729283431582
43230,0.9694030403588073
43231,0.9694336220276141
43232,0.9694641731300353
43233,0.969494693696622
43234,0.9695251837578948
43235,0.9695556433443436
43236,0.9695860724864283
43237,0.9696164712145777
43238,0.9696468395591908
43239,0.969677177550636
43240,0.969707485219251
43241,0.9697377625953437
43242,0.9697680097091914
43243,0.9697982265910413
43244,0.9698284132711102
43245,0.9698585697795848
43246,0.9698886961466218
43247,0.9699187924023472
43248,0.9699488585768576
43249,0.9699788947002191
43250,0.9700089008024678
43251,0.9700388769136098
43252,0.9700688230636212
43253,0.9700987392824482
43254,0.9701286256000069
43255,0.9701584820461838
43256,0.9701883086508353
43257,0.970218105443788
43258,0.9702478724548387
43259,0.9702776097137544
43260,0.9693078170003974
43261,0.9693384938449747
43262,0.9693691400280382
43263,0.968400255330359
43264,0.9684318392830523
43265,0.968463391667577
43266,0.9684949125154855
43267,0.9685264018582986
43268,0.9685578597275057
43269,0.9685892861545647
43270,0.968620681170902
43271,0.9686520448079127
43272,0.9686833770969603
43273,0.9687146780693772
43274,0.9687459477564643
43275,0.9687771861894913
43276,0.9688083933996967
43277,0.9688395694182877
43278,0.9688707142764403
43279,0.9689018280052994
43280,0.9689329106359789
43281,0.968963962199561
43282,0.9689949827270977
43283,0.9690259722496094
43284,0.9690569307980855
43285,0.9690878584034848
43286,0.9691187550967346
43287,0.9691496209087319
43288,0.9691804558703424
43289,0.969211260012401
43290,0.9692420333657119
43291,0.9692727759610485
43292,0.9693034878291534
43293,0.9693341690007384
43294,0.9693648195064848
43295,0.969395439377043
43296,0.969426028643033
43297,0.9694565873350439
43298,0.9694871154836345
43299,0.969517613119333
43300,0.9695480802726371
43301,0.9695785169740138
43302,0.9696089232538998
43303,0.9696392991427015
43304,0.9696696446707948
43305,0.9696999598685251
43306,0.9697302447662077
43307,0.9697604993941276
43308,0.9697907237825393
43309,0.9698209179616671
43310,0.9698510819617054
43311,0.9698812158128182
43312,0.9699113195451392
43313,0.9699413931887723
43314,0.9699714367737909
43315,0.9700014503302389
43316,0.9700314338881297
43317,0.970061387477447
43318,0.9700913111281442
43319,0.9701212048701451
43320,0.9701510687333433
43321,0.9701809027476028
43322,0.9702107069427577
43323,0.970240481348612
43324,0.9692707257450651
43325,0.9693014396623614
43326,0.9693321228810896
43327,0.969362775431933
43328,0.9693933973455443
43329,0.9694239886525453
43330,0.9694545493835273
43331,0.969485079569051
43332,0.9695155792396466
43333,0.9695460484258138
43334,0.9695764871580219
43335,0.9696068954667095
43336,0.969637273382285
43337,0.9696676209351263
43338,0.9696979381555809
43339,0.9697282250739662
43340,0.9697584817205689
43341,0.9697887081256458
43342,0.9698189043194232
43343,0.9698490703320974
43344,0.9698792061938345
43345,0.9699093119347701
43346,0.9699393875850103
43347,0.9699694331746305
43348,0.9699994487336763
43349,0.9700294342921634
43350,0.9700593898800772
43351,0.9700893155273735
43352,0.9691197110141028
43353,0.9691505758706603
43354,0.9691814098777861
43355,0.9692122130663141
43356,0.9692429854670475
43357,0.9692737271107585
43358,0.9693044380281891
43359,0.96933511825005
43360,0.9693657678070215
43361,0.9693963867297531
43362,0.9694269750488639
43363,0.969457532794942
43364,0.9694880599985453
43365,0.9695185566902009
43366,0.9695490229004057
43367,0.9695794586596257
43368,0.9696098639982967
43369,0.9696402389468242
43370,0.969670583535583
43371,0.9697008977949177
43372,0.9697311817551427
43373,0.9697614354465419
43374,0.9697916588993689
43375,0.9698218521438473
43376,0.9698520152101703
43377,0.9698821481285009
43378,0.9699122509289722
43379,0.9699423236416869
43380,0.9699723662967177
43381,0.9700023789241072
43382,0.9700323615538683
43383,0.9700623142159833
43384,0.9700922369404051
43385,0.9701221297570564
43386,0.97015199269583
43387,0.9701818257865887
43388,0.9702116290591658
43389,0.9702414025433646
43390,0.9702711462689584
43391,0.9703008602656911
43392,0.9703305445632766
43393,0.9703601991913993
43394,0.9703898241797138
43395,0.9704194195578449
43396,0.9704489853553884
43397,0.9704785216019097
43398,0.9705080283269453
43399,0.9705375055600018
43400,0.9705669533305565
43401,0.9705963716680572
43402,0.9706257606019223
43403,0.9706551201615405
43404,0.9706844503762716
43405,0.9707137512754458
43406,0.9707430228883639
43407,0.9707722652442976
43408,0.9708014783724892
43409,0.9708306623021519
43410,0.9708598170624696
43411,0.9708889426825971
43412,0.97091803919166
43413,0.9709471066187547
43414,0.9709761449929488
43415,0.9710051543432807
43416,0.9710341346987597
43417,0.9710630860883661
43418,0.9710920085410514
43419,0.971120902085738
43420,0.9711497667513195
43421,0.9711786025666604
43422,0.9712074095605968
43423,0.9712361877619355
43424,0.9712649371994548
43425,0.9712936579019041
43426,0.9713223498980041
43427,0.9713510132164469
43428,0.9713796478858957
43429,0.9714082539349853
43430,0.9714368313923216
43431,0.9714653802864822
43432,0.9714939006460159
43433,0.9715223924994432
43434,0.9705513556253808
43435,0.9705807895527917
43436,0.9706101940609848
43437,0.9706395691793647
43438,0.9706689149373063
43439,0.9706982313641556
43440,0.9707275184892289
43441,0.9707567763418133
43442,0.9707860049511668
43443,0.970815204346518
43444,0.9708443745570662
43445,0.9708735156119817
43446,0.9709026275404055
43447,0.9699322101215745
43448,0.9699622628850711
43449,0.9699922856108232
43450,0.9700222783288533
43451,0.9700522410691543
43452,0.9700821738616889
43453,0.9701120767363899
43454,0.9701419497231601
43455,0.9701717928518726
43456,0.9702016061523705
43457,0.9702313896544671
43458,0.9702611433879459
43459,0.9702908673825607
43460,0.9703205616680354
43461,0.9703502262740643
43462,0.9703798612303122
43463,0.9704094665664138
43464,0.9704390423119746
43465,0.9704685884965704
43466,0.9704981051497472
43467,0.9705275923010218
43468,0.9705570499798813
43469,0.9705864782157835
43470,0.9706158770381565
43471,0.9706452464763993
43472,0.9706745865598811
43473,0.9707038973179423
43474,0.9707331787798934
43475,0.9707624309750159
43476,0.9707916539325622
43477,0.970820847681755
43478,0.9708500122517882
43479,0.9708791476718265
43480,0.9709082539710051
43481,0.9709373311784304
43482,0.9709663793231796
43483,0.9709953984343009
43484,0.9710243885408134
43485,0.9710533496717072
43486,0.9710822818559434
43487,0.9711111851224542
43488,0.9711400595001429
43489,0.9711689050178839
43490,0.9701982214546476
43491,0.9702280083397504
43492,0.9702577654528541
43493,0.9702874928237158
43494,0.970317190482063
43495,0.9703468584575932
43496,0.9703764967799744
43497,0.970406105478845
43498,0.9704356845838137
43499,0.9704652341244595
43500,0.9704947541303321
43501,0.9705242446309515
43502,0.9705537056558081
43503,0.9705831372343631
43504,0.9706125393960479
43505,0.9706419121702647
43506,0.9706712555863864
43507,0.9707005696737564
43508,0.9707298544616887
43509,0.9707591099794681
43510,0.9707883362563502
43511,0.9708175333215613
43512,0.9708467012042984
43513,0.9708758399337294
43514,0.970904949538993
43515,0.9709340300491989
43516,0.9709630814934276
43517,0.9709921039007305
43518,0.9710210973001301
43519,0.9710500617206197
43520,0.9710789971911638
43521,0.9711079037406978
43522,0.9711367813981283
43523,0.971165630192333
43524,0.9711944501521608
43525,0.9712232413064315
43526,0.9712520036839363
43527,0.9712807373134376
43528,0.971309442223669
43529,0.9713381184433355
43530,0.9713667660011133
43531,0.9713953849256499
43532,0.9714239752455643
43533,0.9714525369894469
43534,0.9714810701858593
43535,0.9715095748633347
43536,0.9715380510503778
43537,0.9715664987754649
43538,0.9715949180670436
43539,0.9716233089535333
43540,0.9716516714633249
43541,0.9716800056247809
43542,0.9717083114662354
43543,0.9717365890159942
43544,0.9717648383023351
43545,0.9717930593535071
43546,0.9718212521977315
43547,0.971849416863201
43548,0.9718775533780803
43549,0.9719056617705061
43550,0.9719337420685865
43551,0.971961794300402
43552,0.9719898184940048
43553,0.9720178146774191
43554,0.9720457828786411
43555,0.9720737231256389
43556,0.9721016354463529
43557,0.9721295198686953
43558,0.9721573764205507
43559,0.9721852051297755
43560,0.9722130060241985
43561,0.9722407791316205
43562,0.9722685244798148
43563,0.9722962420965267
43564,0.9723239320094736
43565,0.9723515942463458
43566,0.9723792288348052
43567,0.9724068358024865
43568,0.9724344151769968
43569,0.9724619669859154
43570,0.972489491256794
43571,0.972516988017157
43572,0.9725444572945012
43573,0.9725718991162958
43574,0.9725993135099826
43575,0.9726267005029762
43576,0.9726540601226633
43577,0.9726813923964038
43578,0.9727086973515299
43579,0.9727359750153465
43580,0.9727632254151313
43581,0.9727904485781347
43582,0.9728176445315798
43583,0.9728448133026627
43584,0.972871954918552
43585,0.9728990694063896
43586,0.9729261567932898
43587,0.97295321710634
43588,0.9729802503726005
43589,0.9730072566191047
43590,0.9730342358728588
43591,0.9730611881608419
43592,0.9720886132601314
43593,0.9721165106981523
43594,0.9721443802526769
43595,0.9721722219515748
43596,0.9722000358226877
43597,0.9722278218938294
43598,0.9722555801927861
43599,0.9722833107473161
43600,0.9723110135851499
43601,0.9723386887339903
43602,0.9723663362215126
43603,0.9723939560753642
43604,0.9724215483231649
43605,0.972449112992507
43606,0.9724766501109553
43607,0.9725041597060468
43608,0.9725316418052911
43609,0.9725590964361703
43610,0.9725865236261392
43611,0.9726139234026248
43612,0.9726412957930269
43613,0.972668640824718
43614,0.9726959585250432
43615,0.97272324892132
43616,0.972750512040839
43617,0.9727777479108631
43618,0.9728049565586284
43619,0.9728321380113434
43620,0.9728592922961896
43621,0.9728864194403214
43622,0.9729135194708658
43623,0.9729405924149229
43624,0.9729676382995657
43625,0.97299465715184
43626,0.9730216489987646
43627,0.9730486138673315
43628,0.9730755517845057
43629,0.9731024627772248
43630,0.9731293468723999
43631,0.9731562040969153
43632,0.973183034477628
43633,0.9732098380413685
43634,0.9732366148149404
43635,0.9732633648251203
43636,0.9732900880986585
43637,0.973316784662278
43638,0.9733434545426756
43639,0.973370097766521
43640,0.9733967143604575
43641,0.9724238041012266
43642,0.972451366515918
43643,0.972478901381969
43644,0.9725064087269146
43645,0.971534388328387
43646,0.9715628397143656
43647,0.9715912626631769
43648,0.9706201569533686
43649,0.9706495221138349
43650,0.9706788579238161
43651,0.970708164412648
43652,0.9707374416096368
43653,0.97076668954406
43654,0.9707959082451654
43655,0.9708250977421717
43656,0.9708542580642685
43657,0.970883389240616
43658,0.9709124913003455
43659,0.9709415642725591
43660,0.9709706081863296
43661,0.9709996230707011
43662,0.9710286089546883
43663,0.9710575658672773
43664,0.971086493837425
43665,0.9711153928940592
43666,0.9711442630660791
43667,0.9711731043823549
43668,0.9712019168717279
43669,0.9712307005630105
43670,0.9712594554849865
43671,0.9712881816664108
43672,0.9713168791360096
43673,0.9713455479224804
43674,0.9713741880544919
43675,0.9714027995606843
43676,0.9714313824696691
43677,0.9714599368100293
43678,0.9714884626103191
43679,0.9715169598990644
43680,0.9715454287047625
43681,0.9715738690558822
43682,0.9716022809808638
43683,0.9716306645081193
43684,0.9716590196660322
43685,0.9716873464829577
43686,0.9717156449872226
43687,0.9717439152071254
43688,0.9717721571709365
43689,0.9718003709068975
43690,0.9718285564432224
43691,0.9718567138080968
43692,0.9718848430296779
43693,0.9719129441360951
43694,0.9719410171554493
43695,0.9719690621158137
43696,0.9719970790452331
43697,0.9720250679717246
43698,0.9720530289232772
43699,0.9720809619278517
43700,0.9721088670133811
43701,0.9721367442077705
43702,0.9721645935388972
43703,0.9721924150346104
43704,0.9722202087227317
43705,0.9722479746310548
43706,0.9722757127873456
43707,0.9723034232193423
43708,0.9723311059547552
43709,0.9723587610212673
43710,0.9723863884465334
43711,0.972413988258181
43712,0.97244156048381
43713,0.9724691051509926
43714,0.9724966222872735
43715,0.9725241119201697
43716,0.9725515740771711
43717,0.9725790087857397
43718,0.9726064160733101
43719,0.9726337959672898
43720,0.9726611484950587
43721,0.9726884736839692
43722,0.9727157715613465
43723,0.9727430421544886
43724,0.972770285490666
43725,0.9727975015971221
43726,0.972824690501073
43727,0.9728518522297076
43728,0.9728789868101877
43729,0.9719065940197728
43730,0.9719346733860699
43731,0.9719627246870333
43732,0.9719907479507144
43733,0.9720187432051365
43734,0.9720467104782947
43735,0.9720746497981565
43736,0.9721025611926611
43737,0.97213044468972
43738,0.9721583003172165
43739,0.9721861281030064
43740,0.9722139280749175
43741,0.9722417002607496
43742,0.9722694446882751
43743,0.9722971613852384
43744,0.972324850379356
43745,0.9723525116983172
43746,0.9723801453697831
43747,0.9724077514213876
43748,0.9724353298807366
43749,0.9724628807754084
43750,0.9724904041329543
43751,0.9725178999808973
43752,0.9725453683467336
43753,0.9725728092579312
43754,0.9726002227419313
43755,0.9726276088261472
43756,0.9726549675379651
43757,0.9726822989047438
43758,0.9727096029538145
43759,0.9727368797124814
43760,0.9727641292080211
43761,0.9727913514676833
43762,0.97281854651869
43763,0.9728457143882365
43764,0.9728728551034906
43765,0.9728999686915931
43766,0.9729270551796575
43767,0.9729541145947703
43768,0.972981146963991
43769,0.9730081523143518
43770,0.9730351306728582
43771,0.9730620820664885
43772,0.9730890065221941
43773,0.9731159040668995
43774,0.9731427747275023
43775,0.9731696185308731
43776,0.9731964355038558
43777,0.9732232256732672
43778,0.9732499890658977
43779,0.9732767257085104
43780,0.9723039353779672
43781,0.9723316176014775
43782,0.9723592721565985
43783,0.9723868990709846
43784,0.972414498372263
43785,0.9724420700880329
43786,0.9724696142458659
43787,0.9724971308733062
43788,0.9725246199978707
43789,0.9725520816470482
43790,0.9725795158483005
43791,0.9726069226290618
43792,0.9726343020167388
43793,0.9726616540387111
43794,0.9726889787223305
43795,0.9727162760949218
43796,0.9727435461837824
43797,0.9727707890161824
43798,0.9727980046193646
43799,0.9728251930205447
43800,0.972852354246911
43801,0.9728794883256247
43802,0.97290659528382
43803,0.9729336751486037
43804,0.9729607279470559
43805,0.9729877537062293
43806,0.9730147524531496
43807,0.9730417242148156
43808,0.9730686690181991
43809,0.9730955868902449
43810,0.9731224778578709
43811,0.973149341947968
43812,0.9731761791874003
43813,0.9732029896030051
43814,0.9732297732215928
43815,0.973256530069947
43816,0.9732832601748246
43817,0.9733099635629557
43818,0.9733366402610437
43819,0.9733632902957653
43820,0.9733899136937705
43821,0.9734165104816828
43822,0.9734430806860989
43823,0.973469624333589
43824,0.9734961414506969
43825,0.9735226320639395
43826,0.9735490961998077
43827,0.9735755338847654
43828,0.9736019451452503
43829,0.9736283300076739
43830,0.9736546884984209
43831,0.9736810206438498
43832,0.9737073264702927
43833,0.9737336060040555
43834,0.9737598592714177
43835,0.9727865860487577
43836,0.9728137858628019
43837,0.9728409584906251
43838,0.9728681039594002
43839,0.9718957220463973
43840,0.9719238122792345
43841,0.9719518744358769
43842,0.9719799085443868
43843,0.9720079146327981
43844,0.9720358927291172
43845,0.972063842861322
43846,0.9720917650573626
43847,0.9721196593451613
43848,0.9721475257526124
43849,0.9721753643075823
43850,0.9722031750379095
43851,0.9722309579714049
43852,0.9722587131358513
43853,0.9722864405590039
43854,0.9723141402685901
43855,0.9723418122923096
43856,0.9723694566578346
43857,0.9723970733928092
43858,0.9724246625248504
43859,0.9724522240815472
43860,0.9724797580904612
43861,0.9725072645791264
43862,0.9725347435750493
43863,0.972562195105709
43864,0.9725896191985568
43865,0.972617015881017
43866,0.9726443851804862
43867,0.9726717271243338
43868,0.9726990417399017
43869,0.9727263290545045
43870,0.9727535890954295
43871,0.9727808218899369
43872,0.9728080274652593
43873,0.9728352058486024
43874,0.9728623570671445
43875,0.972889481148037
43876,0.9729165781184037
43877,0.9729436480053418
43878,0.9729706908359212
43879,0.9729977066371847
43880,0.973024695436148
43881,0.9730516572598
43882,0.9730785921351026
43883,0.9731055000889905
43884,0.9731323811483719
43885,0.9731592353401276
43886,0.973186062691112
43887,0.9732128632281524
43888,0.9732396369780493
43889,0.9732663839675765
43890,0.9732931042234809
43891,0.9733197977724829
43892,0.973346464641276
43893,0.9733731048565272
43894,0.9733997184448765
43895,0.9734263054329376
43896,0.9734528658472975
43897,0.9734793997145166
43898,0.9735059070611287
43899,0.9735323879136414
43900,0.9735588422985353
43901,0.9735852702422649
43902,0.9736116717712582
43903,0.9736380469119166
43904,0.9736643956906154
43905,0.9736907181337032
43906,0.9737170142675026
43907,0.9737432841183097
43908,0.9737695277123943
43909,0.9737957450760001
43910,0.9738219362353444
43911,0.9738481012166185
43912,0.9738742400459872
43913,0.9739003527495894
43914,0.9739264393535378
43915,0.9739524998839191
43916,0.9739785343667937
43917,0.9740045428281963
43918,0.9740305252941351
43919,0.9740564817905928
43920,0.9740824123435258
43921,0.9741083169788646
43922,0.9741341957225139
43923,0.9741600486003524
43924,0.9741858756382331
43925,0.974211676861983
43926,0.9742374522974032
43927,0.9742632019702694
43928,0.9742889259063311
43929,0.9743146241313123
43930,0.9743402966709112
43931,0.9743659435508003
43932,0.9743915647966266
43933,0.9744171604340113
43934,0.973443230238675
43935,0.9734697737366873
43936,0.9734962907044667
43937,0.9735227811685303
43938,0.9735492451553683
43939,0.9735756826914449
43940,0.9736020938031976
43941,0.9736284785170375
43942,0.9736548368593493
43943,0.9736811688564914
43944,0.9737074745347957
43945,0.9737337539205679
43946,0.9737600070400876
43947,0.9737862339196077
43948,0.9738124345853553
43949,0.9738386090635308
43950,0.9738647573803089
43951,0.9738908795618378
43952,0.9739169756342398
43953,0.9739430456236109
43954,0.9739690895560211
43955,0.9739951074575144
43956,0.9740210993541085
43957,0.9740470652717955
43958,0.9740730052365414
43959,0.9740989192742859
43960,0.9741248074109433
43961,0.9741506696724016
43962,0.9741765060845231
43963,0.9742023166731443
43964,0.9732286012142006
43965,0.9732553592339765
43966,0.973282090509105
43967,0.9733087950663173
43968,0.9733354729323179
43969,0.9723626238839098
43970,0.9723902474482438
43971,0.9724178434028182
43972,0.9724454117752293
43973,0.9724729525930451
43974,0.9725004658838067
43975,0.9725279516750273
43976,0.9725554099941927
43977,0.9725828408687611
43978,0.9726102443261636
43979,0.9726376203938036
43980,0.9716654688491821
43981,0.9716937892201475
43982,0.971722081284895
43983,0.9717503450717168
43984,0.9717785806088765
43985,0.9718067879246097
43986,0.9718349670471239
43987,0.971863118004598
43988,0.9718912408251831
43989,0.9719193355370019
43990,0.9709479019182743
43991,0.9709769394975664
43992,0.9710059480537907
43993,0.9710349276159558
43994,0.9710638782130413
43995,0.9710927998739978
43996,0.971121692627747
43997,0.9711505565031815
43998,0.9711793915291653
43999,0.9712081977345335
44000,0.9712369751480922
44001,0.9712657237986188
44002,0.9712944437148621
44003,0.9713231349255419
44004,0.9713517974593494
44005,0.9713804313449472
44006,0.9714090366109692
44007,0.9714376132860207
44008,0.9714661613986784
44009,0.9714946809774903
44010,0.970523671801101
44011,0.9705531333985012
44012,0.9705825655490274
44013,0.9706119682821118
44014,0.9706413416271572
44015,0.9706706856135369
44016,0.9707000002705948
44017,0.9707292856276457
44018,0.9707585417139749
44019,0.9707877685588385
44020,0.9708169661914634
44021,0.9708461346410472
44022,0.9708752739367583
44023,0.970904384107736
44024,0.9709334651830906
44025,0.9709625171919032
44026,0.9709915401632256
44027,0.971020534126081
44028,0.9710494991094633
44029,0.9710784351423374
44030,0.9711073422536394
44031,0.9711362204722764
44032,0.9711650698271267
44033,0.9711938903470396
44034,0.9712226820608357
44035,0.9712514449973066
44036,0.9712801791852154
44037,0.9713088846532961
44038,0.9713375614302543
44039,0.9713662095447668
44040,0.9713948290254817
44041,0.9714234199010184
44042,0.971451982199968
44043,0.9714805159508926
44044,0.971509021182326
44045,0.9705379976728984
44046,0.9705674449515862
44047,0.9695973625478365
44048,0.9696277499915668
44049,0.9696581070630395
44050,0.9696884337926116
44051,0.9687192299607349
44052,0.9687504950982054
44053,0.9677822287362882
44054,0.9678144304067167
44055,0.9678465998915675
44056,0.9678787372230102
44057,0.9679108424331822
44058,0.9679429155541884
44059,0.9679749566181023
44060,0.9680069656569648
44061,0.9680389427027849
44062,0.9680708877875397
44063,0.9681028009431744
44064,0.9681346822016019
44065,0.9681665315947038
44066,0.9681983491543292
44067,0.9682301349122959
44068,0.9682618889003896
44069,0.9682936111503642
44070,0.968325301693942
44071,0.9683569605628136
44072,0.9683885877886379
44073,0.968420183403042
44074,0.9684517474376217
44075,0.968483279923941
44076,0.9685147808935323
44077,0.9685462503778965
44078,0.9685776884085033
44079,0.9686090950167907
44080,0.9686404702341652
44081,0.9686718140920021
44082,0.9687031266216453
44083,0.9687344078544072
44084,0.9687656578215692
44085,0.9687968765543812
44086,0.968828064084062
44087,0.9688592204417991
44088,0.9688903456587488
44089,0.9689214397660364
44090,0.968952502794756
44091,0.9689835347759707
44092,0.9690145357407123
44093,0.9690455057199819
44094,0.9690764447447495
44095,0.9691073528459542
44096,0.969138230054504
44097,0.969169076401276
44098,0.9691998919171169
44099,0.9682311763829669
44100,0.9682629293301103
44101,0.9682946505401752
44102,0.9683263400448826
44103,0.9683579978759222
44104,0.9683896240649518
44105,0.9684212186435975
44106,0.968452781643454
44107,0.9684843130960843
44108,0.9685158130330197
44109,0.9685472814857603
44110,0.9685787184857745
44111,0.9686101240644993
44112,0.9686414982533403
44113,0.9686728410836718
44114,0.9687041525868365
44115,0.968735432794146
44116,0.9687666817368805
44117,0.9687978994462889
44118,0.968829085953589
44119,0.9678607410400921
44120,0.9678928642374534
44121,0.9669254550777957
44122,0.96695851309371
44123,0.966991538068129
44124,0.9670245300340778
44125,0.9670574890245486
44126,0.9670904150725
44127,0.9671233082108583
44128,0.9671561684725166
44129,0.9671889958903352
44130,0.9672217904971415
44131,0.9672545523257301
44132,0.9672872814088628
44133,0.9673199777792687
44134,0.9673526414696443
44135,0.9673852725126532
44136,0.9674178709409263
44137,0.9674504367870623
44138,0.9674829700836269
44139,0.9675154708631536
44140,0.967547939158143
44141,0.9675803750010633
44142,0.9676127784243506
44143,0.9676451494604081
44144,0.9676774881416071
44145,0.9677097945002862
44146,0.9677420685687517
44147,0.9677743103792776
44148,0.9678065199641059
44149,0.9678386973554461
44150,0.9678708425854757
44151,0.9679029556863398
44152,0.9679350366901516
44153,0.967967085628992
44154,0.9679991025349101
44155,0.9680310874399226
44156,0.9680630403760146
44157,0.9680949613751391
44158,0.9681268504692169
44159,0.9681587076901372
44160,0.9681905330697573
44161,0.9682223266399025
44162,0.9682540884323664
44163,0.9682858184789107
44164,0.9683175168112657
44165,0.9683491834611294
44166,0.9683808184601688
44167,0.9684124218400186
44168,0.9684439936322825
44169,0.9684755338685321
44170,0.9685070425803077
44171,0.968538519799118
44172,0.9685699655564401
44173,0.9686013798837201
44174,0.968632762812372
44175,0.9686641143737789
44176,0.9686954345992923
44177,0.9687267235202326
44178,0.9687579811678886
44179,0.9687892075735178
44180,0.9688204027683469
44181,0.968851566783571
44182,0.968882699650354
44183,0.968913801399829
44184,0.9689448720630975
44185,0.9689759116712304
44186,0.9690069202552671
44187,0.9690378978462164
44188,0.9690688444750558
44189,0.9690997601727319
44190,0.9691306449701604
44191,0.9691614988982262
44192,0.9691923219877833
44193,0.9692231142696546
44194,0.9692538757746324
44195,0.9692846065334784
44196,0.9693153065769232
44197,0.969345975935667
44198,0.9693766146403789
44199,0.9694072227216979
44200,0.969437800210232
44201,0.9694683471365586
44202,0.9694988635312247
44203,0.9695293494247468
44204,0.9695598048476106
44205,0.9695902298302717
44206,0.969620624403155
44207,0.9696509885966551
44208,0.9696813224411363
44209,0.9697116259669322
44210,0.9697418992043465
44211,0.9697721421836525
44212,0.9698023549350931
44213,0.9698325374888812
44214,0.9698626898751992
44215,0.9698928121241995
44216,0.9699229042660045
44217,0.9699529663307062
44218,0.9699829983483667
44219,0.9700130003490179
44220,0.9700429723626621
44221,0.9700729144192711
44222,0.9701028265487871
44223,0.9701327087811221
44224,0.9701625611461585
44225,0.9701923836737486
44226,0.9702221763937149
44227,0.9702519393358501
44228,0.9702816725299171
44229,0.9703113760056493
44230,0.9703410497927502
44231,0.9703706939208934
44232,0.970400308419723
44233,0.9704298933188538
44234,0.9704594486478704
44235,0.9704889744363283
44236,0.9705184707137533
44237,0.9705479375096416
44238,0.9705773748534601
44239,0.9706067827746461
44240,0.9706361613026074
44241,0.9706655104667228
44242,0.9696953300464662
44243,0.9697256195716571
44244,0.9697558788224601
44245,0.9697861078291342
44246,0.9698163066219087
44247,0.9698464752309822
44248,0.9698766136865234
44249,0.9699067220186709
44250,0.9699368002575328
44251,0.9699668484331875
44252,0.9699968665756831
44253,0.9700268547150377
44254,0.9700568128812396
44255,0.9700867411042469
44256,0.9701166394139877
44257,0.9701465078403606
44258,0.9701763464132338
44259,0.970206155162446
44260,0.9702359341178058
44261,0.9702656833090924
44262,0.9702954027660547
44263,0.9703250925184125
44264,0.9703547525958554
44265,0.9703843830280434
44266,0.9704139838446071
44267,0.9704435550751472
44268,0.9704730967492351
44269,0.9705026088964123
44270,0.9695325912963159
44271,0.9695630434789282
44272,0.9695934652245765
44273,0.9696238565636823
44274,0.9696542175266372
44275,0.9696845481438019
44276,0.9697148484455073
44277,0.9697451184620535
44278,0.9697753582237106
44279,0.9698055677607185
44280,0.9698357471032865
44281,0.969865896281594
44282,0.9698960153257903
44283,0.9699261042659943
44284,0.9699561631322952
44285,0.9699861919547517
44286,0.9700161907633926
44287,0.9700461595882168
44288,0.9700760984591931
44289,0.9701060074062603
44290,0.9701358864593275
44291,0.9701657356482737
44292,0.9701955550029481
44293,0.97022534455317
44294,0.9702551043287291
44295,0.9702848343593851
44296,0.970314534674868
44297,0.9703442053048781
44298,0.9703738462790861
44299,0.970403457627133
44300,0.9704330393786301
44301,0.9704625915631593
44302,0.9704921142102726
44303,0.9705216073494927
44304,0.9705510710103128
44305,0.9705805052221965
44306,0.9706099100145781
44307,0.9706392854168624
44308,0.9706686314584247
44309,0.9706979481686112
44310,0.9707272355767386
44311,0.9707564937120942
44312,0.9697862223540611
44313,0.9698164210323679
44314,0.9698465895270881
44315,0.9698767278683904
44316,0.969906836086413
44317,0.9699369142112642
44318,0.969966962273022
44319,0.9699969803017346
44320,0.9700269683274201
44321,0.9700569263800664
44322,0.9700868544896315
44323,0.9701167526860437
44324,0.970146620999201
44325,0.9701764594589719
44326,0.9702062680951948
44327,0.9702360469376784
44328,0.9702657960162014
44329,0.9702955153605131
44330,0.9703252050003326
44331,0.9703548649653497
44332,0.9693849950353494
44333,0.9694155947404615
44334,0.9694461638611607
44335,0.9694767024280161
44336,0.9695072104715663
44337,0.9695376880223193
44338,0.9695681351107528
44339,0.9695985517673138
44340,0.9696289380224189
44341,0.9696592939064544
44342,0.9686901191999012
44343,0.9687214134335845
44344,0.9687526763886734
44345,0.9687839080964308
44346,0.9688151085880885
44347,0.968846277894847
44348,0.9688774160478757
44349,0.9689085230783127
44350,0.9689395990172649
44351,0.9689706438958083
44352,0.9690016577449879
44353,0.9680331403459425
44354,0.9680650912301544
44355,0.9680970101794496
44356,0.968128897225747
44357,0.9681607524009337
44358,0.9681925757368648
44359,0.9682243672653637
44360,0.9682561270182218
44361,0.9682878550271992
44362,0.9683195513240236
44363,0.9683512159403914
44364,0.9683828489079672
44365,0.968414450258384
44366,0.9684460200232432
44367,0.9684775582341145
44368,0.9685090649225362
44369,0.9685405401200149
44370,0.9685719838580259
44371,0.9686033961680128
44372,0.9686347770813881
44373,0.9686661266295327
44374,0.968697444843796
44375,0.9687287317554965
44376,0.9687599873959207
44377,0.9687912117963247
44378,0.9688224049879325
44379,0.9688535670019376
44380,0.9688846978695018
44381,0.9689157976217562
44382,0.9689468662898004
44383,0.9689779039047032
44384,0.969008910497502
44385,0.9690398860992037
44386,0.9690708307407837
44387,0.9691017444531868
44388,0.9691326272673265
44389,0.9691634792140859
44390,0.9691943003243166
44391,0.9692250906288401
44392,0.9692558501584465
44393,0.9692865789438954
44394,0.9693172770159154
44395,0.9693479444052049
44396,0.969378581142431
44397,0.9694091872582307
44398,0.96943976278321
44399,0.9694703077479444
44400,0.969500822182979
44401,0.9695313061188281
44402,0.9695617595859757
44403,0.9695921826148752
44404,0.9696225752359499
44405,0.9696529374795921
44406,0.9686837691262892
44407,0.9687150697068726
44408,0.9687463390025179
44409,0.9687775770444944
44410,0.9688087838640401
44411,0.9688399594923619
44412,0.9688711039606354
44413,0.968902217300005
44414,0.9689332995415842
44415,0.9689643507164553
44416,0.9689953708556692
44417,0.9690263599902462
44418,0.9690573181511755
44419,0.9690882453694152
44420,0.9691191416758925
44421,0.9691500071015038
44422,0.9691808416771145
44423,0.9692116454335592
44424,0.9692424184016416
44425,0.9692731606121348
44426,0.9693038720957808
44427,0.9693345528832913
44428,0.969365203005347
44429,0.969395822492598
44430,0.9694264113756639
44431,0.9694569696851335
44432,0.9694874974515652
44433,0.9695179947054866
44434,0.9695484614773952
44435,0.9695788977977575
44436,0.9696093036970101
44437,0.9696396792055588
44438,0.9696700243537791
44439,0.9697003391720163
44440,0.9697306236905849
44441,0.9697608779397697
44442,0.969791101949825
44443,0.9698212957509745
44444,0.9698514593734123
44445,0.969881592847302
44446,0.969911696202777
44447,0.9699417694699406
44448,0.9699718126788662
44449,0.970001825859597
44450,0.9700318090421461
44451,0.9700617622564969
44452,0.9700916855326023
44453,0.9701215789003858
44454,0.9701514423897407
44455,0.9701812760305306
44456,0.970211079852589
44457,0.9702408538857199
44458,0.9702705981596972
44459,0.9703003127042652
44460,0.9703299975491385
44461,0.9703596527240019
44462,0.9703892782585106
44463,0.9704188741822902
44464,0.9704484405249366
44465,0.9704779773160161
44466,0.9705074845850656
44467,0.9705369623615923
44468,0.9705664106750739
44469,0.9705958295549588
44470,0.970625219030666
44471,0.9706545791315849
44472,0.9706839098870756
44473,0.9707132113264689
44474,0.9707424834790661
44475,0.9707717263741396
44476,0.970800940040932
44477,0.9708301245086571
44478,0.9708592798064996
44479,0.9698889057137394
44480,0.9699190017600026
44481,0.9699490677252599
44482,0.9699791036395775
44483,0.9700091095329912
44484,0.970039085435507
44485,0.9700690313771007
44486,0.9700989473877183
44487,0.9701288334972757
44488,0.9701586897356593
44489,0.9701885161327252
44490,0.9702183127182996
44491,0.9702480795221794
44492,0.9702778165741313
44493,0.9703075239038923
44494,0.9703372015411698
44495,0.9703668495156413
44496,0.970396467856955
44497,0.9704260565947291
44498,0.9704556157585525
44499,0.9704851453779842
44500,0.970514645482554
44501,0.9705441161017618
44502,0.9705735572650784
44503,0.9706029690019449
44504,0.9706323513417731
44505,0.9706617043139452
44506,0.9706910279478143
44507,0.970720322272704
44508,0.9707495873179087
44509,0.9707788231126934
44510,0.9708080296862939
44511,0.9698377068180417
44512,0.9698678540376139
44513,0.9698979711250325
44514,0.9699280581104148
44515,0.9699581150238477
44516,0.9699881418953881
44517,0.9700181387550628
44518,0.9700481056328688
44519,0.970078042558773
44520,0.9701079495627122
44521,0.9701378266745935
44522,0.970167673924294
44523,0.9701974913416611
44524,0.9702272789565121
44525,0.9702570367986345
44526,0.9702867648977863
44527,0.9703164632836956
44528,0.9703461319860607
44529,0.9703757710345504
44530,0.9704053804588038
44531,0.9704349602884301
44532,0.9704645105530094
44533,0.9704940312820919
44534,0.9705235225051982
44535,0.9705529842518197
44536,0.9705824165514181
44537,0.9706118194334257
44538,0.9706411929272454
44539,0.9706705370622506
44540,0.9706998518677856
44541,0.9707291373731651
44542,0.9707583936076747
44543,0.9707876206005706
44544,0.9708168183810797
44545,0.9708459869784
44546,0.9708751264216999
44547,0.970904236740119
44548,0.9709333179627676
44549,0.9709623701187269
44550,0.970991393237049
44551,0.9710203873467571
44552,0.9710493524768453
44553,0.9710782886562788
44554,0.9711071959139936
44555,0.9711360742788971
44556,0.9711649237798677
44557,0.9711937444457549
44558,0.9712225363053794
44559,0.9712512993875329
44560,0.9712800337209786
44561,0.9713087393344508
44562,0.9713374162566553
44563,0.9713660645162688
44564,0.9713946841419397
44565,0.9704237749124126
44566,0.970453336356778
44567,0.9704828682544724
44568,0.9705123706350276
44569,0.9705418435279461
44570,0.9695717867128257
44571,0.9696021997196095
44572,0.9696325823285854
44573,0.9696629345701361
44574,0.9696932564746137
44575,0.9697235480723402
44576,0.9697538093936072
44577,0.9697840404686761
44578,0.9698142413277778
44579,0.9698444120011134
44580,0.9698745525188534
44581,0.9699046629111383
44582,0.9699347432080787
44583,0.9699647934397548
44584,0.9699948136362169
44585,0.970024803827485
44586,0.9700547640435495
44587,0.9700846943143705
44588,0.9701145946698784
44589,0.9701444651399734
44590,0.9701743057545262
44591,0.9702041165433772
44592,0.9702338975363374
44593,0.9702636487631876
44594,0.9702933702536791
44595,0.9703230620375335
44596,0.9703527241444425
44597,0.9703823566040682
44598,0.9704119594460432
44599,0.9704415326999701
44600,0.9704710763954224
44601,0.9705005905619437
44602,0.9705300752290482
44603,0.9705595304262206
44604,0.970588956182916
44605,0.9706183525285602
44606,0.9706477194925497
44607,0.9706770571042513
44608,0.9707063653930027
44609,0.9707356443881121
44610,0.9707648941188586
44611,0.9707941146144919
44612,0.9708233059042326
44613,0.9708524680172719
44614,0.9708816009827719
44615,0.9709107048298655
44616,0.9709397795876568
44617,0.9709688252852203
44618,0.9709978419516019
44619,0.9710268296158182
44620,0.9710557883068569
44621,0.9710847180536767
44622,0.9711136188852072
44623,0.9711424908303494
44624,0.9711713339179753
44625,0.9712001481769278
44626,0.9712289336360214
44627,0.9712576903240413
44628,0.9712864182697444
44629,0.9713151175018586
44630,0.9703442877992081
44631,0.9703739286909631
44632,0.9704035399566393
44633,0.970433121625848
44634,0.9704626737281711
44635,0.9704921962931604
44636,0.9695221891004636
44637,0.9695526516800733
44638,0.9695830838123272
44639,0.9696134855276571
44640,0.969643856856465
44641,0.9696741978291222
44642,0.9697045084759697
44643,0.969734788827318
44644,0.9697650389134477
44645,0.9697952587646086
44646,0.9698254484110208
44647,0.9698556078828738
44648,0.9698857372103272
44649,0.9699158364235103
44650,0.9699459055525222
44651,0.9699759446274323
44652,0.9700059536782795
44653,0.9700359327350728
44654,0.9700658818277914
44655,0.9700958009863844
44656,0.9701256902407708
44657,0.9701555496208399
44658,0.9701853791564513
44659,0.9702151788774344
44660,0.9702449488135888
44661,0.9702746889946847
44662,0.969304899200587
44663,0.969335578961506
44664,0.9693662280579962
44665,0.9693968465207069
44666,0.9694274343802565
44667,0.9694579916672327
44668,0.969488518412193
44669,0.969519014645664
44670,0.9695494803981421
44671,0.969579915700093
44672,0.9696103205819521
44673,0.969640695074124
44674,0.9696710392069834
44675,0.9697013530108745
44676,0.9697316365161109
44677,0.9697618897529764
44678,0.9697921127517241
44679,0.9698223055425769
44680,0.9698524681557277
44681,0.9698826006213391
44682,0.9699127029695437
44683,0.9699427752304437
44684,0.9699728174341115
44685,0.9700028296105891
44686,0.9700328117898889
44687,0.970062764001993
44688,0.9700926862768535
44689,0.9701225786443929
44690,0.9701524411345034
44691,0.9701822737770476
44692,0.9702120766018582
44693,0.9702418496387378
44694,0.9702715929174597
44695,0.970301306467767
44696,0.9703309903193734
44697,0.9703606445019628
44698,0.9703902690451892
44699,0.9704198639786773
44700,0.9704494293320219
44701,0.9704789651347885
44702,0.9705084714165129
44703,0.9705379482067013
44704,0.9705673955348305
44705,0.9705968134303479
44706,0.9706262019226713
44707,0.9706555610411894
44708,0.9706848908152612
44709,0.9707141912742164
44710,0.9707434624473557
44711,0.97077270436395
44712,0.9708019170532415
44713,0.9708311005444427
44714,0.9708602548667371
44715,0.970889380049279
44716,0.9709184761211939
44717,0.9709475431115775
44718,0.9709765810494969
44719,0.9710055899639902
44720,0.9710345698840662
44721,0.9710635208387048
44722,0.971092442856857
44723,0.9711213359674449
44724,0.9711502001993615
44725,0.9711790355814711
44726,0.971207842142609
44727,0.9702371196617069
44728,0.970266867668042
44729,0.9702965859412374
44730,0.9703262745110113
44731,0.9703559334070523
44732,0.9703855626590192
44733,0.9704151622965415
44734,0.9704447323492186
44735,0.9704742728466207
44736,0.9705037838182883
44737,0.9705332652937323
44738,0.9705627173024343
44739,0.9705921398738461
44740,0.9706215330373904
44741,0.9706508968224605
44742,0.9706802312584201
44743,0.9707095363746036
44744,0.9707388122003161
44745,0.9707680587648335
44746,0.9707972760974024
44747,0.9708264642272401
44748,0.9708556231835347
44749,0.9708847529954452
44750,0.9709138536921014
44751,0.9709429253026041
44752,0.9709719678560248
44753,0.9700014811315311
44754,0.970031464658636
44755,0.970061418217198
44756,0.9700913418371708
44757,0.970121235548478
44758,0.9701510993810132
44759,0.9701809333646404
44760,0.9702107375291935
44761,0.9702405119044767
44762,0.9702702565202643
44763,0.9702999714063011
44764,0.9703296565923017
44765,0.9703593121079516
44766,0.9703889379829062
44767,0.9704185342467913
44768,0.9704481009292033
44769,0.9694781378098338
44770,0.9695086444187195
44771,0.969539120536242
44772,0.9695695661928775
44773,0.9695999814190716
44774,0.9696303662452394
44775,0.9696607207017659
44776,0.9696910448190055
44777,0.9697213386272824
44778,0.9697516021568903
44779,0.9697818354380928
44780,0.9698120385011232
44781,0.9698422113761845
44782,0.9698723540934497
44783,0.9699024666830615
44784,0.9699325491751324
44785,0.9699626015997449
44786,0.9699926239869515
44787,0.9700226163667747
44788,0.9700525787692067
44789,0.97008251122421
44790,0.970112413761717
44791,0.9701422864116303
44792,0.9701721292038226
44793,0.9702019421681366
44794,0.9702317253343853
44795,0.9702614787323519
44796,0.9692917021419147
44797,0.9693223950932971
44798,0.9693530573670669
44799,0.9693836889938864
44800,0.9694142900043873
44801,0.9694448604291706
44802,0.9694754002988065
44803,0.9695059096438352
44804,0.9695363884947659
44805,0.9695668368820775
44806,0.9695972548362183
44807,0.9696276423876063
44808,0.9696579995666292
44809,0.9696883264036441
44810,0.9697186229289778
44811,0.9697488891729269
44812,0.9697791251657576
44813,0.9698093309377058
44814,0.9698395065189774
44815,0.9698696519397481
44816,0.9698997672301631
44817,0.9699298524203379
44818,0.9699599075403575
44819,0.9699899326202772
44820,0.970019927690122
44821,0.9700498927798871
44822,0.9700798279195374
44823,0.9701097331390082
44824,0.9701396084682046
44825,0.9701694539370019
44826,0.9701992695752458
44827,0.9702290554127518
44828,0.9702588114793058
44829,0.9702885378046638
44830,0.9703182344185523
44831,0.9703479013506676
44832,0.9693780383808019
44833,0.969408645039092
44834,0.9694392211060194
44835,0.9694697666121603
44836,0.9695002815880602
44837,0.969530766064234
44838,0.9685617198212912
44839,0.9685931423901855
44840,0.9676250333023392
44841,0.9676573920896432
44842,0.9676897185343312
44843,0.9677220126687296
44844,0.9677542745251326
44845,0.9677865041358021
44846,0.9678187015329678
44847,0.9678508667488269
44848,0.9678829998155447
44849,0.9679151007652543
44850,0.9679471696300567
44851,0.9679792064420206
44852,0.968011211233183
44853,0.9680431840355487
44854,0.9680751248810904
44855,0.968107033801749
44856,0.9681389108294334
44857,0.9681707559960206
44858,0.9682025693333559
44859,0.9682343508732526
44860,0.9682661006474922
44861,0.9682978186878245
44862,0.9683295050259676
44863,0.9683611596936078
44864,0.9683927827223998
44865,0.9684243741439666
44866,0.9684559339898997
44867,0.9674879620418838
44868,0.9675204578319468
44869,0.9675529211424596
44870,0.9675853520058855
44871,0.9676177504546551
44872,0.9676501165211673
44873,0.9676824502377878
44874,0.9677147516368504
44875,0.9677470207506567
44876,0.9677792576114755
44877,0.966811962001669
44878,0.9668451334539412
44879,0.9668782717513386
44880,0.9669113769269994
44881,0.9669444490140289
44882,0.9669774880454991
44883,0.9670104940544492
44884,0.967043467073885
44885,0.9670764071367797
44886,0.9671093142760733
44887,0.9671421885246729
44888,0.9671750299154529
44889,0.9672078384812546
44890,0.9672406142548865
44891,0.9672733572691244
44892,0.9673060675567116
44893,0.967338745150358
44894,0.9673713900827414
44895,0.9674040023865068
44896,0.9674365820942664
44897,0.9674691292386
44898,0.9675016438520546
44899,0.967534125967145
44900,0.9675665756163533
44901,0.967598992832129
44902,0.9676313776468896
44903,0.9676637300930196
44904,0.9676960502028717
44905,0.9677283380087659
44906,0.96776059354299
44907,0.9677928168377996
44908,0.967825007925418
44909,0.9678571668380364
44910,0.9678892936078134
44911,0.967921388266876
44912,0.9679534508473189
44913,0.9679854813812047
44914,0.9680174799005637
44915,0.9670499461875197
44916,0.9670828797745387
44917,0.9671157804444291
44918,0.9671486482300918
44919,0.9671814831643946
44920,0.9672142852801723
44921,0.9672470546102271
44922,0.9672797911873283
44923,0.9673124950442126
44924,0.9673451662135837
44925,0.9673778047281129
44926,0.9674104106204385
44927,0.9674429839231667
44928,0.9674755246688708
44929,0.9675080328900912
44930,0.9675405086193365
44931,0.9675729518890823
44932,0.9676053627317719
44933,0.967637741179816
44934,0.9676700872655933
44935,0.9677024010214498
44936,0.9677346824796992
44937,0.9677669316726231
44938,0.9677991486324705
44939,0.9678313333914585
44940,0.967863485981772
44941,0.9678956064355633
44942,0.967927694784953
44943,0.9669602508121544
44944,0.9669932740497235
44945,0.9670262642805583
44946,0.9670592215376491
44947,0.9670921458539533
44948,0.9671250372623952
44949,0.9671578957958661
44950,0.9671907214872245
44951,0.9672235143692962
44952,0.9672562744748742
44953,0.9672890018367184
44954,0.9673216964875563
44955,0.9673543584600824
44956,0.967386987786959
44957,0.9674195845008151
44958,0.9674521486342476
44959,0.9674846802198205
44960,0.9675171792900655
44961,0.9675496458774817
44962,0.9675820800145357
44963,0.9676144817336616
44964,0.9676468510672611
44965,0.9676791880477036
44966,0.967711492707326
44967,0.9677437650784332
44968,0.9677760051932973
44969,0.9678082130841585
44970,0.9678403887832249
44971,0.9678725323226719
44972,0.9679046437346432
44973,0.9679367230512503
44974,0.9679687703045724
44975,0.9680007855266568
44976,0.9680327687495187
44977,0.9680647200051414
44978,0.9680966393254761
44979,0.9681285267424421
44980,0.9681603822879269
44981,0.967192705743911
44982,0.9672254966427177
44983,0.9672582547670129
44984,0.9672909801495546
44985,0.9673236728230683
44986,0.9673563328202467
44987,0.9673889601737496
44988,0.9674215549162046
44989,0.9674541170802065
44990,0.9674866466983172
44991,0.9675191438030665
44992,0.9665521081770764
44993,0.9665855393533112
44994,0.966618937115077
44995,0.9666523014957715
44996,0.9666856325287593
44997,0.9667189302473712
44998,0.966752194684905
44999,0.9667854258746252
45000,0.966818623849763
45001,0.9668517886435164
45002,0.9668849202890502
45003,0.9669180188194959
45004,0.9669510842679522
45005,0.9669841166674844
45006,0.9670171160511251
45007,0.9670500824518735
45008,0.9670830159026962
45009,0.9671159164365266
45010,0.9671487840862653
45011,0.9671816188847797
45012,0.9672144208649048
45013,0.9672471900594427
45014,0.9672799265011625
45015,0.9673126302228005
45016,0.9673453012570605
45017,0.9673779396366137
45018,0.9674105453940983
45019,0.9674431185621202
45020,0.9674756591732525
45021,0.9675081672600359
45022,0.9675406428549783
45023,0.9675730859905556
45024,0.9676054966992107
45025,0.9676378750133544
45026,0.96667072071549
45027,0.966704033338463
45028,0.966737312665461
45029,0.9667705587297635
45030,0.9668037715646163
45031,0.9668369512032323
45032,0.9668700976787913
45033,0.9669032110244397
45034,0.9669362912732908
45035,0.966969338458425
45036,0.9670023526128894
45037,0.9670353337696981
45038,0.9670682819618324
45039,0.9671011972222403
45040,0.9671340795838372
45041,0.9671669290795055
45042,0.9671997457420948
45043,0.9672325296044215
45044,0.9672652806992696
45045,0.9672979990593903
45046,0.9673306847175018
45047,0.9673633377062899
45048,0.9673959580584075
45049,0.9674285458064751
45050,0.9674611009830804
45051,0.9674936236207784
45052,0.967526113752092
45053,0.9675585714095112
45054,0.9675909966254936
45055,0.9676233894324646
45056,0.967655749862817
45057,0.9676880779489111
45058,0.9677203737230751
45059,0.9677526372176047
45060,0.9677848684647635
45061,0.9678170674967828
45062,0.9678492343458615
45063,0.9678813690441664
45064,0.9679134716238325
45065,0.967945542116962
45066,0.9679775805556258
45067,0.968009586971862
45068,0.9680415613976773
45069,0.9680735038650459
45070,0.9681054144059104
45071,0.9681372930521813
45072,0.9681691398357374
45073,0.9682009547884253
45074,0.96823273794206
45075,0.9682644893284248
45076,0.9682962089792709
45077,0.9683278969263182
45078,0.9683595532012543
45079,0.9683911778357358
45080,0.9684227708613873
45081,0.9684543323098017
45082,0.9684858622125405
45083,0.9685173606011337
45084,0.9685488275070796
45085,0.9685802629618452
45086,0.9686116669968658
45087,0.9676435393936705
45088,0.9676758796841316
45089,0.9667086874005892
45090,0.9667419620758511
45091,0.9667752034930666
45092,0.9668084116854773
45093,0.9668415866862914
45094,0.966874728528684
45095,0.9669078372457967
45096,0.9669409128707384
45097,0.9669739554365847
45098,0.9670069649763783
45099,0.9670399415231286
45100,0.967072885109812
45101,0.9671057957693725
45102,0.9661391732848454
45103,0.9661730171896082
45104,0.9662068272673797
45105,0.965241103302095
45106,0.96527584482803
45107,0.9653105516298011
45108,0.9653452237421151
45109,0.9653798611996441
45110,0.9654144640370258
45111,0.9654490322888628
45112,0.9644840657398485
45113,0.964519563925016
45114,0.9645550266297387
45115,0.9645904538894791
45116,0.9636263454897894
45117,0.9636627009665613
45118,0.9636990201060249
45119,0.9637353029444997
45120,0.9637715495182684
45121,0.9638077598635775
45122,0.9638439340166374
45123,0.9638800720136222
45124,0.9639161738906701
45125,0.9639522396838828
45126,0.9639882694293261
45127,0.9640242631630299
45128,0.9640602209209879
45129,0.9640961427391578
45130,0.9641320286534615
45131,0.9641678786997848
45132,0.9642036929139779
45133,0.964239471331855
45134,0.9642752139891945
45135,0.964310920921739
45136,0.9643465921651955
45137,0.9643822277552353
45138,0.964417827727494
45139,0.9644533921175714
45140,0.9644889209610321
45141,0.9645244142934049
45142,0.964559872150183
45143,0.9645952945668245
45144,0.9646306815787516
45145,0.9646660332213516
45146,0.9647013495299759
45147,0.964736630539941
45148,0.9647718762865277
45149,0.964807086804982
45150,0.9648422621305142
45151,0.9648774022982998
45152,0.9649125073434789
45153,0.9649475773011565
45154,0.9649826122064028
45155,0.9650176120942525
45156,0.9650525769997056
45157,0.9650875069577268
45158,0.9651224020032464
45159,0.9651572621711592
45160,0.9651920874963255
45161,0.9652268780135705
45162,0.9652616337576849
45163,0.9652963547634243
45164,0.9653310410655099
45165,0.9653656926986278
45166,0.9654003096974297
45167,0.9654348920965328
45168,0.9654694399305193
45169,0.965503953233937
45170,0.9655384320412994
45171,0.9655728763870852
45172,0.9656072863057388
45173,0.964642161581795
45174,0.9646775017501291
45175,0.964712806595956
45176,0.9647480761545808
45177,0.9647833104612729
45178,0.9648185095512666
45179,0.964853673459761
45180,0.9648888022219202
45181,0.9649238958728727
45182,0.9649589544477124
45183,0.9649939779814978
45184,0.9650289665092524
45185,0.9650639200659648
45186,0.9650988386865885
45187,0.9651337224060422
45188,0.9651685712592096
45189,0.9652033852809395
45190,0.965238164506046
45191,0.9652729089693084
45192,0.965307618705471
45193,0.9653422937492436
45194,0.9653769341353013
45195,0.9654115398982845
45196,0.965446111072799
45197,0.9654806476934159
45198,0.9655151497946719
45199,0.965549617411069
45200,0.965584050577075
45201,0.9656184493271228
45202,0.9656528136956114
45203,0.9656871437169051
45204,0.965721439425334
45205,0.9657557008551937
45206,0.9657899280407457
45207,0.9658241210162172
45208,0.9658582798158012
45209,0.9658924044736564
45210,0.9659264950239076
45211,0.9659605515006453
45212,0.965994573937926
45213,0.9660285623697721
45214,0.9660625168301721
45215,0.9660964373530805
45216,0.9661303239724177
45217,0.9661641767220704
45218,0.9661979956358915
45219,0.9662317807476997
45220,0.9662655320912802
45221,0.9662992497003844
45222,0.9663329336087298
45223,0.9663665838500005
45224,0.9664002004578466
45225,0.9664337834658847
45226,0.9664673329076979
45227,0.9665008488168356
45228,0.9665343312268138
45229,0.9665677801711148
45230,0.9666011956831876
45231,0.9666345777964478
45232,0.9666679265442775
45233,0.9657017417101502
45234,0.9657360228278812
45235,0.9657702696816264
45236,0.9658044823056328
45237,0.9658386607341128
45238,0.9658728050012452
45239,0.965906915141174
45240,0.9659409911880094
45241,0.9659750331758274
45242,0.9660090411386701
45243,0.9660430151105456
45244,0.9660769551254276
45245,0.9661108612172562
45246,0.9661447334199376
45247,0.9661785717673439
45248,0.9662123762933136
45249,0.9662461470316511
45250,0.9662798840161272
45251,0.9663135872804789
45252,0.9653477566085344
45253,0.9653823915344629
45254,0.9654169918427743
45255,0.9654515575680689
45256,0.9654860887449124
45257,0.965520585407836
45258,0.9655550475913365
45259,0.9655894753298758
45260,0.965623868657882
45261,0.9656582276097482
45262,0.9656925522198334
45263,0.9657268425224622
45264,0.965761098551925
45265,0.9657953203424778
45266,0.9658295079283424
45267,0.9658636613437064
45268,0.9658977806227231
45269,0.9659318657995121
45270,0.9659659169081583
45271,0.9659999339827128
45272,0.9660339170571928
45273,0.9660678661655814
45274,0.9661017813418277
45275,0.9661356626198468
45276,0.9661695100335201
45277,0.966203323616695
45278,0.9662371034031851
45279,0.9662708494267701
45280,0.9663045617211962
45281,0.9663382403201755
45282,0.9663718852573867
45283,0.9664054965664748
45284,0.966439074281051
45285,0.9664726184346931
45286,0.9665061290609454
45287,0.9665396061933182
45288,0.9665730498652889
45289,0.9656069598604261
45290,0.9656413357126395
45291,0.964676176956305
45292,0.9647114831262638
45293,0.9647467540076968
45294,0.964781989635875
45295,0.9648171900460341
45296,0.9648523552733743
45297,0.9648874853530611
45298,0.9649225803202245
45299,0.9649576402099594
45300,0.9649926650573258
45301,0.9650276548973485
45302,0.9650626097650173
45303,0.9650975296952872
45304,0.965132414723078
45305,0.9651672648832748
45306,0.9652020802107277
45307,0.9652368607402523
45308,0.9652716065066288
45309,0.9653063175446032
45310,0.9653409938888864
45311,0.9653756355741548
45312,0.9654102426350503
45313,0.9654448151061796
45314,0.9654793530221155
45315,0.9655138564173957
45316,0.9655483253265238
45317,0.9655827597839686
45318,0.9656171598241645
45319,0.9656515254815117
45320,0.9656858567903758
45321,0.965720153785088
45322,0.9657544164999455
45323,0.9657886449692109
45324,0.9658228392271128
45325,0.9658569993078453
45326,0.9658911252455686
45327,0.9659252170744087
45328,0.9659592748284572
45329,0.9659932985417721
45330,0.966027288248377
45331,0.9660612439822617
45332,0.9660951657773819
45333,0.9661290536676593
45334,0.966162907686982
45335,0.9661967278692039
45336,0.9662305142481452
45337,0.9662642668575924
45338,0.9662979857312979
45339,0.9663316709029808
45340,0.9663653224063261
45341,0.9663989402749854
45342,0.9664325245425767
45343,0.966466075242684
45344,0.9664995924088583
45345,0.9665330760746166
45346,0.9665665262734425
45347,0.9665999430387864
45348,0.966633326404065
45349,0.9666666764026616
45350,0.9666999930679263
45351,0.9667332764331757
45352,0.9667665265316933
45353,0.966799743396729
45354,0.9668329270614999
45355,0.9668660775591896
45356,0.9668991949229485
45357,0.9669322791858941
45358,0.9669653303811105
45359,0.9659988482917741
45360,0.9660328324514025
45361,0.9660667826438548
45362,0.9661006989030814
45363,0.9661345812629983
45364,0.9661684297574881
45365,0.9662022444203991
45366,0.9662360252855462
45367,0.9662697723867101
45368,0.9653039855077629
45369,0.9653386641829175
45370,0.9653733081967276
45371,0.9654079175838374
45372,0.965442492378856
45373,0.9654770326163584
45374,0.9655115383308848
45375,0.9655460095569408
45376,0.9655804463289979
45377,0.9656148486814926
45378,0.9656492166488274
45379,0.9656835502653703
45380,0.9657178495654549
45381,0.9657521145833805
45382,0.9657863453534121
45383,0.9658205419097805
45384,0.9658547042866823
45385,0.9658888325182798
45386,0.9659229266387014
45387,0.965956986682041
45388,0.9659910126823588
45389,0.9660250046736807
45390,0.9660589626899988
45391,0.9660928867652712
45392,0.9661267769334219
45393,0.966160633228341
45394,0.9661944556838848
45395,0.966228244333876
45396,0.966261999212103
45397,0.9662957203523208
45398,0.9663294077882505
45399,0.9663630615535795
45400,0.9663966816819618
45401,0.9664302682070173
45402,0.9664638211623326
45403,0.9664973405814608
45404,0.9665308264979211
45405,0.9665642789451996
45406,0.9665976979567487
45407,0.9666310835659873
45408,0.9666644358063011
45409,0.9666977547110425
45410,0.9667310403135302
45411,0.9667642926470499
45412,0.966797511744854
45413,0.9668306976401615
45414,0.9668638503661583
45415,0.9668969699559972
45416,0.9669300564427977
45417,0.9669631098596465
45418,0.9669961302395969
45419,0.9670291176156692
45420,0.9670620720208509
45421,0.9670949934880965
45422,0.9671278820503273
45423,0.9671607377404319
45424,0.967193560591266
45425,0.9672263506356525
45426,0.9672591079063815
45427,0.9672918324362102
45428,0.9673245242578632
45429,0.9673571834040322
45430,0.9673898099073766
45431,0.9674224038005226
45432,0.9674549651160643
45433,0.967487493886563
45434,0.9675199901445474
45435,0.9675524539225139
45436,0.9675848852529262
45437,0.9666177839183405
45438,0.9666511494516555
45439,0.9656849813862366
45440,0.9657192792559155
45441,0.9657535428448651
45442,0.965787772187349
45443,0.9658219673175965
45444,0.9658561282698028
45445,0.9658902550781289
45446,0.9659243477767014
45447,0.9659584063996133
45448,0.965992430980923
45449,0.9660264215546552
45450,0.9660603781548005
45451,0.9660943008153154
45452,0.9661281895701227
45453,0.966162044453111
45454,0.9661958654981354
45455,0.9662296527390168
45456,0.9662634062095425
45457,0.9662971259434661
45458,0.9663308119745071
45459,0.9663644643363517
45460,0.9663980830626522
45461,0.9664316681870273
45462,0.9664652197430622
45463,0.9654992375144335
45464,0.9655337210351587
45465,0.9655681700895963
45466,0.9656025847121954
45467,0.9656369649373706
45468,0.9646718105496271
45469,0.9647071210838104
45470,0.9647423963251059
45471,0.964777636308789
45472,0.9648128410700996
45473,0.9648480106442424
45474,0.9648831450663871
45475,0.9649182443716681
45476,0.9649533085951847
45477,0.9649883377720011
45478,0.9650233319371465
45479,0.9650582911256151
45480,0.9650932153723661
45481,0.9651281047123238
45482,0.9651629591803774
45483,0.9651977788113816
45484,0.9642330633902808
45485,0.9642688124523595
45486,0.9643045257832417
45487,0.9643402034186407
45488,0.9643758453942343
45489,0.9644114517456643
45490,0.9644470225085372
45491,0.9644825577184237
45492,0.964518057410859
45493,0.964553521621343
45494,0.9645889503853396
45495,0.9646243437382779
45496,0.9646597017155509
45497,0.9646950243525169
45498,0.9647303116844983
45499,0.9647655637467827
45500,0.9648007805746219
45501,0.964835962203233
45502,0.9648711086677975
45503,0.9649062200034618
45504,0.9649412962453374
45505,0.9649763374285005
45506,0.9650113435879922
45507,0.9640468145089438
45508,0.964082749726826
45509,0.9641186490274488
45510,0.9641545124467117
45511,0.9641903400204781
45512,0.9642261317845756
45513,0.9642618877747959
45514,0.9642976080268951
45515,0.9643332925765934
45516,0.9643689414595753
45517,0.9644045547114898
45518,0.96444013236795
45519,0.9644756744645337
45520,0.9645111810367831
45521,0.9645466521202046
45522,0.9645820877502694
45523,0.9646174879624131
45524,0.9646528527920358
45525,0.9646881822745026
45526,0.9647234764451428
45527,0.9647587353392506
45528,0.964793958992085
45529,0.9648291474388695
45530,0.9648643007147927
45531,0.9648994188550077
45532,0.9639350016447579
45533,0.9629715483697506
45534,0.9630085583164075
45535,0.9630455312716135
45536,0.9630824672723416
45537,0.9631193663555276
45538,0.9631562285580708
45539,0.9631930539168334
45540,0.9632298424686406
45541,0.9632665942502812
45542,0.9633033092985067
45543,0.9633399876500325
45544,0.9633766293415367
45545,0.9634132344096611
45546,0.9634498028910108
45547,0.9634863348221542
45548,0.9635228302396233
45549,0.9635592891799135
45550,0.9635957116794838
45551,0.9636320977747567
45552,0.9636684475021182
45553,0.9637047608979182
45554,0.96374103799847
45555,0.9637772788400507
45556,0.9628139832090262
45557,0.9628511506421007
45558,0.9628882809263165
45559,0.962925374098804
45560,0.9629624301966563
45561,0.9629994492569295
45562,0.9630364313166427
45563,0.963073376412778
45564,0.9631102845822805
45565,0.9631471558620583
45566,0.9631839902889828
45567,0.9632207878998884
45568,0.9632575487315727
45569,0.9632942728207965
45570,0.9623314599544089
45571,0.962369109669597
45572,0.9624067217538852
45573,0.9624442962448858
45574,0.9624818331801733
45575,0.9625193325972846
45576,0.9625567945337191
45577,0.9625942190269388
45578,0.9626316061143682
45579,0.9626689558333943
45580,0.962706268221367
45581,0.9627435433155985
45582,0.9627807811533641
45583,0.9628179817719015
45584,0.9628551452084113
45585,0.9628922715000571
45586,0.9629293606839651
45587,0.9629664127972245
45588,0.9630034278768874
45589,0.963040405959969
45590,0.9630773470834473
45591,0.9631142512842634
45592,0.9631511185993217
45593,0.9631879490654893
45594,0.9632247427195968
45595,0.9632614995984378
45596,0.9632982197387692
45597,0.9633349031773111
45598,0.963371549950747
45599,0.9634081600957238
45600,0.9634447336488515
45601,0.9634812706467037
45602,0.9635177711258175
45603,0.9635542351226932
45604,0.963590662673795
45605,0.9636270538155504
45606,0.9636634085843504
45607,0.9636997270165499
45608,0.9637360091484675
45609,0.9637722550163851
45610,0.9638084646565486
45611,0.9638446381051677
45612,0.963880775398416
45613,0.9639168765724305
45614,0.9639529416633127
45615,0.9639889707071275
45616,0.964024963739904
45617,0.9640609207976352
45618,0.9640968419162782
45619,0.9641327271317541
45620,0.9641685764799482
45621,0.9642043899967099
45622,0.9642401677178526
45623,0.9642759096791541
45624,0.9633121156664813
45625,0.9633487852160401
45626,0.9633854181143748
45627,0.9634220143981186
45628,0.9634585741038676
45629,0.9634950972681816
45630,0.9635315839275838
45631,0.9635680341185607
45632,0.9636044478775627
45633,0.9636408252410035
45634,0.9636771662452603
45635,0.9637134709266744
45636,0.9637497393215503
45637,0.9637859714661564
45638,0.963822167396725
45639,0.9638583271494519
45640,0.9638944507604968
45641,0.9639305382659836
45642,0.9639665897019997
45643,0.9640026051045963
45644,0.9640385845097892
45645,0.9640745279535575
45646,0.9641104354718448
45647,0.9641463071005586
45648,0.9641821428755706
45649,0.9642179428327164
45650,0.9642537070077962
45651,0.9642894354365741
45652,0.9643251281547784
45653,0.964360785198102
45654,0.9643964066022018
45655,0.9644319924026994
45656,0.9644675426351804
45657,0.9645030573351953
45658,0.9645385365382585
45659,0.9645739802798494
45660,0.9646093885954118
45661,0.9646447615203539
45662,0.9646800990900487
45663,0.9647154013398338
45664,0.9647506683050113
45665,0.9647859000208484
45666,0.9648210965225767
45667,0.9648562578453928
45668,0.9648913840244578
45669,0.9649264750948982
45670,0.9649615310918048
45671,0.9649965520502338
45672,0.9650315380052061
45673,0.9650664889917077
45674,0.9651014050446894
45675,0.9651362861990676
45676,0.9651711324897232
45677,0.9652059439515026
45678,0.9652407206192173
45679,0.9652754625276438
45680,0.9653101697115243
45681,0.9653448422055657
45682,0.9653794800444407
45683,0.9654140832627871
45684,0.9654486518952081
45685,0.9654831859762724
45686,0.965517685540514
45687,0.9655521506224325
45688,0.965586581256493
45689,0.9656209774771262
45690,0.9656553393187283
45691,0.965689666815661
45692,0.9657239600022521
45693,0.9657582189127946
45694,0.9657924435815474
45695,0.9658266340427353
45696,0.9658607903305486
45697,0.9658949124791437
45698,0.9659290005226429
45699,0.965963054495134
45700,0.9659970744306711
45701,0.9660310603632741
45702,0.966065012326929
45703,0.9660989303555877
45704,0.9661328144831683
45705,0.966166664743555
45706,0.9662004811705979
45707,0.9662342637981135
45708,0.9662680126598845
45709,0.9663017277896597
45710,0.9663354092211544
45711,0.9663690569880498
45712,0.9664026711239937
45713,0.9664362516626004
45714,0.9664697986374504
45715,0.9665033120820906
45716,0.9665367920300345
45717,0.9665702385147621
45718,0.9666036515697198
45719,0.9666370312283208
45720,0.9666703775239447
45721,0.9667036904899378
45722,0.966736970159613
45723,0.9667702165662501
45724,0.9668034297430954
45725,0.9668366097233622
45726,0.9668697565402303
45727,0.9669028702268468
45728,0.9669359508163252
45729,0.9669689983417462
45730,0.9670020128361573
45731,0.9670349943325729
45732,0.9660684426140995
45733,0.9661023572141854
45734,0.96613623791662
45735,0.966170084755284
45736,0.9662038977640244
45737,0.9662376769766541
45738,0.9662714224269523
45739,0.9663051341486645
45740,0.9663388121755024
45741,0.9663724565411441
45742,0.966406067279234
45743,0.9664396444233826
45744,0.9664731880071673
45745,0.9665066980641317
45746,0.9665401746277857
45747,0.966573617731606
45748,0.9666070274090357
45749,0.9656409034436094
45750,0.965675245369203
45751,0.9657095529700334
45752,0.9657438262804081
45753,0.9657780653346006
45754,0.9658122701668499
45755,0.9658464408113608
45756,0.965880577302304
45757,0.965914679673816
45758,0.9659487479599991
45759,0.9659827821949216
45760,0.9660167824126179
45761,0.9660507486470881
45762,0.9650851806824233
45763,0.9651200780530556
45764,0.9651549405437572
45765,0.9651897681893906
45766,0.9652245610247835
45767,0.9652593190847287
45768,0.9652940424039844
45769,0.9653287310172738
45770,0.9653633849592855
45771,0.9653980042646736
45772,0.9654325889680573
45773,0.9654671391040213
45774,0.9655016547071157
45775,0.9655361358118562
45776,0.9655705824527239
45777,0.9656049946641654
45778,0.965639372480593
45779,0.9656737159363845
45780,0.9657080250658834
45781,0.9657422999033988
45782,0.9657765404832055
45783,0.9658107468395442
45784,0.9658449190066211
45785,0.9658790570186084
45786,0.9659131609096443
45787,0.9659472307138326
45788,0.9659812664652431
45789,0.9660152681979115
45790,0.9660492359458396
45791,0.9660831697429951
45792,0.966117069623312
45793,0.96615093562069
45794,0.9661847677689951
45795,0.9662185661020596
45796,0.9662523306536818
45797,0.9662860614576261
45798,0.9663197585476234
45799,0.966353421957371
45800,0.966387051720532
45801,0.9664206478707363
45802,0.9664542104415802
45803,0.9654882392167511
45804,0.9655227337302775
45805,0.9655571937665292
45806,0.965591619359966
45807,0.9656260105450135
45808,0.965660367356063
45809,0.9656946898274712
45810,0.9657289779935607
45811,0.9657632318886197
45812,0.9657974515469019
45813,0.9658316370026271
45814,0.9658657882899808
45815,0.9658999054431143
45816,0.9659339884961446
45817,0.965968037483155
45818,0.9660020524381943
45819,0.9660360333952775
45820,0.9660699803883858
45821,0.9661038934514659
45822,0.9661377726184309
45823,0.9661716179231601
45824,0.9662054293994987
45825,0.9662392070812583
45826,0.9662729510022166
45827,0.9663066611961174
45828,0.966340337696671
45829,0.966373980537554
45830,0.966407589752409
45831,0.9664411653748454
45832,0.9664747074384388
45833,0.9665082159767312
45834,0.9665416910232312
45835,0.9665751326114138
45836,0.9666085407747207
45837,0.9666419155465601
45838,0.9666752569603067
45839,0.9667085650493018
45840,0.9667418398468537
45841,0.9667750813862371
45842,0.9668082897006937
45843,0.9668414648234316
45844,0.966874606787626
45845,0.966907715626419
45846,0.9669407913729193
45847,0.9669738340602028
45848,0.967006843721312
45849,0.9670398203892566
45850,0.9670727640970135
45851,0.9671056748775262
45852,0.9671385527637055
45853,0.9671713977884294
45854,0.9672042099845429
45855,0.9672369893848582
45856,0.9672697360221547
45857,0.967302449929179
45858,0.9673351311386451
45859,0.9673677796832342
45860,0.9674003955955948
45861,0.9674329789083428
45862,0.9674655296540616
45863,0.9674980478653019
45864,0.967530533574582
45865,0.9675629868143875
45866,0.9675954076171717
45867,0.9676277960153554
45868,0.966660651791452
45869,0.9666939744783171
45870,0.9667272638591483
45871,0.9667605199672351
45872,0.9667937428358335
45873,0.9668269324981665
45874,0.9668600889874237
45875,0.9668932123367616
45876,0.9669263025793036
45877,0.9669593597481398
45878,0.9669923838763276
45879,0.967025374996891
45880,0.9670583331428212
45881,0.9670912583470762
45882,0.9671241506425814
45883,0.967157010062229
45884,0.9671898366388785
45885,0.9672226304053564
45886,0.9672553913944565
45887,0.9672881196389398
45888,0.9673208151715346
45889,0.9673534780249363
45890,0.9673861082318079
45891,0.9674187058247796
45892,0.967451270836449
45893,0.9674838032993811
45894,0.9675163032461084
45895,0.9675487707091308
45896,0.9675812057209158
45897,0.9676136083138983
45898,0.9676459785204811
45899,0.9676783163730343
45900,0.9677106219038958
45901,0.9677428951453712
45902,0.9677751361297336
45903,0.9678073448892242
45904,0.9678395214560516
45905,0.9678716658623924
45906,0.967903778140391
45907,0.9679358583221597
45908,0.9679679064397787
45909,0.9679999225252962
45910,0.9680319066107282
45911,0.9680638587280589
45912,0.9680957789092403
45913,0.9681276671861926
45914,0.968159523590804
45915,0.9681913481549311
45916,0.9682231409103985
45917,0.9682549018889988
45918,0.968286631122493
45919,0.9683183286426105
45920,0.9683499944810486
45921,0.9683816286694734
45922,0.968413231239519
45923,0.9684448022227878
45924,0.9684763416508511
45925,0.968507849555248
45926,0.9685393259674867
45927,0.9685707709190434
45928,0.9686021844413633
45929,0.9686335665658596
45930,0.9686649173239148
45931,0.9686962367468794
45932,0.9687275248660729
45933,0.9687587817127835
45934,0.968790007318268
45935,0.968821201713752
45936,0.9688523649304299
45937,0.968883496999465
45938,0.9689145979519892
45939,0.9689456678191036
45940,0.9689767066318782
45941,0.9690077144213516
45942,0.9690386912185316
45943,0.9690696370543951
45944,0.969100551959888
45945,0.9691314359659251
45946,0.9691622891033904
45947,0.9691931114031371
45948,0.9692239028959876
45949,0.9692546636127333
45950,0.9692853935841348
45951,0.9693160928409222
45952,0.9693467614137948
45953,0.9693773993334213
45954,0.9694080066304394
45955,0.9694385833354564
45956,0.9694691294790492
45957,0.9694996450917638
45958,0.9695301302041158
45959,0.9695605848465905
45960,0.9695910090496423
45961,0.9696214028436957
45962,0.9696517662591443
45963,0.9696820993263515
45964,0.9697124020756506
45965,0.9697426745373441
45966,0.9697729167417045
45967,0.9698031287189742
45968,0.969833310499365
45969,0.9698634621130588
45970,0.9698935835902072
45971,0.9699236749609316
45972,0.9699537362553234
45973,0.9699837675034441
45974,0.9700137687353246
45975,0.9700437399809665
45976,0.9700736812703409
45977,0.970103592633389
45978,0.9701334741000223
45979,0.9701633257001222
45980,0.9701931474635404
45981,0.9702229394200985
45982,0.9702527015995887
45983,0.970282434031773
45984,0.9703121367463838
45985,0.9703418097731241
45986,0.9703714531416667
45987,0.9704010668816551
45988,0.9704306510227029
45989,0.9704602055943943
45990,0.970489730626284
45991,0.9705192261478969
45992,0.9705486921887285
45993,0.96957862852837
45994,0.9696090346967574
45995,0.9686399102242969
45996,0.9686712546418638
45997,0.9687025677306775
45998,0.9687338495220512
45999,0.9687651000472666
46000,0.9687963193375742
46001,0.9688275074241932
46002,0.9688586643383119
46003,0.9678902898612122
46004,0.9679223835245193
46005,0.9679544451102019
46006,0.9679864746503216
46007,0.968018472176908
46008,0.9680504377219585
46009,0.9680823713174388
46010,0.9681142729952824
46011,0.9681461427873911
46012,0.9681779807256345
46013,0.9682097868418508
46014,0.9682415611678459
46015,0.9682733037353942
46016,0.9683050145762384
46017,0.9683366937220892
46018,0.9683683412046258
46019,0.9683999570554958
46020,0.9684315413063148
46021,0.9684630939886674
46022,0.968494615134106
46023,0.9685261047741518
46024,0.9685575629402946
46025,0.9685889896639924
46026,0.9686203849766721
46027,0.9686517489097289
46028,0.9686830814945268
46029,0.9687143827623983
46030,0.9687456527446447
46031,0.9687768914725362
46032,0.9688080989773112
46033,0.9688392752901775
46034,0.9688704204423113
46035,0.9689015344648577
46036,0.9689326173889308
46037,0.9689636692456135
46038,0.9689946900659577
46039,0.9690256798809843
46040,0.969056638721683
46041,0.9690875666190126
46042,0.9691184636039012
46043,0.9691493297072457
46044,0.9691801649599121
46045,0.9692109693927358
46046,0.9692417430365211
46047,0.9692724859220418
46048,0.9693031980800408
46049,0.9693338795412302
46050,0.9693645303362914
46051,0.9693951504958753
46052,0.9694257400506021
46053,0.9694562990310612
46054,0.9694868274678118
46055,0.9695173253913821
46056,0.9695477928322703
46057,0.9695782298209438
46058,0.9696086363878393
46059,0.9696390125633637
46060,0.969669358377893
46061,0.9696996738617732
46062,0.9697299590453197
46063,0.9697602139588176
46064,0.9697904386325219
46065,0.9698206330966573
46066,0.9698507973814183
46067,0.968881431267094
46068,0.9689125342843183
46069,0.9689436062140692
46070,0.9689746470874184
46071,0.969005656935407
46072,0.9690366357890448
46073,0.9690675836793106
46074,0.9690985006371523
46075,0.969129386693487
46076,0.9691602418792007
46077,0.9691910662251485
46078,0.9692218597621548
46079,0.9692526225210132
46080,0.9692833545324865
46081,0.9693140558273066
46082,0.9693447264361749
46083,0.9693753663897618
46084,0.9694059757187076
46085,0.9694365544536214
46086,0.9694671026250821
46087,0.9694976202636377
46088,0.969528107399806
46089,0.969558564064074
46090,0.9695889902868986
46091,0.9696193860987058
46092,0.9696497515298915
46093,0.9696800866108212
46094,0.9697103913718298
46095,0.9697406658432223
46096,0.969770910055273
46097,0.9698011240382263
46098,0.969831307822296
46099,0.969861461437666
46100,0.96989158491449
46101,0.9699216782828913
46102,0.9699517415729634
46103,0.9699817748147695
46104,0.970011778038343
46105,0.9700417512736871
46106,0.9700716945507748
46107,0.9701016078995497
46108,0.9701314913499249
46109,0.9701613449317841
46110,0.9701911686749807
46111,0.9702209626093385
46112,0.9702507267646515
46113,0.9702804611706839
46114,0.97031016585717
46115,0.9703398408538145
46116,0.9703694861902925
46117,0.9703991018962492
46118,0.9704286880013004
46119,0.9704582445350323
46120,0.9704877715270013
46121,0.9705172690067344
46122,0.9705467370037292
46123,0.9705761755474536
46124,0.9706055846673461
46125,0.970634964392816
46126,0.970664314753243
46127,0.9706936357779774
46128,0.9707229274963403
46129,0.9707521899376232
46130,0.9707814231310888
46131,0.9708106271059703
46132,0.9708398018914716
46133,0.9708689475167674
46134,0.9708980640110035
46135,0.9709271514032964
46136,0.9709562097227334
46137,0.9709852389983729
46138,0.971014239259244
46139,0.9710432105343472
46140,0.9710721528526537
46141,0.9711010662431058
46142,0.9711299507346169
46143,0.9711588063560715
46144,0.9711876331363254
46145,0.9712164311042051
46146,0.9712452002885087
46147,0.9712739407180054
46148,0.9713026524214358
46149,0.9713313354275113
46150,0.971359989764915
46151,0.9713886154623014
46152,0.971417212548296
46153,0.9714457810514961
46154,0.9714743210004702
46155,0.971502832423758
46156,0.9715313153498712
46157,0.9715597698072926
46158,0.9715881958244768
46159,0.9716165934298496
46160,0.9716449626518088
46161,0.9716733035187235
46162,0.9717016160589347
46163,0.9717299003007548
46164,0.9717581562724682
46165,0.9717863840023307
46166,0.9718145835185703
46167,0.9718427548493863
46168,0.9718708980229501
46169,0.9718990130674049
46170,0.9719271000108658
46171,0.9719551588814197
46172,0.9719831897071254
46173,0.9720111925160139
46174,0.9720391673360879
46175,0.9720671141953221
46176,0.9720950331216636
46177,0.9721229241430313
46178,0.9721507872873161
46179,0.9721786225823812
46180,0.972206430056062
46181,0.9722342097361659
46182,0.9722619616504726
46183,0.972289685826734
46184,0.9723173822926743
46185,0.9723450510759899
46186,0.9723726922043497
46187,0.9724003057053948
46188,0.9724278916067387
46189,0.9724554499359673
46190,0.972482980720639
46191,0.9725104839882845
46192,0.9725379597664072
46193,0.9725654080824828
46194,0.9725928289639596
46195,0.9726202224382585
46196,0.972647588532773
46197,0.9726749272748691
46198,0.9727022386918858
46199,0.9727295228111342
46200,0.9727567796598987
46201,0.9727840092654361
46202,0.9728112116549759
46203,0.9728383868557205
46204,0.9728655348948453
46205,0.9728926557994981
46206,0.9729197495967999
46207,0.9729468163138446
46208,0.9729738559776988
46209,0.9730008686154022
46210,0.9730278542539675
46211,0.9730548129203803
46212,0.9730817446415994
46213,0.9731086494445563
46214,0.9731355273561559
46215,0.9731623784032762
46216,0.9731892026127682
46217,0.9732160000114561
46218,0.9732427706261373
46219,0.9732695144835825
46220,0.9732962316105354
46221,0.9723234217838381
46222,0.9723510845306809
46223,0.9723787196286012
46224,0.9724063271052343
46225,0.9724339069881877
46226,0.972461459305041
46227,0.9724889840833468
46228,0.9725164813506298
46229,0.9725439511343873
46230,0.9725713934620891
46231,0.9725988083611775
46232,0.9726261958590674
46233,0.9726535559831463
46234,0.9726808887607743
46235,0.9727081942192842
46236,0.9727354723859816
46237,0.9727627232881445
46238,0.9727899469530239
46239,0.9728171434078434
46240,0.9728443126797996
46241,0.9728714547960617
46242,0.9728985697837719
46243,0.9729256576700449
46244,0.9729527184819688
46245,0.9729797522466046
46246,0.9720072587411107
46247,0.9720352374929937
46248,0.9720631882801072
46249,0.9720911111304019
46250,0.9721190060718008
46251,0.9721468731321988
46252,0.972174712339463
46253,0.9712030234715574
46254,0.9712318060567933
46255,0.971260559873828
46256,0.9712892849514153
46257,0.9713179813182805
46258,0.9713466490031198
46259,0.9713752880346009
46260,0.971403898441363
46261,0.9714324802520163
46262,0.9704615332452677
46263,0.969491556700295
46264,0.9695220498969963
46265,0.9695525126157399
46266,0.9695829448869886
46267,0.9696133467411745
46268,0.9696437182086995
46269,0.9696740593199352
46270,0.9697043701052226
46271,0.9697346505948725
46272,0.9697649008191654
46273,0.9697951208083517
46274,0.9698253105926512
46275,0.9698554702022537
46276,0.9698855996673189
46277,0.9699156990179763
46278,0.9699457682843251
46279,0.9699758074964347
46280,0.9700058166843444
46281,0.9700357958780632
46282,0.9700657451075704
46283,0.9700956644028151
46284,0.9701255537937169
46285,0.970155413310165
46286,0.9701852429820189
46287,0.9702150428391083
46288,0.9702448129112331
46289,0.9702745532281634
46290,0.9703042638196394
46291,0.9703339447153719
46292,0.9703635959450417
46293,0.9703932175383001
46294,0.9704228095247686
46295,0.9704523719340391
46296,0.9704819047956742
46297,0.9705114081392068
46298,0.9705408819941401
46299,0.9705703263899481
46300,0.9705997413560751
46301,0.970629126921936
46302,0.9706584831169166
46303,0.970687809970373
46304,0.970717107511632
46305,0.9707463757699911
46306,0.9707756147747187
46307,0.9708048245550539
46308,0.9708340051402062
46309,0.9708631565593564
46310,0.9708922788416559
46311,0.9709213720162269
46312,0.9709504361121627
46313,0.9709794711585273
46314,0.9710084771843559
46315,0.9710374542186544
46316,0.9710664022903999
46317,0.9710953214285404
46318,0.9711242116619951
46319,0.9711530730196544
46320,0.9711819055303793
46321,0.9712107092230026
46322,0.9712394841263279
46323,0.9712682302691301
46324,0.9712969476801555
46325,0.9713256363881214
46326,0.9713542964217164
46327,0.9713829278096008
46328,0.9714115305804057
46329,0.9714401047627341
46330,0.9714686503851602
46331,0.9714971674762295
46332,0.9715256560644592
46333,0.9715541161783378
46334,0.9715825478463255
46335,0.9716109510968539
46336,0.9716393259583264
46337,0.9716676724591177
46338,0.9716959906275743
46339,0.9717242804920145
46340,0.9717525420807281
46341,0.9717807754219768
46342,0.9718089805439939
46343,0.9718371574749844
46344,0.9718653062431254
46345,0.9718934268765655
46346,0.9709220191535505
46347,0.9709510826026724
46348,0.9709801170028696
46349,0.9710091223831765
46350,0.9710380987725986
46351,0.9710670462001123
46352,0.971095964694665
46353,0.971124854285175
46354,0.9711537150005322
46355,0.971182546869597
46356,0.9712113499212016
46357,0.971240124184149
46358,0.9712688696872133
46359,0.9712975864591401
46360,0.9713262745286462
46361,0.9713549339244196
46362,0.9713835646751199
46363,0.9714121668093776
46364,0.971440740355795
46365,0.9714692853429456
46366,0.9714978017993745
46367,0.971526289753598
46368,0.9705552489842291
46369,0.9705846790202268
46370,0.9706140796408963
46371,0.9706434508756381
46372,0.9706727927538233
46373,0.9707021053047941
46374,0.9707313885578628
46375,0.9707606425423126
46376,0.9707898672873978
46377,0.970819062822343
46378,0.9708482291763436
46379,0.9708773663785661
46380,0.9709064744581478
46381,0.9709355534441967
46382,0.9709646033657917
46383,0.9709936242519829
46384,0.971022616131791
46385,0.971051579034208
46386,0.9710805129881969
46387,0.9711094180226915
46388,0.9711382941665968
46389,0.9711671414487891
46390,0.9711959598981157
46391,0.9712247495433949
46392,0.9712535104134165
46393,0.9712822425369413
46394,0.9713109459427015
46395,0.9713396206594005
46396,0.971368266715713
46397,0.971396884140285
46398,0.971425472961734
46399,0.9714540332086488
46400,0.9714825649095896
46401,0.9715110680930883
46402,0.9715395427876479
46403,0.9715679890217431
46404,0.9715964068238203
46405,0.9716247962222972
46406,0.9716531572455633
46407,0.9716814899219796
46408,0.9717097942798786
46409,0.9717380703475649
46410,0.9717663181533145
46411,0.9717945377253752
46412,0.9718227290919665
46413,0.97185089228128
46414,0.9718790273214786
46415,0.9719071342406975
46416,0.9719352130670437
46417,0.9719632638285959
46418,0.9719912865534048
46419,0.9720192812694933
46420,0.9720472480048562
46421,0.9720751867874601
46422,0.9711035973953687
46423,0.9711324793569925
46424,0.9711613324510885
46425,0.9711901567065097
46426,0.9712189521520803
46427,0.971247718816596
46428,0.9712764567288232
46429,0.9713051659175
46430,0.9713338464113356
46431,0.9713624982390104
46432,0.9713911214291764
46433,0.9714197160104565
46434,0.9714482820114455
46435,0.9714768194607094
46436,0.9715053283867856
46437,0.9715338088181831
46438,0.9715622607833823
46439,0.9715906843108352
46440,0.9716190794289653
46441,0.9716474461661677
46442,0.9716757845508093
46443,0.9717040946112283
46444,0.9717323763757348
46445,0.9717606298726107
46446,0.9717888551301094
46447,0.9718170521764561
46448,0.9718452210398479
46449,0.9718733617484537
46450,0.9719014743304143
46451,0.9719295588138421
46452,0.9719576152268218
46453,0.9719856435974097
46454,0.9720136439536342
46455,0.9720416163234956
46456,0.9720695607349664
46457,0.9720974772159909
46458,0.9721253657944857
46459,0.9721532264983394
46460,0.9721810593554124
46461,0.9722088643935379
46462,0.9722366416405209
46463,0.9722643911241386
46464,0.9722921128721405
46465,0.9723198069122483
46466,0.9723474732721561
46467,0.9723751119795303
46468,0.9724027230620096
46469,0.972430306547205
46470,0.9724578624627
46471,0.9724853908360507
46472,0.9725128916947853
46473,0.9725403650664047
46474,0.9725678109783823
46475,0.972595229458164
46476,0.9726226205331684
46477,0.9726499842307864
46478,0.9726773205783819
46479,0.9727046296032911
46480,0.972731911332823
46481,0.9727591657942595
46482,0.9727863930148549
46483,0.9728135930218366
46484,0.9718412655925294
46485,0.9718694102546058
46486,0.9718975267860854
46487,0.9719256152150848
46488,0.9719536755696924
46489,0.9719817078779686
46490,0.9720097121679456
46491,0.9720376884676278
46492,0.9720656368049915
46493,0.972093557207985
46494,0.9721214497045287
46495,0.9721493143225152
46496,0.972177151089809
46497,0.972204960034247
46498,0.972232741183638
46499,0.9722604945657634
46500,0.9712887199585012
46501,0.9713174168900769
46502,0.9713460851390623
46503,0.9713747247341257
46504,0.9704038354540316
46505,0.9704334168278906
46506,0.9704629686351591
46507,0.9704924909053888
46508,0.970521983668102
46509,0.9705514469527916
46510,0.9705808807889208
46511,0.9706102852059234
46512,0.9706396602332038
46513,0.9706690059001372
46514,0.9706983222360691
46515,0.9707276092703159
46516,0.9707568670321647
46517,0.9707860955508731
46518,0.9708152948556699
46519,0.9708444649757542
46520,0.9708736059402961
46521,0.9709027177784367
46522,0.9709318005192878
46523,0.9699613539420572
46524,0.969991377576298
46525,0.9700213712019089
46526,0.9700513348488835
46527,0.9700812685471855
46528,0.9701111723267485
46529,0.9701410462174763
46530,0.970170890249243
46531,0.9702007044518924
46532,0.9702304888552389
46533,0.9702602434890667
46534,0.9702899683831306
46535,0.9703196635671555
46536,0.9703493290708365
46537,0.9703789649238391
46538,0.9704085711557993
46539,0.9704381477963232
46540,0.9704676948749875
46541,0.9704972124213394
46542,0.9705267004648962
46543,0.9705561590351461
46544,0.9705855881615478
46545,0.9706149878735303
46546,0.9706443582004933
46547,0.9706736991718071
46548,0.9707030108168128
46549,0.9707322931648219
46550,0.9707615462451169
46551,0.9707907700869509
46552,0.9708199647195477
46553,0.9708491301721018
46554,0.970878266473779
46555,0.9709073736537152
46556,0.9709364517410178
46557,0.970965500764765
46558,0.9709945207540056
46559,0.9710235117377597
46560,0.9710524737450184
46561,0.9710814068047434
46562,0.9711103109458681
46563,0.9711391861972964
46564,0.9711680325879039
46565,0.9711968501465367
46566,0.9712256389020124
46567,0.9712543988831198
46568,0.971283130118619
46569,0.9713118326372411
46570,0.9713405064676887
46571,0.9713691516386355
46572,0.9703982679288518
46573,0.9704278548674536
46574,0.9704574122339029
46575,0.970486940057757
46576,0.9705164383685438
46577,0.9705459071957617
46578,0.9705753465688794
46579,0.9706047565173364
46580,0.9706341370705425
46581,0.9706634882578783
46582,0.970692810108695
46583,0.9707221026523145
46584,0.9707513659180294
46585,0.9707805999351028
46586,0.9708098047327689
46587,0.9708389803402324
46588,0.970868126786669
46589,0.970897244101225
46590,0.970926332313018
46591,0.9709553914511359
46592,0.9709844215446379
46593,0.9710134226225543
46594,0.9710423947138861
46595,0.9710713378476054
46596,0.9711002520526553
46597,0.9711291373579499
46598,0.9711579937923748
46599,0.9711868213847862
46600,0.9712156201640118
46601,0.9702448899089753
46602,0.9702746301489463
46603,0.9703043406635401
46604,0.9703340214824671
46605,0.9703636726354081
46606,0.9703932941520144
46607,0.9704228860619074
46608,0.9704524483946791
46609,0.9704819811798918
46610,0.9705114844470784
46611,0.9705409582257419
46612,0.9705704025453564
46613,0.970599817435366
46614,0.9706292029251857
46615,0.969659058794326
46616,0.9696893845726425
46617,0.969719680040336
46618,0.969749945227702
46619,0.9697801801650057
46620,0.9688108846326069
46621,0.9688420581612099
46622,0.9688732005318634
46623,0.9689043117757097
46624,0.9689353919238599
46625,0.9689664410073943
46626,0.9689974590573619
46627,0.9690284461047808
46628,0.969059402180638
46629,0.9690903273158897
46630,0.9691212215414611
46631,0.9691520848882462
46632,0.9691829173871086
46633,0.9692137190688807
46634,0.9692444899643641
46635,0.9692752301043297
46636,0.9693059395195178
46637,0.9693366182406378
46638,0.9693672662983682
46639,0.9693978837233573
46640,0.9694284705462225
46641,0.9694590267975506
46642,0.9694895525078978
46643,0.96952004770779
46644,0.9695505124277223
46645,0.9695809466981593
46646,0.9696113505495355
46647,0.9696417240122546
46648,0.9696720671166901
46649,0.96870287964331
46650,0.9687341611229269
46651,0.968765411336697
46652,0.9687966303158707
46653,0.968827818091667
46654,0.9688589746952735
46655,0.9688901001578469
46656,0.9689211945105127
46657,0.9689522577843653
46658,0.9689832900104679
46659,0.9690142912198527
46660,0.969045261443521
46661,0.969076200712443
46662,0.969107109057558
46663,0.9691379865097743
46664,0.9691688330999695
46665,0.96919964885899
46666,0.9692304338176517
46667,0.9692611880067395
46668,0.9692919114570077
46669,0.9693226041991796
46670,0.969353266263948
46671,0.9693838976819751
46672,0.9694144984838922
46673,0.9694450687003001
46674,0.969475608361769
46675,0.9695061174988387
46676,0.9695365961420184
46677,0.9695670443217864
46678,0.9695974620685912
46679,0.9696278494128505
46680,0.9696582063849516
46681,0.9696885330152515
46682,0.9697188293340768
46683,0.9697490953717239
46684,0.9697793311584588
46685,0.9698095367245173
46686,0.969839712100105
46687,0.9698698573153972
46688,0.9698999724005393
46689,0.9699300573856462
46690,0.9699601123008029
46691,0.9699901371760645
46692,0.9700201320414558
46693,0.9700500969269715
46694,0.9700800318625767
46695,0.9701099368782063
46696,0.9701398120037653
46697,0.9701696572691288
46698,0.9701994727041422
46699,0.9702292583386208
46700,0.9702590142023504
46701,0.9702887403250867
46702,0.9703184367365559
46703,0.9703481034664544
46704,0.9703777405444489
46705,0.9704073480001766
46706,0.9704369258632449
46707,0.9704664741632317
46708,0.9704959929296852
46709,0.9705254821921243
46710,0.9705549419800382
46711,0.9695848720730117
46712,0.9696152720009747
46713,0.9696456415442022
46714,0.9696759807330636
46715,0.9697062895978982
46716,0.9697365681690148
46717,0.9697668164766919
46718,0.969797034551178
46719,0.9698272224226911
46720,0.9698573801214191
46721,0.9698875076775196
46722,0.9699176051211204
46723,0.9699476724823186
46724,0.9699777097911818
46725,0.9700077170777474
46726,0.9700376943720225
46727,0.9700676417039845
46728,0.9700975591035808
46729,0.9701274466007286
46730,0.9701573042253155
46731,0.9701871320071993
46732,0.9702169299762076
46733,0.9702466981621384
46734,0.9702764365947599
46735,0.9693066450539356
46736,0.9693373230698737
46737,0.9693679704231273
46738,0.9693985871443436
46739,0.9694291732641394
46740,0.9694597288131007
46741,0.9694902538217832
46742,0.969520748320712
46743,0.9695512123403814
46744,0.9695816459112556
46745,0.9696120490637681
46746,0.969642421828322
46747,0.9696727642352903
46748,0.9697030763150151
46749,0.9697333580978087
46750,0.9697636096139528
46751,0.969793830893699
46752,0.9698240219672685
46753,0.9698541828648524
46754,0.9698843136166116
46755,0.969914414252677
46756,0.9699444848031491
46757,0.9699745252980985
46758,0.9700045357675656
46759,0.970034516241561
46760,0.9700644667500652
46761,0.9700943873230287
46762,0.9701242779903719
46763,0.9701541387819858
46764,0.9701839697277309
46765,0.9702137708574383
46766,0.9702435422009091
46767,0.9702732837879148
46768,0.9703029956481967
46769,0.9703326778114668
46770,0.9703623303074074
46771,0.9703919531656708
46772,0.9704215464158801
46773,0.9704511100876283
46774,0.9704806442104792
46775,0.970510148813967
46776,0.9705396239275962
46777,0.9695695693309669
46778,0.9695999845540244
46779,0.9696303693770588
46780,0.9696607238304551
46781,0.9696910479445676
46782,0.9697213417497205
46783,0.9697516052762075
46784,0.9697818385542922
46785,0.969812041614208
46786,0.9698422144861578
46787,0.9698723572003146
46788,0.969902469786821
46789,0.9699325522757898
46790,0.9699626046973032
46791,0.9699926270814139
46792,0.970022619458144
46793,0.9700525818574862
46794,0.9700825143094027
46795,0.9701124168438261
46796,0.9701422894906588
46797,0.9701721322797736
46798,0.9702019452410132
46799,0.9702317284041906
46800,0.970261481799089
46801,0.9702912054554618
46802,0.9703208994030326
46803,0.9703505636714953
46804,0.9703801982905143
46805,0.9704098032897241
46806,0.9704393786987299
46807,0.970468924547107
46808,0.9704984408644012
46809,0.970527927680129
46810,0.970557385023777
46811,0.9705868129248026
46812,0.9706162114126339
46813,0.9706455805166693
46814,0.9706749202662778
46815,0.9707042306907993
46816,0.970733511819544
46817,0.9707627636817934
46818,0.9707919863067991
46819,0.9708211797237838
46820,0.9708503439619409
46821,0.9708794790504347
46822,0.9709085850184003
46823,0.9709376618949436
46824,0.9699672094592665
46825,0.9699972272409164
46826,0.9700272150197861
46827,0.9700571728258632
46828,0.9700871006891058
46829,0.9701169986394415
46830,0.9701468667067683
46831,0.9691772046710794
46832,0.9692080120627125
46833,0.9692387886623499
46834,0.9692695345007684
46835,0.9693002496087136
46836,0.9693309340169008
46837,0.9693615877560144
46838,0.9693922108567081
46839,0.969422803349605
46840,0.9694533652652975
46841,0.9694838966343476
46842,0.9695143974872868
46843,0.9695448678546159
46844,0.9695753077668052
46845,0.9696057172542947
46846,0.9696360963474938
46847,0.9696664450767817
46848,0.969696763472507
46849,0.9697270515649883
46850,0.9697573093845135
46851,0.9697875369613406
46852,0.9698177343256971
46853,0.9698479015077803
46854,0.9698780385377576
46855,0.9699081454457658
46856,0.969938222261912
46857,0.9699682690162729
46858,0.9699982857388952
46859,0.9700282724597958
46860,0.9700582292089615
46861,0.9700881560163488
46862,0.9701180529118847
46863,0.970147919925466
46864,0.9701777570869597
46865,0.9702075644262032
46866,0.9702373419730036
46867,0.9702670897571385
46868,0.9692973075584806
46869,0.9693279949072477
46870,0.9693586515840021
46871,0.9693892776194004
46872,0.9684203727941936
46873,0.9684519366394767
46874,0.9684834689366886
46875,0.9685149697173615
46876,0.9685464390129963
46877,0.9685778768550622
46878,0.9686092832749972
46879,0.9686406583042075
46880,0.9686720019740684
46881,0.9687033143159235
46882,0.968734595361085
46883,0.968765845140834
46884,0.9687970636864204
46885,0.9688282510290627
46886,0.9688594071999481
46887,0.967891031980358
46888,0.9679231249019168
46889,0.9679551857465926
46890,0.9679872145464461
46891,0.9680192113335061
46892,0.9680511761397694
46893,0.968083108997201
46894,0.9681150099377335
46895,0.968146878993268
46896,0.9681787161956735
46897,0.9682105215767873
46898,0.9682422951684148
46899,0.9682740370023294
46900,0.9683057471102731
46901,0.968337425523956
46902,0.9683690722750564
46903,0.9684006873952212
46904,0.9684322709160655
46905,0.9684638228691729
46906,0.9684953432860952
46907,0.968526832198353
46908,0.9685582896374351
46909,0.9685897156347989
46910,0.9686211102218706
46911,0.9686524734300447
46912,0.9686838052906843
46913,0.9687151058351214
46914,0.9687463750946566
46915,0.968777613100559
46916,0.9688088198840666
46917,0.9688399954763864
46918,0.9688711399086939
46919,0.9689022532121335
46920,0.9679338351679435
46921,0.9679658853077057
46922,0.9679979034133451
46923,0.9680298895168801
46924,0.9680618436502965
46925,0.9680937658455485
46926,0.9681256561345585
46927,0.9681575145492166
46928,0.9681893411213813
46929,0.9682211358828792
46930,0.968252898865505
46931,0.9682846301010217
46932,0.9683163296211607
46933,0.9683479974576212
46934,0.9683796336420714
46935,0.9684112382061473
46936,0.9684428111814535
46937,0.9684743525995629
46938,0.9685058624920172
46939,0.9685373408903261
46940,0.9685687878259679
46941,0.9686002033303898
46942,0.9686315874350071
46943,0.968662940171204
46944,0.9686942615703332
46945,0.9687255516637162
46946,0.9687568104826431
46947,0.9687880380583725
46948,0.9688192344221322
46949,0.9688503996051187
46950,0.9688815336384968
46951,0.9689126365534009
46952,0.9689437083809337
46953,0.9689747491521672
46954,0.969005758898142
46955,0.969036737649868
46956,0.9690676854383239
46957,0.9690986022944575
46958,0.9691294882491858
46959,0.9691603433333945
46960,0.9691911675779389
46961,0.9692219610136431
46962,0.9692527236713007
46963,0.9692834555816742
46964,0.9693141567754956
46965,0.9693448272834662
46966,0.9693754671362563
46967,0.9694060763645059
46968,0.9694366549988243
46969,0.96946720306979
46970,0.969497720607951
46971,0.9695282076438252
46972,0.9695586642078994
46973,0.9695890903306301
46974,0.9686199857925686
46975,0.96865135012461
46976,0.9686826831079937
46977,0.9687139847740527
46978,0.9687452551540886
46979,0.9687764942793718
46980,0.9688077021811415
46981,0.9688388788906057
46982,0.9678705241890659
46983,0.9679026376081673
46984,0.9679347189298982
46985,0.9679667681863401
46986,0.9679987854095421
46987,0.9680307706315215
46988,0.9680627238842636
46989,0.9680946451997217
46990,0.9681265346098169
46991,0.9681583921464387
46992,0.9681902178414448
46993,0.9682220117266607
46994,0.9682537738338804
46995,0.968285504194866
46996,0.9683172028413479
46997,0.9683488698050248
46998,0.9683805051175635
46999,0.9684121088105994
47000,0.9684436809157362
47001,0.968475221464546
47002,0.9685067304885695
47003,0.9685382080193156
47004,0.9685696540882618
47005,0.9686010687268543
47006,0.9686324519665076
47007,0.9686638038386051
47008,0.9686951243744986
47009,0.9687264136055086
47010,0.9687576715629244
47011,0.9687888982780039
47012,0.9688200937819739
47013,0.9688512581060299
47014,0.9678828910314612
47015,0.9679149920899005
47016,0.9679470610633238
47017,0.9679790979838003
47018,0.9680111028833668
47019,0.968043075794028
47020,0.9680750167477572
47021,0.968106925776495
47022,0.9681388029121507
47023,0.9681706481866014
47024,0.9682024616316922
47025,0.9682342432792368
47026,0.9682659931610167
47027,0.9682977113087818
47028,0.9683293977542503
47029,0.9683610525291086
47030,0.9683926756650116
47031,0.9684242671935823
47032,0.9684558271464123
47033,0.9684873555550616
47034,0.9685188524510585
47035,0.9685503178659001
47036,0.9685817518310516
47037,0.968613154377947
47038,0.9686445255379891
47039,0.9686758653425488
47040,0.968707173822966
47041,0.9687384510105492
47042,0.9687696969365757
47043,0.9688009116322912
47044,0.9688320951289106
47045,0.9688632474576173
47046,0.9688943686495637
47047,0.968925458735871
47048,0.9689565177476293
47049,0.9689875457158975
47050,0.9690185426717037
47051,0.9680500083961698
47052,0.9680819424207614
47053,0.9681138445272873
47054,0.9681457147476499
47055,0.9681775531137192
47056,0.9682093596573337
47057,0.9682411344102999
47058,0.9682728774043926
47059,0.9683045886713547
47060,0.9683362682428975
47061,0.9683679161507007
47062,0.9683995324264122
47063,0.9684311171016482
47064,0.9684626702079934
47065,0.9684941917770009
47066,0.9685256818401923
47067,0.9685571404290576
47068,0.9675890673251805
47069,0.9676214620604876
47070,0.9676538244172488
47071,0.9676861544278262
47072,0.9677184521245501
47073,0.967750717539718
47074,0.9677829507055953
47075,0.9678151516544152
47076,0.9678473204183788
47077,0.9678794570296548
47078,0.9679115615203798
47079,0.9679436339226583
47080,0.9679756742685627
47081,0.9680076825901334
47082,0.9680396589193786
47083,0.9680716032882748
47084,0.9681035157287663
47085,0.9681353962727656
47086,0.9681672449521531
47087,0.9681990617987777
47088,0.968230846844456
47089,0.9682626001209733
47090,0.9682943216600828
47091,0.968326011493506
47092,0.9683576696529327
47093,0.9683892961700212
47094,0.9684208910763981
47095,0.968452454403658
47096,0.9684839861833645
47097,0.9685154864470493
47098,0.9685469552262127
47099,0.9685783925523235
47100,0.9686097984568189
47101,0.968641172971105
47102,0.9686725161265561
47103,0.9687038279545156
47104,0.9687351084862952
47105,0.9687663577531754
47106,0.9687975757864057
47107,0.9688287626172039
47108,0.9688599182767569
47109,0.9688910427962204
47110,0.968922136206719
47111,0.9689531985393459
47112,0.9689842298251636
47113,0.9690152300952034
47114,0.9690461993804655
47115,0.9690771377119194
47116,0.9691080451205032
47117,0.9691389216371243
47118,0.9691697672926595
47119,0.9682010818680791
47120,0.9682328648946977
47121,0.9682646161541733
47122,0.968296335678257
47123,0.9683280234986685
47124,0.9673601793972206
47125,0.967392802906069
47126,0.9674253938077121
47127,0.9674579521347408
47128,0.9674904779197137
47129,0.9675229711951562
47130,0.9675554319935619
47131,0.9675878603473914
47132,0.9676202562890732
47133,0.9676526198510031
47134,0.9676849510655449
47135,0.9677172499650296
47136,0.9677495165817562
47137,0.9677817509479913
47138,0.9678139530959694
47139,0.9678461230578925
47140,0.9678782608659307
47141,0.9679103665522216
47142,0.9679424401488711
47143,0.9679744816879526
47144,0.9670069909516329
47145,0.9670399674724208
47146,0.9670729110331681
47147,0.967105821666818
47148,0.9671386994062815
47149,0.9671715442844362
47150,0.9672043563341269
47151,0.9672371355881658
47152,0.9672698820793321
47153,0.9673025958403723
47154,0.9673352769040001
47155,0.9673679253028967
47156,0.9674005410697104
47157,0.9674331242370571
47158,0.9674656748375198
47159,0.9674981929036491
47160,0.9675306784679634
47161,0.9675631315629479
47162,0.967595552221056
47163,0.9676279404747081
47164,0.9676602963562926
47165,0.9676926198981654
47166,0.9677249111326499
47167,0.9677571700920375
47168,0.9677893968085872
47169,0.9678215913145257
47170,0.9678537536420474
47171,0.9678858838233148
47172,0.9679179818904579
47173,0.9679500478755748
47174,0.9679820818107316
47175,0.9680140837279623
47176,0.9680460536592687
47177,0.9680779916366207
47178,0.9681098976919564
47179,0.9681417718571819
47180,0.9681736141641711
47181,0.9682054246447667
47182,0.9682372033307789
47183,0.9682689502539865
47184,0.9683006654461365
47185,0.9683323489389439
47186,0.9683640007640925
47187,0.9683956209532338
47188,0.9684272095379882
47189,0.9684587665499442
47190,0.968490292020659
47191,0.9685217859816578
47192,0.9685532484644348
47193,0.9685846795004524
47194,0.9686160791211416
47195,0.9686474473579021
47196,0.9686787842421021
47197,0.9687100898050784
47198,0.9687413640781368
47199,0.9687726070925515
47200,0.9688038188795655
47201,0.9688349994703905
47202,0.9688661488962073
47203,0.968897267188165
47204,0.9689283543773822
47205,0.968959410494946
47206,0.9689904355719127
47207,0.969021429639307
47208,0.9690523927281234
47209,0.9690833248693247
47210,0.9691142260938431
47211,0.96914509643258
47212,0.9691759359164055
47213,0.9692067445761592
47214,0.9692375224426498
47215,0.9692682695466551
47216,0.9692989859189224
47217,0.9693296715901678
47218,0.9693603265910772
47219,0.9693909509523055
47220,0.9694215447044772
47221,0.9694521078781858
47222,0.9694826405039947
47223,0.9695131426124365
47224,0.9695436142340133
47225,0.9695740553991966
47226,0.9696044661384278
47227,0.9696348464821175
47228,0.9696651964606461
47229,0.9696955161043636
47230,0.9697258054435896
47231,0.9697560645086134
47232,0.9697862933296942
47233,0.9698164919370609
47234,0.9698466603609119
47235,0.9698767986314157
47236,0.9699069067787107
47237,0.9699369848329049
47238,0.9699670328240764
47239,0.9699970507822732
47240,0.9700270387375133
47241,0.9700569967197846
47242,0.9700869247590452
47243,0.970116822885223
47244,0.9701466911282163
47245,0.9701765295178932
47246,0.9702063380840923
47247,0.9702361168566219
47248,0.970265865865261
47249,0.9702955851397584
47250,0.9703252747098337
47251,0.9703549346051762
47252,0.9703845648554459
47253,0.970414165490273
47254,0.9704437365392583
47255,0.9704732780319727
47256,0.9705027899979577
47257,0.9705322724667254
47258,0.9705617254677581
47259,0.9705911490305089
47260,0.9706205431844015
47261,0.9706499079588299
47262,0.9706792433831589
47263,0.970708549486724
47264,0.9707378262988312
47265,0.9707670738487574
47266,0.9707962921657501
47267,0.9708254812790278
47268,0.9708546412177794
47269,0.9708837720111649
47270,0.9709128736883152
47271,0.970941946278332
47272,0.9709709898102876
47273,0.9710000043132259
47274,0.9710289898161611
47275,0.9710579463480791
47276,0.971086873937936
47277,0.9711157726146598
47278,0.9711446424071488
47279,0.9711734833442731
47280,0.9712022954548736
47281,0.9712310787677623
47282,0.9712598333117225
47283,0.9712885591155089
47284,0.9713172562078473
47285,0.9713459246174346
47286,0.9713745643729395
47287,0.9714031755030015
47288,0.9714317580362318
47289,0.9714603120012131
47290,0.9714888374264993
47291,0.9715173343406157
47292,0.9715458027720594
47293,0.9715742427492987
47294,0.9716026543007736
47295,0.9716310374548958
47296,0.9716593922400483
47297,0.9716877186845859
47298,0.9717160168168352
47299,0.9717442866650942
47300,0.9717725282576328
47301,0.9718007416226927
47302,0.9718289267884871
47303,0.9718570837832012
47304,0.9718852126349922
47305,0.9719133133719887
47306,0.9719413860222916
47307,0.9719694306139735
47308,0.971997447175079
47309,0.9720254357336247
47310,0.972053396317599
47311,0.9720813289549627
47312,0.9721092336736484
47313,0.9721371105015608
47314,0.9721649594665768
47315,0.9721927805965452
47316,0.9722205739192873
47317,0.9722483394625964
47318,0.9722760772542379
47319,0.9723037873219499
47320,0.9723314696934422
47321,0.9723591243963973
47322,0.9723867514584699
47323,0.972414350907287
47324,0.9724419227704482
47325,0.9724694670755252
47326,0.9724969838500623
47327,0.9725244731215765
47328,0.972551934917557
47329,0.9725793692654655
47330,0.9726067761927364
47331,0.9726341557267766
47332,0.9726615078949657
47333,0.9716893324747808
47334,0.9717176289940465
47335,0.971745897230934
47336,0.9717741372137116
47337,0.9718023489706195
47338,0.9718305325298692
47339,0.9718586879196445
47340,0.9718868151681006
47341,0.9719149143033649
47342,0.9719429853535364
47343,0.9719710283466862
47344,0.9719990433108575
47345,0.972027030274065
47346,0.9720549892642958
47347,0.9720829203095089
47348,0.9721108234376353
47349,0.9721386986765782
47350,0.9721665460542128
47351,0.9721943655983866
47352,0.972222157336919
47353,0.9722499212976017
47354,0.9722776575081988
47355,0.9723053659964465
47356,0.9723330467900532
47357,0.9723606999166998
47358,0.9723883254040394
47359,0.9724159232796975
47360,0.972443493571272
47361,0.9724710363063332
47362,0.9724985515124238
47363,0.972526039217059
47364,0.9725534994477266
47365,0.9725809322318868
47366,0.9726083375969724
47367,0.9726357155703887
47368,0.9726630661795138
47369,0.9726903894516982
47370,0.9727176854142652
47371,0.9727449540945108
47372,0.9727721955197037
47373,0.9727994097170853
47374,0.9728265967138698
47375,0.9728537565372443
47376,0.9728808892143684
47377,0.9729079947723751
47378,0.9729350732383697
47379,0.9729621246394308
47380,0.9729891490026098
47381,0.973016146354931
47382,0.9730431167233919
47383,0.9730700601349628
47384,0.973096976616587
47385,0.9731238661951811
47386,0.9731507288976347
47387,0.9721780645009354
47388,0.9722058725324186
47389,0.9722336527697676
47390,0.9722614052407623
47391,0.9722891299731553
47392,0.9723168269946714
47393,0.9723444963330076
47394,0.9723721380158331
47395,0.9723997520707898
47396,0.9724273385254917
47397,0.9724548974075252
47398,0.9724824287444492
47399,0.9725099325637951
47400,0.9725374088930667
47401,0.9725648577597403
47402,0.9725922791912648
47403,0.9726196732150616
47404,0.9726470398585249
47405,0.9726743791490211
47406,0.9727016911138896
47407,0.9727289757804425
47408,0.9727562331759643
47409,0.9727834633277125
47410,0.9728106662629171
47411,0.9718383417589063
47412,0.9718664893433552
47413,0.9718946087942864
47414,0.9719227001398193
47415,0.9719507634080453
47416,0.9719787986270277
47417,0.9720068058248018
47418,0.9720347850293747
47419,0.9720627362687256
47420,0.9720906595708059
47421,0.9721185549635387
47422,0.9721464224748195
47423,0.9721742621325159
47424,0.9722020739644675
47425,0.9722298579984859
47426,0.9722576142623555
47427,0.9722853427838324
47428,0.9723130435906452
47429,0.9713412164606195
47430,0.9713698609219282
47431,0.9713984767530908
47432,0.9714270639827228
47433,0.9714556226394118
47434,0.9714841527517162
47435,0.9715126543481662
47436,0.9715411274572635
47437,0.9715695721074812
47438,0.9715979883272639
47439,0.9716263761450277
47440,0.9716547355891606
47441,0.971683066688022
47442,0.971711369469943
47443,0.9717396439632264
47444,0.9717678901961467
47445,0.9717961081969502
47446,0.9718242979938547
47447,0.9718524596150503
47448,0.9718805930886985
47449,0.9719086984429326
47450,0.9719367757058582
47451,0.9719648249055526
47452,0.9719928460700648
47453,0.972020839227416
47454,0.9720488044055995
47455,0.9720767416325804
47456,0.9721046509362959
47457,0.9721325323446555
47458,0.9721603858855403
47459,0.9721882115868041
47460,0.9722160094762726
47461,0.9722437795817436
47462,0.9722715219309872
47463,0.9722992365517459
47464,0.9723269234717341
47465,0.972354582718639
47466,0.9723822143201196
47467,0.9724098183038077
47468,0.9714378944474321
47469,0.9714664422790689
47470,0.9714949615771408
47471,0.9715234523701671
47472,0.9715519146866387
47473,0.9715803485550178
47474,0.9716087540037385
47475,0.971637131061206
47476,0.9716654797557974
47477,0.9716938001158616
47478,0.9717220921697188
47479,0.9707508556957861
47480,0.9697805899729518
47481,0.969810794280825
47482,0.9698409683994847
47483,0.9698711123591055
47484,0.969901226189831
47485,0.9699313099217752
47486,0.9699613635850218
47487,0.9699913872096245
47488,0.970021380825607
47489,0.9700513444629627
47490,0.9700812781516553
47491,0.9701111819216187
47492,0.9701410558027566
47493,0.9701708998249428
47494,0.9702007140180213
47495,0.9702304984118064
47496,0.9702602530360824
47497,0.9702899779206041
47498,0.9703196730950963
47499,0.9703493385892541
47500,0.9703789744327431
47501,0.9704085806551992
47502,0.9704381572862285
47503,0.9704677043554077
47504,0.9704972218922839
47505,0.9705267099263746
47506,0.9705561684871679
47507,0.9705855976041222
47508,0.9706149973066668
47509,0.9706443676242014
47510,0.9706737085860963
47511,0.9707030202216923
47512,0.9707323025603013
47513,0.9707615556312056
47514,0.9707907794636581
47515,0.9708199740868828
47516,0.9708491395300743
47517,0.9708782758223982
47518,0.9709073829929905
47519,0.9709364610709585
47520,0.9709655100853803
47521,0.970994530065305
47522,0.9710235210397524
47523,0.9710524830377137
47524,0.9710814160881508
47525,0.9711103202199968
47526,0.9711391954621557
47527,0.9711680418435028
47528,0.9711968593928846
47529,0.9712256481391186
47530,0.9702549078611185
47531,0.9702846380881438
47532,0.9703143385997999
47533,0.9703440094257871
47534,0.9703736505957764
47535,0.9704032621394089
47536,0.970432844086296
47537,0.9704623964660198
47538,0.9704919193081327
47539,0.9705214126421575
47540,0.9705508764975876
47541,0.9705803109038869
47542,0.9706097158904897
47543,0.970639091486801
47544,0.9706684377221966
47545,0.9706977546260225
47546,0.9707270422275956
47547,0.9707563005562038
47548,0.9707855296411051
47549,0.9708147295115288
47550,0.9708439001966747
47551,0.9708730417257134
47552,0.9709021541277867
47553,0.9709312374320068
47554,0.9699607914175821
47555,0.9699908156140662
47556,0.9700208098013585
47557,0.9700507740094532
47558,0.9700807082683143
47559,0.9701106126078762
47560,0.9701404870580432
47561,0.9701703316486898
47562,0.9702001464096607
47563,0.9702299313707705
47564,0.9702596865618043
47565,0.9702894120125172
47566,0.9703191077526346
47567,0.9703487738118524
47568,0.9703784102198365
47569,0.9694085167563484
47570,0.9694390929514946
47571,0.969469638585726
47572,0.9695001536895883
47573,0.9695306382935968
47574,0.9695610924282358
47575,0.9695915161239598
47576,0.9696219094111922
47577,0.9696522723203265
47578,0.9696826048817254
47579,0.9697129071257217
47580,0.9697431790826175
47581,0.9697734207826849
47582,0.9698036322561655
47583,0.9698338135332708
47584,0.9698639646441821
47585,0.9698940856190505
47586,0.969924176487997
47587,0.9699542372811124
47588,0.9699842680284576
47589,0.9700142687600634
47590,0.9700442395059303
47591,0.9700741802960293
47592,0.9701040911603012
47593,0.9701339721286567
47594,0.9701638232309769
47595,0.9701936444971129
47596,0.9702234359568859
47597,0.9702531976400874
47598,0.9702829295764791
47599,0.970312631795793
47600,0.9703423043277312
47601,0.9703719472019663
47602,0.9694020601982661
47603,0.9694326428467436
47604,0.9694631949278563
47605,0.9694937164721562
47606,0.969524207510165
47607,0.9695546680723737
47608,0.9695850981892429
47609,0.9696154978912026
47610,0.9696458672086526
47611,0.9696762061719624
47612,0.9697065148114706
47613,0.9697367931574862
47614,0.9697670412402873
47615,0.9697972590901222
47616,0.9698274467372084
47617,0.969857604211734
47618,0.9698877315438561
47619,0.9699178287637024
47620,0.9699478959013699
47621,0.9699779329869257
47622,0.970007940050407
47623,0.9700379171218209
47624,0.9700678642311443
47625,0.9700977814083246
47626,0.9701276686832788
47627,0.9701575260858942
47628,0.9701873536460283
47629,0.9702171513935085
47630,0.9702469193581327
47631,0.9692771573197937
47632,0.9693078648087294
47633,0.9693385416055224
47634,0.9693691877408491
47635,0.969399803245356
47636,0.9694303881496585
47637,0.9694609424843416
47638,0.9694914662799594
47639,0.9695219595670359
47640,0.9695524223760643
47641,0.9695828547375075
47642,0.9696132566817979
47643,0.9696436282393373
47644,0.9696739694404973
47645,0.9697042803156193
47646,0.969734560895014
47647,0.969764811208962
47648,0.9697950312877136
47649,0.969825221161489
47650,0.969855380860478
47651,0.9698855104148403
47652,0.9699156098547055
47653,0.969945679210173
47654,0.9699757185113123
47655,0.9700057277881625
47656,0.970035707070733
47657,0.9700656563890032
47658,0.9700955757729223
47659,0.9701254652524096
47660,0.9701553248573548
47661,0.9701851546176173
47662,0.970214954563027
47663,0.9702447247233837
47664,0.9702744651284578
47665,0.9703041758079896
47666,0.9703338567916897
47667,0.9703635081092392
47668,0.9703931297902895
47669,0.9704227218644621
47670,0.9704522843613492
47671,0.9704818173105133
47672,0.9705113207414873
47673,0.9705407946837746
47674,0.9705702391668494
47675,0.9705996542201558
47676,0.9706290398731092
47677,0.9706583961550951
47678,0.9706877230954698
47679,0.9707170207235603
47680,0.9707462890686641
47681,0.9707755281600497
47682,0.9708047380269562
47683,0.9708339186985935
47684,0.9708630702041421
47685,0.9708921925727536
47686,0.9709212858335504
47687,0.9709503500156258
47688,0.9709793851480439
47689,0.97100839125984
47690,0.97103736838002
47691,0.9710663165375611
47692,0.9710952357614117
47693,0.9711241260804907
47694,0.9711529875236886
47695,0.9711818201198669
47696,0.971210623897858
47697,0.9712393988864658
47698,0.9712681451144654
47699,0.9712968626106028
47700,0.9713255514035957
47701,0.9713542115221327
47702,0.9713828429948742
47703,0.9714114458504516
47704,0.9714400201174677
47705,0.9714685658244967
47706,0.9714970830000844
47707,0.971525571672748
47708,0.9715540318709761
47709,0.971582463623229
47710,0.9716108669579384
47711,0.9716392419035077
47712,0.9716675884883118
47713,0.9716959067406973
47714,0.9717241966889825
47715,0.9717524583614573
47716,0.9717806917863834
47717,0.9718088969919942
47718,0.971837074006495
47719,0.9718652228580628
47720,0.9718933435748464
47721,0.9719214361849664
47722,0.9719495007165156
47723,0.9719775371975586
47724,0.9720055456561318
47725,0.9720335261202436
47726,0.9720614786178746
47727,0.9720894031769772
47728,0.972117299825476
47729,0.9721451685912676
47730,0.9721730095022209
47731,0.9722008225861767
47732,0.9722286078709481
47733,0.9722563653843205
47734,0.9722840951540513
47735,0.9723117972078704
47736,0.9723394715734798
47737,0.9723671182785537
47738,0.9723947373507391
47739,0.9724223288176549
47740,0.9724498927068926
47741,0.9724774290460162
47742,0.9725049378625619
47743,0.9725324191840385
47744,0.9725598730379276
47745,0.9725872994516828
47746,0.9726146984527305
47747,0.9726420700684699
47748,0.9726694143262725
47749,0.9726967312534827
47750,0.9727240208774172
47751,0.9727512832253657
47752,0.9727785183245907
47753,0.9728057262023273
47754,0.9728329068857833
47755,0.9728600604021393
47756,0.972887186778549
47757,0.9729142860421387
47758,0.9729413582200076
47759,0.972968403339228
47760,0.9729954214268449
47761,0.9730224125098765
47762,0.973049376615314
47763,0.9730763137701213
47764,0.9731032240012356
47765,0.9731301073355673
47766,0.9731569637999995
47767,0.9731837934213888
47768,0.9732105962265648
47769,0.9732373722423303
47770,0.9732641214954614
47771,0.9732908440127073
47772,0.9733175398207905
47773,0.9733442089464069
47774,0.9733708514162256
47775,0.973397467256889
47776,0.9734240564950131
47777,0.973450619157187
47778,0.9734771552699735
47779,0.9735036648599086
47780,0.9735301479535019
47781,0.9735566045772366
47782,0.9735830347575691
47783,0.9736094385209298
47784,0.9736358158937225
47785,0.9736621669023244
47786,0.9736884915730867
47787,0.973714789932334
47788,0.9737410620063646
47789,0.9737673078214507
47790,0.9737935274038381
47791,0.9738197207797463
47792,0.9728463877254937
47793,0.972873527767747
47794,0.9729006406835214
47795,0.9729277264999298
47796,0.9729547852440578
47797,0.9729818169429643
47798,0.973008821623681
47799,0.9730357993132125
47800,0.9730627500385366
47801,0.973089673826604
47802,0.9731165707043385
47803,0.973143440698637
47804,0.9731702838363695
47805,0.9731971001443791
47806,0.9732238896494821
47807,0.9732506523784682
47808,0.9732773883581
47809,0.9733040976151134
47810,0.9733307801762178
47811,0.9733574360680957
47812,0.973384065317403
47813,0.9734106679507689
47814,0.9734372439947961
47815,0.9734637934760607
47816,0.9734903164211122
47817,0.9735168128564734
47818,0.9735432828086409
47819,0.9735697263040846
47820,0.9735961433692479
47821,0.973622534030548
47822,0.9736488983143755
47823,0.9736752362470947
47824,0.9737015478550437
47825,0.9737278331645339
47826,0.9737540922018507
47827,0.9737803249932532
47828,0.9738065315649741
47829,0.97383271194322
47830,0.9738588661541713
47831,0.9738849942239822
47832,0.9739110961787808
47833,0.9739371720446691
47834,0.9739632218477229
47835,0.973989245613992
47836,0.9740152433695003
47837,0.9740412151402454
47838,0.9740671609521993
47839,0.9740930808313075
47840,0.9741189748034901
47841,0.974144842894641
47842,0.9741706851306283
47843,0.9741965015372943
47844,0.9742222921404554
47845,0.9742480569659022
47846,0.9742737960393996
47847,0.9742995093866865
47848,0.9743251970334764
47849,0.9743508590054569
47850,0.9743764953282901
47851,0.9744021060276121
47852,0.9744276911290338
47853,0.9744532506581403
47854,0.974478784640491
47855,0.9745042931016199
47856,0.9745297760670356
47857,0.974555233562221
47858,0.9745806656126336
47859,0.9746060722437054
47860,0.9746314534808431
47861,0.974656809349428
47862,0.9746821398748159
47863,0.9737079448324623
47864,0.973734223748172
47865,0.9737604763980988
47866,0.9737867028084956
47867,0.9738129030055885
47868,0.9738390770155779
47869,0.9738652248646378
47870,0.973891346578916
47871,0.9739174421845342
47872,0.9739435117075882
47873,0.9739695551741473
47874,0.973995572610255
47875,0.9730220637920539
47876,0.9730490282460349
47877,0.9730759657490373
47878,0.9731028763279989
47879,0.97312976000983
47880,0.9731566168214144
47881,0.9731834467896089
47882,0.9732102499412435
47883,0.9732370263031214
47884,0.9732637759020188
47885,0.9732904987646855
47886,0.9733171949178443
47887,0.9733438643881913
47888,0.973370507202396
47889,0.9733971233871013
47890,0.9734237129689233
47891,0.9734502759744516
47892,0.9734768124302492
47893,0.9735033223628526
47894,0.9735298057987718
47895,0.9735562627644901
47896,0.9735826932864646
47897,0.9736090973911259
47898,0.9736354751048779
47899,0.9736618264540984
47900,0.9736881514651388
47901,0.973714450164324
47902,0.9737407225779529
47903,0.9737669687322977
47904,0.9737931886536048
47905,0.973819382368094
47906,0.9738455499019589
47907,0.9738716912813673
47908,0.9738978065324604
47909,0.9739238956813535
47910,0.9739499587541358
47911,0.9739759957768703
47912,0.9740020067755941
47913,0.9740279917763182
47914,0.9740539508050274
47915,0.9740798838876811
47916,0.9741057910502121
47917,0.9741316723185277
47918,0.9741575277185092
47919,0.9741833572760119
47920,0.9742091610168655
47921,0.9742349389668736
47922,0.9742606911518142
47923,0.9732869173475646
47924,0.9733136170803506
47925,0.973340290126747
47926,0.973366936513427
47927,0.9723940560171617
47928,0.9724216481650706
47929,0.9724492127346207
47930,0.9724767497533767
47931,0.9725042592488756
47932,0.9725317412486268
47933,0.9725591957801125
47934,0.9725866228707871
47935,0.9726140225480777
47936,0.9726413948393839
47937,0.9726687397720782
47938,0.9726960573735054
47939,0.9727233476709831
47940,0.9727506106918017
47941,0.9727778464632242
47942,0.9728050550124864
47943,0.9728322363667967
47944,0.9728593905533367
47945,0.9728865175992604
47946,0.9729136175316949
47947,0.9729406903777402
47948,0.9729677361644691
47949,0.9729947549189274
47950,0.9730217466681339
47951,0.9730487114390803
47952,0.9730756492587315
47953,0.9731025601540251
47954,0.9731294441518721
47955,0.9731563012791565
47956,0.9731831315627356
47957,0.9732099350294395
47958,0.9732367117060717
47959,0.973263461619409
47960,0.9732901847962012
47961,0.9733168812631715
47962,0.9733435510470164
47963,0.9733701941744057
47964,0.9733968106719826
47965,0.9734234005663635
47966,0.9734499638841382
47967,0.9734765006518702
47968,0.9735030108960963
47969,0.9735294946433265
47970,0.9735559519200448
47971,0.9735823827527085
47972,0.9736087871677482
47973,0.9736351651915686
47974,0.9736615168505475
47975,0.9736878421710367
47976,0.9737141411793615
47977,0.9737404139018209
47978,0.9737666603646876
47979,0.9737928805942082
47980,0.9738190746166028
47981,0.9738452424580655
47982,0.973871384144764
47983,0.9738974997028402
47984,0.9739235891584096
47985,0.9739496525375616
47986,0.9739756898663596
47987,0.9740017011708411
47988,0.9740276864770171
47989,0.9740536458108732
47990,0.9740795791983685
47991,0.9741054866654366
47992,0.9741313682379849
47993,0.9741572239418949
47994,0.9741830538030224
47995,0.9742088578471972
47996,0.9742346361002235
47997,0.9742603885878794
47998,0.9742861153359176
47999,0.9743118163700646
48000,0.9743374917160216
48001,0.9743631413994638
48002,0.974388765446041
48003,0.9744143638813774
48004,0.9744399367310711
48005,0.9744654840206952
48006,0.974491005775797
48007,0.9745165020218981
48008,0.974541972784495
48009,0.9745674180890582
48010,0.9745928379610331
48011,0.9746182324258397
48012,0.9746436015088723
48013,0.9746689452355001
48014,0.9746942636310668
48015,0.9747195567208908
48016,0.9747448245302652
48017,0.9747700670844579
48018,0.9747952844087113
48019,0.9748204765282429
48020,0.9748456434682446
48021,0.9748707852538836
48022,0.9748959019103015
48023,0.9749209934626151
48024,0.9749460599359158
48025,0.9749711013552702
48026,0.9749961177457197
48027,0.9750211091322807
48028,0.9750460755399446
48029,0.9750710169936778
48030,0.9750959335184217
48031,0.9751208251390929
48032,0.9751456918805831
48033,0.9751705337677589
48034,0.9751953508254623
48035,0.9752201430785102
48036,0.9752449105516952
48037,0.9752696532697844
48038,0.9752943712575208
48039,0.9753190645396222
48040,0.975343733140782
48041,0.9753683770856688
48042,0.9753929963989265
48043,0.9754175911051745
48044,0.9754421612290074
48045,0.9754667067949954
48046,0.975491227827684
48047,0.9755157243515944
48048,0.975540196391223
48049,0.9755646439710419
48050,0.9755890671154986
48051,0.9756134658490164
48052,0.9756378401959939
48053,0.9756621901808055
48054,0.9756865158278012
48055,0.9757108171613066
48056,0.9757350942056231
48057,0.9757593469850278
48058,0.9757835755237734
48059,0.9758077798460885
48060,0.9758319599761773
48061,0.9758561159382201
48062,0.9748807475064978
48063,0.9749058542056417
48064,0.9749309358106335
48065,0.974955992346555
48066,0.9749810238384624
48067,0.9750060303113874
48068,0.9750310117903366
48069,0.9750559683002913
48070,0.975080899866208
48071,0.9751058065130185
48072,0.9751306882656292
48073,0.9751555451489219
48074,0.9751803771877535
48075,0.9752051844069561
48076,0.975229966831337
48077,0.9752547244856785
48078,0.9752794573947383
48079,0.9753041655832493
48080,0.9753288490759197
48081,0.975353507897433
48082,0.9753781420724481
48083,0.9754027516255991
48084,0.9754273365814955
48085,0.9754518969647223
48086,0.9754764327998401
48087,0.9755009441113844
48088,0.9755254309238668
48089,0.975549893261774
48090,0.9755743311495684
48091,0.9755987446116877
48092,0.9756231336725456
48093,0.9756474983565311
48094,0.9756718386880088
48095,0.9756961546913191
48096,0.975720446390778
48097,0.9757447138106773
48098,0.9747694567254093
48099,0.9747946746597167
48100,0.9748198673886925
48101,0.9748450349375294
48102,0.9748701773313949
48103,0.9748952945954314
48104,0.9749203867547563
48105,0.9749454538344617
48106,0.9749704958596147
48107,0.9749955128552573
48108,0.9750205048464065
48109,0.9750454718580542
48110,0.9750704139151676
48111,0.9750953310426886
48112,0.9751202232655345
48113,0.9751450906085974
48114,0.9751699330967448
48115,0.9751947507548191
48116,0.9742200433577628
48117,0.9742458104308684
48118,0.9742715517497781
48119,0.974297267340233
48120,0.9743229572279489
48121,0.9743486214386157
48122,0.9743742599978974
48123,0.9743998729314327
48124,0.9734259600149595
48125,0.9734525207745648
48126,0.9734790549866842
48127,0.9735055626778519
48128,0.9735320438745757
48129,0.9735584986033368
48130,0.9735849268905898
48131,0.9736113287627631
48132,0.9736377042462586
48133,0.9736640533674518
48134,0.9736903761526917
48135,0.9737166726283012
48136,0.9737429428205767
48137,0.9727696865059134
48138,0.9727969032110549
48139,0.9728240927130929
48140,0.9728512550392168
48141,0.9728783902165888
48142,0.9729054982723444
48143,0.9729325792335914
48144,0.972959633127411
48145,0.9729866599808569
48146,0.973013659820956
48147,0.9730406326747082
48148,0.9730675785690863
48149,0.9730944975310363
48150,0.9731213895874771
48151,0.9731482547653006
48152,0.9721755928414972
48153,0.9722034033434048
48154,0.9722311860487087
48155,0.9722589409851918
48156,0.9722866681806089
48157,0.9723143676626873
48158,0.9713425392092514
48159,0.9713711823484725
48160,0.9713997968588689
48161,0.971428382769055
48162,0.9714569401076166
48163,0.9714854689031113
48164,0.9715139691840676
48165,0.9715424409789861
48166,0.9715708843163384
48167,0.971599299224568
48168,0.9716276857320897
48169,0.97165604386729
48170,0.9716843736585271
48171,0.9717126751341307
48172,0.9717409483224024
48173,0.9717691932516154
48174,0.9717974099500145
48175,0.9718255984458166
48176,0.9718537587672101
48177,0.9718818909423553
48178,0.9719099949993845
48179,0.9709385707165266
48180,0.9709676176223572
48181,0.969997135245923
48182,0.9700271231167417
48183,0.9700570810146759
48184,0.9700870089696837
48185,0.970116907011693
48186,0.9701467751706018
48187,0.9691771132264033
48188,0.9692079207094354
48189,0.9692386974003805
48190,0.9692694433300153
48191,0.9693001585290858
48192,0.9693308430283071
48193,0.9693614968583637
48194,0.9693921200499096
48195,0.9694227126335678
48196,0.969453274639931
48197,0.9694838060995613
48198,0.96951430704299
48199,0.9695447775007182
48200,0.9695752175032163
48201,0.9696056270809242
48202,0.9696360062642516
48203,0.9696663550835777
48204,0.9696966735692513
48205,0.9697269617515909
48206,0.9697572196608847
48207,0.9697874473273905
48208,0.9698176447813361
48209,0.969847812052919
48210,0.9698779491723064
48211,0.9699080561696355
48212,0.9699381330750132
48213,0.9699681799185165
48214,0.9699981967301922
48215,0.970028183540057
48216,0.970058140378098
48217,0.9690885670243967
48218,0.9691194630093798
48219,0.9691503281138182
48220,0.969181162368577
48221,0.9692119658044904
48222,0.969242738452362
48223,0.9692734803429643
48224,0.9693041915070394
48225,0.9693348719752982
48226,0.9693655217784214
48227,0.9693961409470586
48228,0.9694267295118292
48229,0.9694572875033216
48230,0.9694878149520939
48231,0.9695183118886735
48232,0.9695487783435575
48233,0.9695792143472121
48234,0.9696096199300734
48235,0.9696399951225472
48236,0.9696703399550084
48237,0.969700654457802
48238,0.9697309386612424
48239,0.969761192595614
48240,0.9697914162911706
48241,0.9698216097781359
48242,0.9698517730867035
48243,0.9698819062470366
48244,0.9699120092892685
48245,0.9699420822435021
48246,0.9699721251398105
48247,0.9700021380082364
48248,0.9700321208787929
48249,0.9700620737814627
48250,0.9700919967461988
48251,0.9701218898029242
48252,0.970151752981532
48253,0.9701815863118853
48254,0.9702113898238175
48255,0.970241163547132
48256,0.9702709075116026
48257,0.9703006217469733
48258,0.9703303062829584
48259,0.9703599611492423
48260,0.9703895863754799
48261,0.9704191819912965
48262,0.9704487480262877
48263,0.9704782845100195
48264,0.9705077914720285
48265,0.9705372689418216
48266,0.9705667169488762
48267,0.9705961355226405
48268,0.9706255246925328
48269,0.9696553842380675
48270,0.969685713689104
48271,0.9697160128258465
48272,0.9697462816785943
48273,0.9697765202776162
48274,0.9688072284032757
48275,0.968838405586281
48276,0.968869551607684
48277,0.9689006664986308
48278,0.9689317502902364
48279,0.9689628030135845
48280,0.9689938246997278
48281,0.9690248153796881
48282,0.9690557750844561
48283,0.9690867038449913
48284,0.9691176016922227
48285,0.9691484686570481
48286,0.9691793047703344
48287,0.9692101100629178
48288,0.9692408845656035
48289,0.9692716283091661
48290,0.9693023413243493
48291,0.9693330236418662
48292,0.9693636752923991
48293,0.9693942963065996
48294,0.9694248867150888
48295,0.969455446548457
48296,0.969485975837264
48297,0.9695164746120394
48298,0.9695469429032817
48299,0.9695773807414593
48300,0.96960778815701
48301,0.9696381651803413
48302,0.9696685118418302
48303,0.9696988281718234
48304,0.9697291142006371
48305,0.9697593699585575
48306,0.9697895954758403
48307,0.9698197907827111
48308,0.9698499559093651
48309,0.9698800908859674
48310,0.969910195742653
48311,0.9699402705095269
48312,0.9699703152166638
48313,0.9700003298941083
48314,0.9700303145718754
48315,0.9700602692799495
48316,0.9700901940482853
48317,0.9701200889068078
48318,0.9701499538854117
48319,0.970179789013962
48320,0.9702095943222938
48321,0.9702393698402125
48322,0.9702691155974936
48323,0.970298831623883
48324,0.9703285179490965
48325,0.9703581746028205
48326,0.9703878016147117
48327,0.9704173990143972
48328,0.9704469668314742
48329,0.9704765050955108
48330,0.970506013836045
48331,0.9705354930825857
48332,0.970564942864612
48333,0.970594363211574
48334,0.9706237541528918
48335,0.9706531157179564
48336,0.9706824479361293
48337,0.9707117508367429
48338,0.9707410244490999
48339,0.9707702688024742
48340,0.9707994839261099
48341,0.9708286698492222
48342,0.9708578266009971
48343,0.9708869542105912
48344,0.9709160527071323
48345,0.970945122119719
48346,0.9709741624774204
48347,0.971003173809277
48348,0.9710321561443003
48349,0.9710611095114724
48350,0.9710900339397468
48351,0.9711189294580479
48352,0.9711477960952712
48353,0.9711766338802834
48354,0.9712054428419223
48355,0.9712342230089969
48356,0.9712629744102872
48357,0.9712916970745448
48358,0.9713203910304923
48359,0.9713490563068237
48360,0.9713776929322041
48361,0.9714063009352704
48362,0.9714348803446304
48363,0.9714634311888637
48364,0.971491953496521
48365,0.9715204472961246
48366,0.9715489126161685
48367,0.9715773494851179
48368,0.9716057579314096
48369,0.9716341379834521
48370,0.9716624896696255
48371,0.9716908130182816
48372,0.9717191080577436
48373,0.9717473748163066
48374,0.9717756133222373
48375,0.9718038236037743
48376,0.9718320056891279
48377,0.9718601596064801
48378,0.9718882853839849
48379,0.971916383049768
48380,0.9719444526319272
48381,0.9719724941585319
48382,0.9720005076576238
48383,0.9720284931572164
48384,0.9720564506852951
48385,0.9720843802698176
48386,0.9721122819387134
48387,0.9721401557198841
48388,0.9721680016412035
48389,0.9721958197305177
48390,0.9722236100156446
48391,0.9722513725243747
48392,0.9722791072844702
48393,0.9723068143236662
48394,0.9723344936696695
48395,0.9723621453501596
48396,0.9723897693927882
48397,0.9724173658251792
48398,0.9724449346749292
48399,0.972472475969607
48400,0.9724999897367538
48401,0.9725274760038835
48402,0.9725549347984823
48403,0.9725823661480091
48404,0.9726097700798951
48405,0.9726371466215444
48406,0.9726644958003335
48407,0.9726918176436116
48408,0.9727191121787004
48409,0.9727463794328947
48410,0.9727736194334615
48411,0.972800832207641
48412,0.9728280177826458
48413,0.9728551761856616
48414,0.9728823074438468
48415,0.9729094115843328
48416,0.9729364886342234
48417,0.972963538620596
48418,0.9729905615705005
48419,0.9730175575109598
48420,0.9730445264689698
48421,0.9730714684714995
48422,0.973098383545491
48423,0.9731252717178593
48424,0.9731521330154926
48425,0.9731789674652522
48426,0.9732057750939727
48427,0.9732325559284615
48428,0.9732593099954995
48429,0.9732860373218408
48430,0.9733127379342128
48431,0.973339411859316
48432,0.9733660591238245
48433,0.9733926797543854
48434,0.9734192737776194
48435,0.9734458412201206
48436,0.9734723821084563
48437,0.9734988964691675
48438,0.9735253843287686
48439,0.9735518457137473
48440,0.9735782806505652
48441,0.973604689165657
48442,0.9736310712854315
48443,0.9736574270362707
48444,0.9736837564445303
48445,0.9737100595365398
48446,0.9737363363386022
48447,0.9737625868769945
48448,0.973788811177967
48449,0.9738150092677441
48450,0.9738411811725239
48451,0.9728678266686034
48452,0.9728949452826278
48453,0.9729220367915906
48454,0.9729491012225835
48455,0.9729761386026708
48456,0.9730031489588901
48457,0.9730301323182515
48458,0.9730570887077385
48459,0.9730840181543076
48460,0.9731109206848879
48461,0.9731377963263823
48462,0.9731646451056662
48463,0.9731914670495886
48464,0.9732182621849713
48465,0.9722455302887345
48466,0.9722732708881461
48467,0.9723009837608216
48468,0.972328668934474
48469,0.9723563264367884
48470,0.9713844560455472
48471,0.97141305728888
48472,0.971441629945263
48473,0.9704706737933936
48474,0.9705001883623158
48475,0.9705296734314189
48476,0.9705591290301882
48477,0.970588555188079
48478,0.9706179519345176
48479,0.9706473192989009
48480,0.9706766573105962
48481,0.9707059659989414
48482,0.9707352453932453
48483,0.9707644955227873
48484,0.9697942161669425
48485,0.9698244068554314
48486,0.9698545673683195
48487,0.9698846977357675
48488,0.9699147979879056
48489,0.9699448681548342
48490,0.9699749082666235
48491,0.9700049183533135
48492,0.9700348984449144
48493,0.9700648485714063
48494,0.9700947687627393
48495,0.9701246590488335
48496,0.9701545194595793
48497,0.970184350024837
48498,0.9702141507744374
48499,0.9702439217381811
48500,0.970273662945839
48501,0.9703033744271525
48502,0.9703330562118331
48503,0.9703627083295624
48504,0.9703923308099927
48505,0.9704219236827463
48506,0.9704514869774162
48507,0.9704810207235658
48508,0.9705105249507286
48509,0.9705399996884091
48510,0.9705694449660819
48511,0.9705988608131922
48512,0.9706282472591561
48513,0.9706576043333598
48514,0.9706869320651605
48515,0.970716230483886
48516,0.9707454996188346
48517,0.9707747394992755
48518,0.9708039501544486
48519,0.9708331316135647
48520,0.970862283905805
48521,0.970891407060322
48522,0.9709205011062386
48523,0.9709495660726492
48524,0.9709786019886185
48525,0.9710076088831826
48526,0.9710365867853483
48527,0.9710655357240936
48528,0.9710944557283674
48529,0.9711233468270897
48530,0.9711522090491516
48531,0.9711810424234153
48532,0.9712098469787143
48533,0.971238622743853
48534,0.9712673697476072
48535,0.971296088018724
48536,0.9713247775859217
48537,0.9713534384778898
48538,0.9713820707232892
48539,0.9714106743507521
48540,0.9704397491390072
48541,0.9704692946171292
48542,0.9704988105645384
48543,0.9705282970107507
48544,0.9705577539852527
48545,0.9705871815175013
48546,0.9706165796369242
48547,0.9706459483729193
48548,0.9706752877548555
48549,0.970704597812072
48550,0.9707338785738789
48551,0.9707631300695572
48552,0.9707923523283583
48553,0.9708215453795043
48554,0.9708507092521884
48555,0.9708798439755746
48556,0.9709089495787974
48557,0.9709380260909625
48558,0.9709670735411464
48559,0.9709960919583966
48560,0.9710250813717316
48561,0.9710540418101407
48562,0.9710829733025843
48563,0.971111875877994
48564,0.9711407495652723
48565,0.971169594393293
48566,0.9711984103909009
48567,0.971227197586912
48568,0.9712559560101135
48569,0.9712846856892638
48570,0.9713133866530926
48571,0.9713420589303009
48572,0.9713707025495609
48573,0.9713993175395164
48574,0.9714279039287822
48575,0.9714564617459448
48576,0.9714849910195621
48577,0.9715134917781633
48578,0.9715419640502491
48579,0.9715704078642918
48580,0.9715988232487354
48581,0.971627210231995
48582,0.9716555688424579
48583,0.9716838991084824
48584,0.971712201058399
48585,0.9717404747205095
48586,0.9717687201230877
48587,0.971796937294379
48588,0.9718251262626005
48589,0.9718532870559413
48590,0.971881419702562
48591,0.9719095242305954
48592,0.971937600668146
48593,0.9719656490432903
48594,0.9719936693840766
48595,0.9720216617185253
48596,0.9710501258247537
48597,0.9710790612312257
48598,0.9711079677167517
48599,0.9711368453102381
48600,0.9711656940405627
48601,0.9711945139365742
48602,0.9712233050270923
48603,0.9712520673409083
48604,0.9712808009067845
48605,0.9713095057534543
48606,0.9713381819096227
48607,0.9713668294039659
48608,0.9713954482651314
48609,0.971424038521738
48610,0.9714526002023759
48611,0.9714811333356069
48612,0.9715096379499641
48613,0.9715381140739522
48614,0.9715665617360472
48615,0.9715949809646968
48616,0.9716233717883203
48617,0.9716517342353085
48618,0.9716800683340239
48619,0.9717083741128004
48620,0.971736651599944
48621,0.9717649008237322
48622,0.9717931218124142
48623,0.9718213145942108
48624,0.9718494791973151
48625,0.9718776156498915
48626,0.9719057239800765
48627,0.9719338042159784
48628,0.9719618563856776
48629,0.9719898805172261
48630,0.9720178766386481
48631,0.9720458447779399
48632,0.9720737849630694
48633,0.9721016972219769
48634,0.9721295815825747
48635,0.972157438072747
48636,0.9721852667203504
48637,0.9722130675532137
48638,0.9722408405991375
48639,0.972268585885895
48640,0.9722963034412315
48641,0.9723239932928645
48642,0.9723516554684838
48643,0.9723792899957516
48644,0.9724068969023026
48645,0.9724344762157436
48646,0.9724620279636539
48647,0.9724895521735852
48648,0.9725170488730619
48649,0.9725445180895805
48650,0.9725719598506104
48651,0.9725993741835933
48652,0.9726267611159436
48653,0.9726541206750481
48654,0.9726814528882665
48655,0.9727087577829309
48656,0.9727360353863462
48657,0.9727632857257902
48658,0.972790508828513
48659,0.9728177047217379
48660,0.9728448734326607
48661,0.9728720149884501
48662,0.9728991294162478
48663,0.972926216743168
48664,0.9729532769962983
48665,0.9729803102026988
48666,0.9730073163894027
48667,0.9730342955834164
48668,0.9730612478117188
48669,0.9730881731012623
48670,0.9731150714789721
48671,0.9731419429717468
48672,0.9721692873565827
48673,0.9721971041608239
48674,0.9722248931621624
48675,0.9722526543883871
48676,0.9722803878672593
48677,0.9723080936265125
48678,0.9723357716938523
48679,0.9723634220969569
48680,0.9723910448634767
48681,0.9724186400210345
48682,0.9724462075972253
48683,0.9724737476196169
48684,0.9725012601157492
48685,0.9725287451131348
48686,0.9725562026392586
48687,0.9725836327215781
48688,0.9726110353875236
48689,0.9726384106644975
48690,0.9726657585798754
48691,0.9726930791610049
48692,0.9727203724352068
48693,0.9727476384297743
48694,0.9727748771719734
48695,0.9728020886890429
48696,0.9728292730081943
48697,0.9728564301566119
48698,0.9718840599115779
48699,0.9719121618007217
48700,0.9719402356020204
48701,0.9719682813435476
48702,0.9719962990533492
48703,0.9720242887594428
48704,0.9720522504898181
48705,0.972080184272437
48706,0.9721080901352332
48707,0.9721359681061126
48708,0.9721638182129531
48709,0.9721916404836047
48710,0.97221943494589
48711,0.9722472016276033
48712,0.9722749405565112
48713,0.9723026517603528
48714,0.9723303352668392
48715,0.972357991103654
48716,0.9723856192984529
48717,0.9724132198788642
48718,0.9724407928724885
48719,0.9724683383068988
48720,0.9724958562096405
48721,0.9725233466082316
48722,0.9725508095301624
48723,0.9725782450028958
48724,0.9726056530538674
48725,0.9726330337104852
48726,0.9726603870001298
48727,0.9726877129501547
48728,0.9727150115878856
48729,0.9727422829406214
48730,0.9727695270356332
48731,0.9727967439001654
48732,0.9728239335614346
48733,0.9728510960466306
48734,0.9728782313829157
48735,0.9729053395974255
48736,0.9729324207172682
48737,0.9729594747695247
48738,0.9729865017812493
48739,0.973013501779469
48740,0.9730404747911837
48741,0.9730674208433664
48742,0.9730943399629632
48743,0.9731212321768933
48744,0.9731480975120488
48745,0.9731749359952951
48746,0.9732017476534708
48747,0.9732285325133874
48748,0.9732552906018298
48749,0.9732820219455561
48750,0.9733087265712977
48751,0.9733354045057592
48752,0.9733620557756185
48753,0.9733886804075269
48754,0.973415278428109
48755,0.973441849863963
48756,0.9734683947416601
48757,0.9734949130877454
48758,0.9735214049287372
48759,0.9735478702911272
48760,0.973574309201381
48761,0.9736007216859374
48762,0.9736271077712088
48763,0.9736534674835814
48764,0.9736798008494149
48765,0.9737061078950426
48766,0.9737323886467717
48767,0.9737586431308829
48768,0.9737848713736307
48769,0.9738110734012433
48770,0.9738372492399227
48771,0.9738633989158447
48772,0.9738895224551593
48773,0.9739156198839897
48774,0.9739416912284334
48775,0.9739677365145619
48776,0.9739937557684204
48777,0.9740197490160282
48778,0.9740457162833784
48779,0.9740716575964385
48780,0.9740975729811497
48781,0.9741234624634274
48782,0.9741493260691612
48783,0.9741751638242144
48784,0.9742009757544251
48785,0.9742267618856051
48786,0.9742525222435405
48787,0.9742782568539917
48788,0.9743039657426934
48789,0.9743296489353543
48790,0.9743553064576579
48791,0.9743809383352614
48792,0.9744065445937968
48793,0.9744321252588705
48794,0.974457680356063
48795,0.9734837096610544
48796,0.9735102126998739
48797,0.9735366892488996
48798,0.9735631393346078
48799,0.9735895629834488
48800,0.9736159602218462
48801,0.9736423310761971
48802,0.9736686755728726
48803,0.9736949937382171
48804,0.9737212855985488
48805,0.9737475511801594
48806,0.9737737905093147
48807,0.9738000036122539
48808,0.9738261905151903
48809,0.9738523512443105
48810,0.9738784858257754
48811,0.9739045942857196
48812,0.9739306766502517
48813,0.9739567329454538
48814,0.9739827631973824
48815,0.9740087674320677
48816,0.9740347456755138
48817,0.9740606979536992
48818,0.9740866242925761
48819,0.9741125247180707
48820,0.9741383992560837
48821,0.9741642479324895
48822,0.9741900707731367
48823,0.9742158678038482
48824,0.974241639050421
48825,0.9742673845386265
48826,0.9742931042942101
48827,0.9743187983428916
48828,0.974344466710365
48829,0.9743701094222986
48830,0.9743957265043353
48831,0.9744213179820921
48832,0.9744468838811604
48833,0.9744724242271062
48834,0.9744979390454699
48835,0.9745234283617663
48836,0.9745488922014847
48837,0.9745743305900889
48838,0.9745997435530174
48839,0.974625131115683
48840,0.9746504933034734
48841,0.9746758301417509
48842,0.9747011416558521
48843,0.9747264278710887
48844,0.9747516888127468
48845,0.9747769245060873
48846,0.9748021349763462
48847,0.9748273202487336
48848,0.9748524803484351
48849,0.9748776153006106
48850,0.9749027251303951
48851,0.9749278098628985
48852,0.9749528695232055
48853,0.9749779041363756
48854,0.9750029137274437
48855,0.9750278983214193
48856,0.975052857943287
48857,0.9750777926180063
48858,0.975102702370512
48859,0.9751275872257139
48860,0.9751524472084968
48861,0.9751772823437207
48862,0.9752020926562207
48863,0.9752268781708072
48864,0.9752516389122657
48865,0.9752763749053569
48866,0.9753010861748168
48867,0.9753257727453567
48868,0.9753504346416632
48869,0.9753750718883981
48870,0.9753996845101988
48871,0.9754242725316778
48872,0.9754488359774233
48873,0.9754733748719986
48874,0.9754978892399426
48875,0.9755223791057698
48876,0.9755468444939699
48877,0.9755712854290084
48878,0.9755957019353262
48879,0.9756200940373398
48880,0.9756444617594414
48881,0.9756688051259987
48882,0.975693124161355
48883,0.9757174188898294
48884,0.9757416893357167
48885,0.9757659355232872
48886,0.9757901574767871
48887,0.9758143552204385
48888,0.975838528778439
48889,0.9758626781749623
48890,0.9758868034341578
48891,0.9759109045801506
48892,0.9759349816370421
48893,0.9759590346289091
48894,0.9759830635798047
48895,0.976007068513758
48896,0.9760310494547737
48897,0.9760550064268328
48898,0.9760789394538925
48899,0.9761028485598856
48900,0.9761267337687213
48901,0.9761505951042848
48902,0.9761744325904375
48903,0.9761982462510167
48904,0.9762220361098363
48905,0.976245802190686
48906,0.976269544517332
48907,0.9762932631135166
48908,0.9763169580029584
48909,0.9763406292093522
48910,0.9763642767563693
48911,0.9763879006676572
48912,0.97641150096684
48913,0.9764350776775179
48914,0.9764586308232676
48915,0.9764821604276421
48916,0.9765056665141713
48917,0.976529149106361
48918,0.976552608227694
48919,0.9765760439016293
48920,0.9765994561516027
48921,0.9766228450010264
48922,0.9766462104732893
48923,0.9766695525917567
48924,0.9756933711298958
48925,0.9757176656115252
48926,0.975741935810814
48927,0.9757661817520326
48928,0.9757904034594268
48929,0.9758146009572185
48930,0.9758387742696051
48931,0.9758629234207599
48932,0.9758870484348321
48933,0.9759111493359467
48934,0.9759352261482046
48935,0.9759592788956827
48936,0.9749838073525585
48937,0.9750088110433606
48938,0.9750337897429674
48939,0.9740592432264826
48940,0.9740851710193598
48941,0.9741110728974014
48942,0.9741369488865095
48943,0.97416279901256
48944,0.974188623301403
48945,0.9742144217788629
48946,0.9742401944707381
48947,0.9742659414028013
48948,0.9742916626007995
48949,0.9743173580904538
48950,0.9743430278974599
48951,0.9743686720474873
48952,0.9743942905661805
48953,0.9744198834791579
48954,0.9744454508120123
48955,0.9744709925903111
48956,0.9744965088395962
48957,0.9745219995853837
48958,0.9745474648531643
48959,0.9745729046684035
48960,0.974598319056541
48961,0.9746237080429913
48962,0.9746490716531432
48963,0.9746744099123604
48964,0.9746997228459813
48965,0.9747250104793186
48966,0.9747502728376601
48967,0.9747755099462682
48968,0.9748007218303798
48969,0.974825908515207
48970,0.9748510700259364
48971,0.9738767061378545
48972,0.9739028163765973
48973,0.9739289005181498
48974,0.9739549585885965
48975,0.9739809906139952
48976,0.974006996620378
48977,0.974032976633751
48978,0.9740589306800941
48979,0.9740848587853613
48980,0.9741107609754809
48981,0.9741366372763549
48982,0.9741624877138598
48983,0.974188312313846
48984,0.974214111102138
48985,0.9742398841045347
48986,0.974265631346809
48987,0.9742913528547082
48988,0.974317048653954
48989,0.9743427187702419
48990,0.9743683632292421
48991,0.9743939820565992
48992,0.974419575277932
48993,0.9744451429188337
48994,0.9744706850048718
48995,0.9744962015615886
48996,0.9745216926145005
48997,0.9745471581890987
48998,0.9745725983108486
48999,0.9745980130051907
49000,0.9746234022975393
49001,0.9746487662132839
49002,0.9736746045279133
49003,0.9737009167672658
49004,0.9737272027075283
49005,0.973753462374987
49006,0.9737796957959016
49007,0.9738059029965054
49008,0.9738320840030056
49009,0.9738582388415833
49010,0.9738843675383932
49011,0.9739104701195642
49012,0.9739365466111989
49013,0.9739625970393736
49014,0.9739886214301389
49015,0.9740146198095191
49016,0.9740405922035126
49017,0.9740665386380918
49018,0.9740924591392032
49019,0.9741183537327672
49020,0.9741442224446785
49021,0.9741700653008057
49022,0.9741958823269918
49023,0.9742216735490538
49024,0.9742474389927829
49025,0.9742731786839445
49026,0.9742988926482784
49027,0.9743245809114985
49028,0.9743502434992931
49029,0.9743758804373248
49030,0.9744014917512306
49031,0.9744270774666216
49032,0.9744526376090837
49033,0.9744781722041771
49034,0.9745036812774363
49035,0.9745291648543704
49036,0.9745546229604629
49037,0.9745800556211721
49038,0.9746054628619306
49039,0.9746308447081455
49040,0.9746562011851989
49041,0.9746815323184471
49042,0.9747068381332212
49043,0.9747321186548272
49044,0.9747573739085456
49045,0.9747826039196315
49046,0.974807808713315
49047,0.9748329883148009
49048,0.9748581427492689
49049,0.9748832720418733
49050,0.9749083762177435
49051,0.9749334553019836
49052,0.9749585093196728
49053,0.974983538295865
49054,0.9750085422555893
49055,0.9750335212238496
49056,0.9750584752256248
49057,0.975083404285869
49058,0.9751083084295114
49059,0.9751331876814558
49060,0.9751580420665819
49061,0.9741833713598687
49062,0.9742091750866454
49063,0.9742349530225908
49064,0.9742607051934827
49065,0.9742864316250734
49066,0.9733126320932143
49067,0.9733393061241056
49068,0.9733659534942963
49069,0.973392574230434
49070,0.9734191683591392
49071,0.9734457359070061
49072,0.9734722769006023
49073,0.9734987913664688
49074,0.97352527933112
49075,0.9735517408210439
49076,0.973578175862702
49077,0.9736045844825294
49078,0.9736309667069347
49079,0.9736573225623001
49080,0.9736836520749814
49081,0.9737099552713083
49082,0.9737362321775839
49083,0.973762482820085
49084,0.9737887072250625
49085,0.9738149054187406
49086,0.9738410774273176
49087,0.9738672232769655
49088,0.9738933429938301
49089,0.9739194366040312
49090,0.9739455041336624
49091,0.9739715456087912
49092,0.9739975610554591
49093,0.9740235504996815
49094,0.9740495139674479
49095,0.9740754514847217
49096,0.9741013630774407
49097,0.9741272487715161
49098,0.974153108592834
49099,0.9741789425672539
49100,0.97420475072061
49101,0.9742305330787103
49102,0.9742562896673373
49103,0.9742820205122475
49104,0.9743077256391718
49105,0.9743334050738153
49106,0.9743590588418575
49107,0.9743846869689521
49108,0.9744102894807273
49109,0.9744358664027856
49110,0.9744614177607038
49111,0.9744869435800335
49112,0.9745124438863003
49113,0.9735384184551296
49114,0.9735648668124958
49115,0.9735912887347221
49116,0.9736176842482306
49117,0.9736440533794167
49118,0.9736703961546497
49119,0.9736967126002722
49120,0.9737230027426008
49121,0.9737492666079256
49122,0.9727760039726353
49123,0.9728032143634673
49124,0.9728303975575068
49125,0.972857553581937
49126,0.9728846824639141
49127,0.9729117842305669
49128,0.9729388589089971
49129,0.9729659065262795
49130,0.9729929271094616
49131,0.9730199206855641
49132,0.9730468872815805
49133,0.9730738269244775
49134,0.9731007396411947
49135,0.9731276254586447
49136,0.9731544844037135
49137,0.97318131650326
49138,0.9732081217841163
49139,0.9732349002730877
49140,0.9722621517470776
49141,0.9722898757333375
49142,0.9723175720094661
49143,0.9723452406031599
49144,0.9723728815420872
49145,0.9724004948538892
49146,0.9724280805661792
49147,0.9724556387065428
49148,0.9724831693025383
49149,0.9725106723816962
49150,0.9725381479715196
49151,0.9725655960994841
49152,0.9725930167930379
49153,0.9726204100796015
49154,0.9726477759865685
49155,0.9726751145413045
49156,0.9727024257711483
49157,0.972729709703411
49158,0.9727569663653766
49159,0.9727841957843018
49160,0.9728113979874159
49161,0.9718390727520462
49162,0.9718672196058672
49163,0.9718953383269008
49164,0.9719234289432657
49165,0.9719514914830525
49166,0.9719795259743238
49167,0.9720075324451141
49168,0.9720355109234298
49169,0.9720634614372494
49170,0.9720913840145236
49171,0.9721192786831747
49172,0.9721471454710976
49173,0.972174984406159
49174,0.9722027955161978
49175,0.9722305788290252
49176,0.9722583343724245
49177,0.9722860621741511
49178,0.9723137622619331
49179,0.9723414346634704
49180,0.9723690794064355
49181,0.972396696518473
49182,0.9724242860272002
49183,0.9724518479602066
49184,0.9714798820951789
49185,0.9715083879601513
49186,0.9715368653335045
49187,0.9715653142437158
49188,0.9715937347192344
49189,0.9716221267884805
49190,0.9716504904798463
49191,0.9716788258216955
49192,0.9717071328423634
49193,0.9717354115701572
49194,0.9717636620333554
49195,0.9717918842602086
49196,0.971820078278939
49197,0.9718482441177406
49198,0.9718763818047793
49199,0.9719044913681928
49200,0.9719325728360907
49201,0.9719606262365543
49202,0.9719886515976373
49203,0.9720166489473647
49204,0.9720446183137341
49205,0.9720725597247148
49206,0.9721004732082483
49207,0.9721283587922481
49208,0.9721562165045997
49209,0.9721840463731608
49210,0.9722118484257614
49211,0.9722396226902034
49212,0.9722673691942612
49213,0.9722950879656812
49214,0.9713232787823072
49215,0.9713519411723298
49216,0.9713805749142865
49217,0.971409180036811
49218,0.9714377565685083
49219,0.971466304537955
49220,0.9714948239736992
49221,0.9715233149042602
49222,0.971551777358129
49223,0.971580211363768
49224,0.9716086169496113
49225,0.9716369941440645
49226,0.9706658427256296
49227,0.9706951622231552
49228,0.9707244524158357
49229,0.9707537133329613
49230,0.9707829450037929
49231,0.9708121474575623
49232,0.9708413207234717
49233,0.9708704648306946
49234,0.970899579808375
49235,0.9709286656856281
49236,0.9709577224915394
49237,0.9709867502551661
49238,0.9710157490055358
49239,0.9710447187716472
49240,0.9710736595824702
49241,0.9711025714669455
49242,0.971131454453985
49243,0.9711603085724717
49244,0.9711891338512598
49245,0.9712179303191746
49246,0.9712466980050125
49247,0.9712754369375413
49248,0.9713041471454997
49249,0.9713328286575982
49250,0.9713614815025181
49251,0.9713901057089124
49252,0.9714187013054052
49253,0.9714472683205922
49254,0.9714758067830405
49255,0.9715043167212883
49256,0.9715327981638457
49257,0.9715612511391942
49258,0.9715896756757867
49259,0.9716180718020477
49260,0.9716464395463735
49261,0.9716747789371317
49262,0.9717030900026619
49263,0.9717313727712749
49264,0.9717596272712536
49265,0.9717878535308526
49266,0.9718160515782981
49267,0.9718442214417881
49268,0.9718723631494924
49269,0.9719004767295529
49270,0.970929061960208
49271,0.9709581183700429
49272,0.9709871457379888
49273,0.9710161440930734
49274,0.9710451134642947
49275,0.9710740538806222
49276,0.9711029653709964
49277,0.9711318479643287
49278,0.9711607016895019
49279,0.9711895265753694
49280,0.9712183226507564
49281,0.9712470899444587
49282,0.9712758284852439
49283,0.9713045383018503
49284,0.9713332194229879
49285,0.9713618718773377
49286,0.9713904956935523
49287,0.9714190909002554
49288,0.9714476575260422
49289,0.9714761955994795
49290,0.9715047051491053
49291,0.971533186203429
49292,0.9715616387909318
49293,0.9715900629400663
49294,0.9716184586792567
49295,0.9716468260368986
49296,0.9716751650413594
49297,0.9717034757209783
49298,0.9717317581040658
49299,0.9717600122189043
49300,0.9717882380937479
49301,0.9718164357568226
49302,0.9718446052363261
49303,0.9718727465604278
49304,0.9719008597572689
49305,0.9719289448549628
49306,0.9719570018815945
49307,0.9719850308652211
49308,0.9720130318338716
49309,0.9720410048155469
49310,0.97206894983822
49311,0.972096866929836
49312,0.972124756118312
49313,0.972152617431537
49314,0.9721804508973726
49315,0.9722082565436521
49316,0.9722360343981812
49317,0.9722637844887377
49318,0.9722915068430719
49319,0.9723192014889058
49320,0.9723468684539344
49321,0.9723745077658245
49322,0.9724021194522154
49323,0.972429703540719
49324,0.9724572600589192
49325,0.9724847890343725
49326,0.9725122904946081
49327,0.9725397644671272
49328,0.9725672109794039
49329,0.9725946300588848
49330,0.9726220217329888
49331,0.9726493860291078
49332,0.972676722974606
49333,0.9727040325968203
49334,0.9727313149230603
49335,0.9727585699806085
49336,0.9727857977967198
49337,0.9728129983986221
49338,0.972840171813516
49339,0.972867318068575
49340,0.9728944371909451
49341,0.9729215292077458
49342,0.9729485941460688
49343,0.9729756320329793
49344,0.9730026428955151
49345,0.9730296267606869
49346,0.9730565836554789
49347,0.9730835136068477
49348,0.9731104166417235
49349,0.9731372927870091
49350,0.9731641420695808
49351,0.9731909645162878
49352,0.9732177601539527
49353,0.9722450287594959
49354,0.9722727698601861
49355,0.9723004832336392
49356,0.9723281689075686
49357,0.9723558269096599
49358,0.9723834572675714
49359,0.9724110600089331
49360,0.9724386351613479
49361,0.972466182752391
49362,0.97249370280961
49363,0.972521195360525
49364,0.9725486604326283
49365,0.9725760980533853
49366,0.9726035082502335
49367,0.9726308910505831
49368,0.9726582464818169
49369,0.9726855745712903
49370,0.9727128753463316
49371,0.9727401488342413
49372,0.972767395062293
49373,0.972794614057733
49374,0.9728218058477803
49375,0.9728489704596266
49376,0.9728761079204366
49377,0.9729032182573477
49378,0.9729303014974703
49379,0.9729573576678876
49380,0.9729843867956558
49381,0.973011388907804
49382,0.9730383640313345
49383,0.9730653121932222
49384,0.9730922334204154
49385,0.9731191277398352
49386,0.972146494928501
49387,0.9721743345137799
49388,0.9722021462733863
49389,0.972229930235132
49390,0.9722576864268011
49391,0.9722854148761496
49392,0.972313115610906
49393,0.9723407886587712
49394,0.972368434047418
49395,0.9723960518044921
49396,0.972423641957611
49397,0.972451204534365
49398,0.9724787395623166
49399,0.9725062470690009
49400,0.9725337270819254
49401,0.9725611796285701
49402,0.9725886047363876
49403,0.972616002432803
49404,0.972643372745214
49405,0.9726707157009908
49406,0.9726980313274766
49407,0.9727253196519868
49408,0.9727525807018099
49409,0.9727798145042069
49410,0.9728070210864116
49411,0.9728342004756305
49412,0.9728613526990432
49413,0.9728884777838017
49414,0.9729155757570312
49415,0.9729426466458299
49416,0.9729696904772683
49417,0.9729967072783905
49418,0.9730236970762132
49419,0.9730506598977262
49420,0.9730775957698924
49421,0.9731045047196476
49422,0.9731313867739009
49423,0.9731582419595342
49424,0.9731850703034027
49425,0.9732118718323348
49426,0.9732386465731321
49427,0.9732653945525692
49428,0.9732921157973943
49429,0.9733188103343284
49430,0.9733454781900662
49431,0.9733721193912755
49432,0.9733987339645976
49433,0.973425321936647
49434,0.9734518833340117
49435,0.9734784181832531
49436,0.973504926510906
49437,0.9735314083434788
49438,0.9735578637074533
49439,0.9735842926292849
49440,0.9736106951354025
49441,0.9736370712522088
49442,0.9736634210060796
49443,0.9736897444233649
49444,0.973716041530388
49445,0.9737423123534461
49446,0.9737685569188099
49447,0.9737947752527242
49448,0.9738209673814071
49449,0.9738471333310509
49450,0.9738732731278215
49451,0.9738993867978586
49452,0.9739254743672761
49453,0.9739515358621613
49454,0.973977571308576
49455,0.9740035807325554
49456,0.9740295641601091
49457,0.9740555216172204
49458,0.9740814531298468
49459,0.97410735872392
49460,0.9741332384253453
49461,0.9741590922600026
49462,0.9741849202537458
49463,0.9742107224324027
49464,0.9742364988217757
49465,0.974262249447641
49466,0.9742879743357492
49467,0.9743136735118254
49468,0.9743393470015687
49469,0.9743649948306525
49470,0.9743906170247248
49471,0.9744162136094078
49472,0.974441784610298
49473,0.9744673300529664
49474,0.9744928499629584
49475,0.974518344365794
49476,0.9745438132869676
49477,0.9745692567519482
49478,0.9745946747861791
49479,0.9746200674150785
49480,0.9746454346640389
49481,0.9746707765584276
49482,0.9746960931235866
49483,0.9747213843848325
49484,0.9747466503674563
49485,0.9747718910967242
49486,0.974797106597877
49487,0.97482229689613
49488,0.9748474620166736
49489,0.974872601984673
49490,0.9748977168252679
49491,0.9749228065635736
49492,0.9749478712246794
49493,0.9749729108336502
49494,0.9749979254155257
49495,0.9750229149953202
49496,0.9750478795980235
49497,0.9750728192486002
49498,0.97509773397199
49499,0.9751226237931074
49500,0.9751474887368424
49501,0.9751723288280599
49502,0.9751971440916001
49503,0.9752219345522781
49504,0.9752467002348846
49505,0.9752714411641851
49506,0.9752961573649205
49507,0.9753208488618071
49508,0.9753455156795364
49509,0.9753701578427753
49510,0.9753947753761658
49511,0.9754193683043255
49512,0.9754439366518475
49513,0.9754684804432999
49514,0.9754929997032267
49515,0.975517494456147
49516,0.9755419647265556
49517,0.9755664105389229
49518,0.9755908319176946
49519,0.9756152288872921
49520,0.9756396014721124
49521,0.975663949696528
49522,0.9756882735848873
49523,0.975712573161514
49524,0.975736848450708
49525,0.9757610994767443
49526,0.9757853262638739
49527,0.9758095288363239
49528,0.9758337072182965
49529,0.9758578614339705
49530,0.9758819915074998
49531,0.9759060974630145
49532,0.9749306790747456
49533,0.9749557358672746
49534,0.9749807676155332
49535,0.9750057743445532
49536,0.9750307560793412
49537,0.9750557128448791
49538,0.9750806446661237
49539,0.9751055515680066
49540,0.9751304335754348
49541,0.9751552907132904
49542,0.9751801230064305
49543,0.9752049304796875
49544,0.9752297131578687
49545,0.9752544710657568
49546,0.9752792042281099
49547,0.975303912669661
49548,0.9753285964151186
49549,0.9753532554891664
49550,0.9753778899164636
49551,0.9754024997216445
49552,0.9754270849293191
49553,0.9754516455640724
49554,0.9754761816504651
49555,0.9755006932130333
49556,0.9755251802762887
49557,0.9755496428647181
49558,0.9755740810027844
49559,0.9755984947149255
49560,0.9756228840255553
49561,0.975647248959063
49562,0.9756715895398135
49563,0.9756959057921475
49564,0.9757201977403812
49565,0.9757444654088067
49566,0.9757687088216914
49567,0.9757929280032789
49568,0.9758171229777883
49569,0.9758412937694148
49570,0.9758654404023289
49571,0.9758895629006774
49572,0.9759136612885828
49573,0.9759377355901434
49574,0.9759617858294336
49575,0.9759858120305036
49576,0.9760098142173796
49577,0.976033792414064
49578,0.9760577466445347
49579,0.9760816769327461
49580,0.9761055833026284
49581,0.976129465778088
49582,0.9761533243830075
49583,0.9761771591412454
49584,0.9762009700766364
49585,0.9762247572129916
49586,0.976248520574098
49587,0.9762722601837192
49588,0.9762959760655945
49589,0.97631966824344
49590,0.9763433367409478
49591,0.9763669815817864
49592,0.9763906027896007
49593,0.9764142003880119
49594,0.9764377744006175
49595,0.9764613248509917
49596,0.9764848517626848
49597,0.9755088549093488
49598,0.9755333338149866
49599,0.9755577882539521
49600,0.9755822182506998
49601,0.9756066238296596
49602,0.9756310050152371
49603,0.9756553618318136
49604,0.9756796943037458
49605,0.9757040024553663
49606,0.9757282863109831
49607,0.9757525458948801
49608,0.9757767812313171
49609,0.974801492094654
49610,0.9748266780096019
49611,0.9748518387512215
49612,0.9748769743446736
49613,0.9749020848150937
49614,0.9749271701875923
49615,0.9749522304872549
49616,0.9749772657391417
49617,0.9750022759682879
49618,0.975027261199704
49619,0.9750522214583749
49620,0.9750771567692611
49621,0.9751020671572979
49622,0.9751269526473955
49623,0.9751518132644396
49624,0.9751766490332907
49625,0.9752014599787847
49626,0.9752262461257325
49627,0.9752510074989201
49628,0.9752757441231091
49629,0.975300456023036
49630,0.9753251432234128
49631,0.9753498057489266
49632,0.97537444362424
49633,0.9753990568739909
49634,0.9754236455227925
49635,0.9754482095952335
49636,0.9754727491158779
49637,0.9754972641092653
49638,0.9755217545999108
49639,0.9755462206123047
49640,0.974571161921038
49641,0.9745965780510519
49642,0.9746219687776376
49643,0.9746473341261858
49644,0.9746726741220616
49645,0.9746979887906053
49646,0.9747232781571314
49647,0.9747485422469294
49648,0.9747737810852634
49649,0.9747989946973721
49650,0.9748241831084692
49651,0.9748493463437431
49652,0.974874484428357
49653,0.9748995973874491
49654,0.9749246852461323
49655,0.9749497480294945
49656,0.9749747857625984
49657,0.9749997984704819
49658,0.9750247861781576
49659,0.9750497489106132
49660,0.9750746866928115
49661,0.9750995995496903
49662,0.9751244875061623
49663,0.9751493505871157
49664,0.9751741888174135
49665,0.9751990022218938
49666,0.9752237908253701
49667,0.9752485546526312
49668,0.9742737934785656
49669,0.974299506828412
49670,0.974325194477759
49671,0.974350856452294
49672,0.974376492777679
49673,0.9744021034795504
49674,0.9744276885835188
49675,0.9744532481151694
49676,0.9744787821000618
49677,0.9745042905637299
49678,0.9745297735316821
49679,0.9745552310294016
49680,0.9745806630823457
49681,0.9746060697159465
49682,0.9746314509556108
49683,0.9746568068267196
49684,0.9746821373546289
49685,0.9747074425646693
49686,0.9747327224821459
49687,0.9747579771323387
49688,0.9747832065405023
49689,0.9748084107318662
49690,0.9748335897316345
49691,0.9748587435649861
49692,0.9748838722570751
49693,0.97490897583303
49694,0.9749340543179545
49695,0.9749591077369271
49696,0.9749841361150011
49697,0.975009139477205
49698,0.9750341178485421
49699,0.9750590712539908
49700,0.9750839997185046
49701,0.9751089032670118
49702,0.9751337819244161
49703,0.9751586357155961
49704,0.9751834646654056
49705,0.9752082687986736
49706,0.9752330481402042
49707,0.9752578027147767
49708,0.9752825325471457
49709,0.974307737412166
49710,0.9743334168350424
49711,0.9743590705913292
49712,0.9743846987066802
49713,0.9744103012067235
49714,0.9744358781170616
49715,0.9744614294632714
49716,0.9744869552709043
49717,0.9745124555654862
49718,0.9745379303725171
49719,0.9745633797174721
49720,0.9735893033759254
49721,0.9736157008738006
49722,0.97364207198737
49723,0.9736684167430047
49724,0.9736947351670497
49725,0.9737210272858233
49726,0.9737472931256176
49727,0.9737735327126984
49728,0.9737997460733054
49729,0.973825933233652
49730,0.9738520942199251
49731,0.973878229058286
49732,0.9739043377748694
49733,0.973930420395784
49734,0.9739564769471126
49735,0.9739825074549117
49736,0.9740085119452117
49737,0.974034490444017
49738,0.9740604429773063
49739,0.9740863695710321
49740,0.974112270251121
49741,0.9741381450434737
49742,0.974163993973965
49743,0.9741898170684439
49744,0.9742156143527333
49745,0.9742413858526306
49746,0.9742671315939074
49747,0.9742928516023093
49748,0.9743185459035564
49749,0.974344214523343
49750,0.9743698574873376
49751,0.9743954748211834
49752,0.9744210665504975
49753,0.9744466327008718
49754,0.9744721732978725
49755,0.9744976883670401
49756,0.9745231779338897
49757,0.9745486420239108
49758,0.9745740806625676
49759,0.9735999936254236
49760,0.9736263804383917
49761,0.9736527408777336
49762,0.9736790749698098
49763,0.9737053827409544
49764,0.9737316642174753
49765,0.9737579194256537
49766,0.973784148391745
49767,0.9738103511419781
49768,0.9738365277025558
49769,0.9738626780996547
49770,0.9738888023594251
49771,0.9739149005079913
49772,0.9739409725714516
49773,0.973967018575878
49774,0.9739930385473163
49775,0.9740190325117868
49776,0.9740450004952832
49777,0.9740709425237737
49778,0.9740968586232002
49779,0.9741227488194788
49780,0.9741486131384998
49781,0.9741744516061275
49782,0.9742002642482003
49783,0.974226051090531
49784,0.9742518121589062
49785,0.9742775474790872
49786,0.9743032570768093
49787,0.974328940977782
49788,0.9743545992076893
49789,0.9743802317921894
49790,0.9744058387569148
49791,0.9744314201274726
49792,0.9744569759294441
49793,0.9744825061883852
49794,0.973508510679951
49795,0.973534988930146
49796,0.9735614407153232
49797,0.9735878660619346
49798,0.9736142649964055
49799,0.9736406375451347
49800,0.9736669837344949
49801,0.9736933035908323
49802,0.9737195971404666
49803,0.9737458644096916
49804,0.9737721054247743
49805,0.973798320211956
49806,0.9738245087974513
49807,0.9738506712074488
49808,0.973876807468111
49809,0.9739029176055741
49810,0.9739290016459483
49811,0.9739550596153177
49812,0.9739810915397402
49813,0.9740070974452477
49814,0.9740330773578462
49815,0.9740590313035155
49816,0.9740849593082096
49817,0.9731113611479815
49818,0.9731382363492329
49819,0.973165084688714
49820,0.973191906193273
49821,0.9732187008897315
49822,0.9732454688048842
49823,0.973272209965499
49824,0.9732989243983171
49825,0.973325612130053
49826,0.9733522731873943
49827,0.9733789075970021
49828,0.9734055153855108
49829,0.9734320965795282
49830,0.9734586512056357
49831,0.9734851792903877
49832,0.9735116808603124
49833,0.9735381559419113
49834,0.9735646045616595
49835,0.9735910267460056
49836,0.973617422521372
49837,0.9736437919141542
49838,0.9726706347008467
49839,0.9726979504082921
49840,0.9727252388136811
49841,0.9727524999443021
49842,0.9717802335775412
49843,0.9718084392411318
49844,0.9718366167131547
49845,0.9718647660217872
49846,0.9718928871951787
49847,0.9719209802614505
49848,0.9719490452486954
49849,0.9719770821849786
49850,0.9720050910983369
49851,0.9720330720167794
49852,0.9720610249682868
49853,0.9720889499808123
49854,0.9721168470822807
49855,0.9721447163005893
49856,0.9721725576636072
49857,0.9722003711991758
49858,0.9722281569351087
49859,0.9722559148991915
49860,0.9722836451191823
49861,0.9723113476228114
49862,0.972339022437781
49863,0.9723666695917662
49864,0.9723942891124141
49865,0.9724218810273442
49866,0.9724494453641485
49867,0.9724769821503911
49868,0.9725044914136092
49869,0.9725319731813117
49870,0.9725594274809806
49871,0.9725868543400701
49872,0.9726142537860071
49873,0.972641625846191
49874,0.9726689705479938
49875,0.9726962879187605
49876,0.9727235779858082
49877,0.9727508407764272
49878,0.97277807631788
49879,0.9718057843875274
49880,0.9718339645130771
49881,0.9708626162227092
49882,0.9708917390450753
49883,0.9709208327591732
49884,0.9709498973940965
49885,0.97097893297891
49886,0.9710079395426492
49887,0.9710369171143207
49888,0.9710658657229021
49889,0.971094785397342
49890,0.97112367616656
49891,0.971152538059447
49892,0.9711813711048649
49893,0.9712101753316467
49894,0.9712389507685966
49895,0.97126769744449
49896,0.9712964153880738
49897,0.9713251046280656
49898,0.9713537651931551
49899,0.9713823971120025
49900,0.9714110004132398
49901,0.9714395751254704
49902,0.971468121277269
49903,0.9714966388971817
49904,0.9715251280137263
49905,0.9715535886553917
49906,0.9715820208506386
49907,0.9716104246278994
49908,0.9716388000155777
49909,0.9716671470420488
49910,0.97169546573566
49911,0.9717237561247298
49912,0.9717520182375486
49913,0.9717802521023787
49914,0.9718084577474538
49915,0.9718366352009796
49916,0.9718647844911336
49917,0.971892905646065
49918,0.97092149844402
49919,0.9709505624135911
49920,0.9709795973337174
49921,0.9710086032334339
49922,0.9710375801417462
49923,0.9710665280876315
49924,0.9710954471000377
49925,0.9711243372078837
49926,0.9711531984400598
49927,0.971182030825427
49928,0.9712108343928179
49929,0.9712396091710359
49930,0.971268355188856
49931,0.9712970724750241
49932,0.9713257610582574
49933,0.9713544209672447
49934,0.9713830522306457
49935,0.9714116548770918
49936,0.9714402289351857
49937,0.9714687744335013
49938,0.9714972914005843
49939,0.9715257798649515
49940,0.9715542398550915
49941,0.9715826713994642
49942,0.9716110745265012
49943,0.9716394492646057
49944,0.9716677956421523
49945,0.9716961136874875
49946,0.9717244034289293
49947,0.9717526648947674
49948,0.9717808981132634
49949,0.9718091031126505
49950,0.9718372799211336
49951,0.9718654285668895
49952,0.971893549078067
49953,0.9719216414827866
49954,0.9719497058091406
49955,0.9719777420851935
49956,0.9720057503389814
49957,0.9720337305985126
49958,0.9720616828917674
49959,0.9720896072466982
49960,0.9721175036912293
49961,0.972145372253257
49962,0.9721732129606501
49963,0.9722010258412491
49964,0.9722288109228671
49965,0.972256568233289
49966,0.9722842978002723
49967,0.9723119996515464
49968,0.9723396738148131
49969,0.9723673203177469
49970,0.972394939187994
49971,0.9724225304531734
49972,0.9724500941408764
49973,0.9724776302786666
49974,0.9725051388940803
49975,0.9725326200146259
49976,0.9725600736677847
49977,0.9725874998810103
49978,0.972614898681729
49979,0.9726422700973395
49980,0.9726696141552132
49981,0.9726969308826943
49982,0.9727242203070994
49983,0.972751482455718
49984,0.9727787173558122
49985,0.972805925034617
49986,0.9728331055193401
49987,0.9728602588371619
49988,0.9728873850152356
49989,0.9729144840806877
49990,0.972941556060617
49991,0.9729686009820957
49992,0.9729956188721686
49993,0.9730226097578536
49994,0.9730495736661416
49995,0.9730765106239966
49996,0.9731034206583554
49997,0.9731303037961282
49998,0.9731571600641981
49999,0.9721844892395461
50000,0.9722122908495017
50001,0.9722400646717411
50002,0.9722678107340382
50003,0.9722955290641392
50004,0.9723232196897622
50005,0.972350882638598
50006,0.9723785179383095
50007,0.9724061256165322
50008,0.9724337057008735
50009,0.9724612582189136
50010,0.9724887831982051
50011,0.9725162806662728
50012,0.9725437506506144
50013,0.9725711931786998
50014,0.9725986082779714
50015,0.9726259959758445
50016,0.9726533562997067
50017,0.9726806892769184
50018,0.9727079949348125
50019,0.9727352733006948
50020,0.9727625244018435
50021,0.9727897482655098
50022,0.9728169449189176
50023,0.9728441143892634
50024,0.972871256703717
50025,0.9728983718894204
50026,0.972925459973489
50027,0.9729525209830108
50028,0.9729795549450467
50029,0.9730065618866309
50030,0.9730335418347702
50031,0.9730604948164446
50032,0.9730874208586071
50033,0.9731143199881838
50034,0.9731411922320736
50035,0.973168037617149
50036,0.9731948561702553
50037,0.973221647918211
50038,0.973248412887808
50039,0.9732751511058111
50040,0.9733018625989587
50041,0.9733285473939622
50042,0.9733552055175065
50043,0.9733818369962497
50044,0.9734084418568232
50045,0.9734350201258318
50046,0.9734615718298539
50047,0.9734880969954413
50048,0.973514595649119
50049,0.9735410678173858
50050,0.9735675135267138
50051,0.9735939328035487
50052,0.9736203256743098
50053,0.9736466921653899
50054,0.9736730323031556
50055,0.973699346113947
50056,0.973725633624078
50057,0.973751894859836
50058,0.9737781298474824
50059,0.973804338613252
50060,0.9738305211833537
50061,0.97385667758397
50062,0.9738828078412574
50063,0.9739089119813461
50064,0.9739349900303402
50065,0.9739610420143179
50066,0.9739870679593311
50067,0.9740130678914057
50068,0.9740390418365418
50069,0.9740649898207131
50070,0.9740909118698678
50071,0.974116808009928
50072,0.9741426782667896
50073,0.974168522666323
50074,0.9741943412343727
50075,0.9742201339967571
50076,0.9742459009792691
50077,0.9742716422076756
50078,0.9742973577077179
50079,0.9743230475051115
50080,0.9743487116255461
50081,0.974374350094686
50082,0.9743999629381696
50083,0.9744255501816097
50084,0.9744511118505936
50085,0.974476647970683
50086,0.974502158567414
50087,0.9745276436662971
50088,0.9745531032928175
50089,0.974578537472435
50090,0.9746039462305834
50091,0.9746293295926718
50092,0.9746546875840834
50093,0.9746800202301762
50094,0.9747053275562829
50095,0.974730609587711
50096,0.9747558663497422
50097,0.9747810978676336
50098,0.9748063041666164
50099,0.9748314852718971
50100,0.9748566412086568
50101,0.9748817720020514
50102,0.9749068776772117
50103,0.9749319582592435
50104,0.9749570137732273
50105,0.9749820442442185
50106,0.9750070496972478
50107,0.9750320301573205
50108,0.9750569856494171
50109,0.9750819161984932
50110,0.9751068218294792
50111,0.9751317025672808
50112,0.9751565584367787
50113,0.975181389462829
50114,0.9752061956702625
50115,0.9752309770838854
50116,0.9752557337284792
50117,0.9752804656288006
50118,0.9753051728095814
50119,0.9753298552955288
50120,0.9753545131113254
50121,0.9753791462816289
50122,0.9754037548310726
50123,0.9754283387842649
50124,0.97545289816579
50125,0.975477433000207
50126,0.9755019433120509
50127,0.9755264291258319
50128,0.9755508904660359
50129,0.9755753273571244
50130,0.9755997398235341
50131,0.9756241278896775
50132,0.9756484915799426
50133,0.9756728309186933
50134,0.9756971459302688
50135,0.9757214366389841
50136,0.9757457030691301
50137,0.9757699452449731
50138,0.9757941631907552
50139,0.9758183569306944
50140,0.9758425264889846
50141,0.9758666718897953
50142,0.9758907931572717
50143,0.9759148903155352
50144,0.9759389633886831
50145,0.9759630124007884
50146,0.9759870373759001
50147,0.9760110383380431
50148,0.9760350153112185
50149,0.9760589683194032
50150,0.9760828973865502
50151,0.9761068025365887
50152,0.9761306837934236
50153,0.9761545411809365
50154,0.9761783747229845
50155,0.9762021844434013
50156,0.9762259703659967
50157,0.9762497325145564
50158,0.9762734709128427
50159,0.976297185584594
50160,0.976320876553525
50161,0.9763445438433265
50162,0.976368187477666
50163,0.9763918074801871
50164,0.9764154038745098
50165,0.9764389766842304
50166,0.9764625259329218
50167,0.9764860516441333
50168,0.9765095538413905
50169,0.9765330325481957
50170,0.9765564877880276
50171,0.9765799195843414
50172,0.9766033279605689
50173,0.9766267129401186
50174,0.9766500745463753
50175,0.9756739125528258
50176,0.9756982264833077
50177,0.9757225161120101
50178,0.9757467814632225
50179,0.9757710225612103
50180,0.9757952394302146
50181,0.9758194320944523
50182,0.975843600578116
50183,0.9758677449053743
50184,0.9758918651003714
50185,0.9759159611872276
50186,0.975940033190039
50187,0.9759640811328775
50188,0.9759881050397912
50189,0.9760121049348038
50190,0.9760360808419155
50191,0.976060032785102
50192,0.9760839607883153
50193,0.9761078648754834
50194,0.9761317450705104
50195,0.9761556013972765
50196,0.9761794338796381
50197,0.9762032425414275
50198,0.9762270274064536
50199,0.9752512882486261
50200,0.9752760245922056
50201,0.9753007362118037
50202,0.9753254231321318
50203,0.9753500853778768
50204,0.975374722973701
50205,0.975399335944242
50206,0.9754239243141128
50207,0.9754484881079019
50208,0.9754730273501728
50209,0.975497542065465
50210,0.9755220322782931
50211,0.9755464980131474
50212,0.9755709392944936
50213,0.975595356146773
50214,0.9756197485944024
50215,0.9756441166617743
50216,0.9756684603732568
50217,0.9756927797531936
50218,0.975717074825904
50219,0.9757413456156832
50220,0.9757655921468019
50221,0.9757898144435068
50222,0.97581401253002
50223,0.9758381864305397
50224,0.9758623361692398
50225,0.97588646177027
50226,0.975910563257756
50227,0.9759346406557993
50228,0.9759586939884771
50229,0.9759827232798429
50230,0.976006728553926
50231,0.9760307098347317
50232,0.9760546671462412
50233,0.9760786005124119
50234,0.975103009707302
50235,0.9751278942553206
50236,0.9751527539312274
50237,0.9751775887598818
50238,0.9752023987661188
50239,0.9752271839747484
50240,0.9752519444105557
50241,0.9752766800983013
50242,0.9753013910627207
50243,0.9753260773285252
50244,0.9753507389204007
50245,0.975375375863009
50246,0.975399988180987
50247,0.975424575898947
50248,0.9754491390414768
50249,0.9754736776331395
50250,0.9754981916984737
50251,0.9755226812619935
50252,0.9755471463481884
50253,0.9755715869815236
50254,0.9755960031864396
50255,0.9756203949873526
50256,0.9756447624086546
50257,0.975669105474713
50258,0.9756934242098707
50259,0.9757177186384466
50260,0.975741988784735
50261,0.975766234673006
50262,0.9757904563275058
50263,0.9758146537724558
50264,0.9758388270320535
50265,0.9758629761304722
50266,0.975887101091861
50267,0.975911201940345
50268,0.9759352787000248
50269,0.9759593313949774
50270,0.9759833600492552
50271,0.9760073646868872
50272,0.9760313453318779
50273,0.9760553020082078
50274,0.9760792347398337
50275,0.9761031435506885
50276,0.9761270284646808
50277,0.9761508895056956
50278,0.976174726697594
50279,0.976198540064213
50280,0.9752228293794912
50281,0.9752475941677177
50282,0.9752723342035321
50283,0.9752970495116745
50284,0.9753217401168602
50285,0.9753464060437799
50286,0.9753710473170994
50287,0.9753956639614602
50288,0.9754202560014786
50289,0.975444823461747
50290,0.9744698661169576
50291,0.974495383492153
50292,0.9745208753627256
50293,0.9745463417541671
50294,0.974571782691944
50295,0.9745971982014973
50296,0.9746225883082424
50297,0.9746479530375696
50298,0.9746732924148434
50299,0.9746986064654032
50300,0.9747238952145632
50301,0.974749158687612
50302,0.9747743969098133
50303,0.9747996099064051
50304,0.9748247977026007
50305,0.9748499603235876
50306,0.9748750977945285
50307,0.9749002101405609
50308,0.9749252973867972
50309,0.9749503595583247
50310,0.9739758964303303
50311,0.974001907528351
50312,0.9740278926282727
50313,0.9740538517560805
50314,0.9740797849377336
50315,0.9741056921991652
50316,0.9741315735662824
50317,0.9741574290649668
50318,0.9741832587210738
50319,0.974209062560433
50320,0.9742348406088484
50321,0.9742605928920979
50322,0.9742863194359339
50323,0.9743120202660829
50324,0.9743376954082457
50325,0.9743633448880975
50326,0.9743889687312878
50327,0.9744145669634404
50328,0.9744401396101536
50329,0.9744656866970001
50330,0.9744912082495268
50331,0.9745167042932554
50332,0.974542174853682
50333,0.974567619956277
50334,0.9745930396264857
50335,0.9746184338897276
50336,0.9746438027713971
50337,0.974669146296863
50338,0.9746944644914688
50339,0.9747197573805327
50340,0.9747450249893478
50341,0.9747702673431815
50342,0.9747954844672763
50343,0.9748206763868492
50344,0.9748458431270922
50345,0.9748709847131721
50346,0.9748961011702304
50347,0.9749211925233836
50348,0.974946258797723
50349,0.974971300018315
50350,0.9749963162102008
50351,0.9750213073983964
50352,0.9750462736078933
50353,0.9750712148636576
50354,0.9750961311906304
50355,0.9751210226137282
50356,0.9751458891578425
50357,0.9751707308478397
50358,0.9751955477085614
50359,0.9752203397648247
50360,0.9752451070414215
50361,0.9752698495631192
50362,0.9752945673546604
50363,0.9753192604407627
50364,0.9753439288461192
50365,0.9753685725953984
50366,0.9753931917132441
50367,0.9754177862242753
50368,0.9754423561530866
50369,0.975466901524248
50370,0.9754914223623047
50371,0.9755159186917777
50372,0.9755403905371632
50373,0.9755648379229331
50374,0.9755892608735349
50375,0.9756136594133915
50376,0.9756380335669014
50377,0.9756623833584387
50378,0.9756867088123533
50379,0.9757110099529707
50380,0.9757352868045919
50381,0.9757595393914938
50382,0.9757837677379292
50383,0.9758079718681262
50384,0.975832151806289
50385,0.9758563075765976
50386,0.9758804392032077
50387,0.975904546710251
50388,0.975928630121835
50389,0.975952689462043
50390,0.9759767247549346
50391,0.9760007360245448
50392,0.9760247232948851
50393,0.9760486865899427
50394,0.9760726259336809
50395,0.9760965413500391
50396,0.9761204328629326
50397,0.976144300496253
50398,0.9761681442738679
50399,0.9761919642196212
50400,0.9762157603573327
50401,0.9762395327107987
50402,0.9762632813037914
50403,0.9762870061600595
50404,0.9763107073033278
50405,0.9763343847572975
50406,0.9763580385456461
50407,0.9763816686920272
50408,0.9754057749701961
50409,0.9754303569042588
50410,0.9754549142686724
50411,0.9754794470879941
50412,0.9755039553867567
50413,0.9755284391894686
50414,0.9755528985206136
50415,0.9755773334046509
50416,0.9756017438660156
50417,0.975626129929118
50418,0.9756504916183443
50419,0.975674828958056
50420,0.9756991419725907
50421,0.9757234306862612
50422,0.9757476951233565
50423,0.9757719353081407
50424,0.9757961512648542
50425,0.9758203430177129
50426,0.9758445105909086
50427,0.9758686540086089
50428,0.9758927732949572
50429,0.9759168684740727
50430,0.9759409395700506
50431,0.9759649866069621
50432,0.9759890096088542
50433,0.9760130085997498
50434,0.9760369836036481
50435,0.976060934644524
50436,0.9760848617463286
50437,0.9761087649329889
50438,0.9761326442284082
50439,0.9761564996564658
50440,0.976180331241017
50441,0.9762041390058935
50442,0.9762279229749031
50443,0.9762516831718298
50444,0.9762754196204336
50445,0.9762991323444512
50446,0.9763228213675952
50447,0.9763464867135546
50448,0.9763701284059948
50449,0.9763937464685575
50450,0.9764173409248608
50451,0.9764409117984991
50452,0.9764644591130434
50453,0.9764879828920409
50454,0.9765114831590154
50455,0.9765349599374671
50456,0.9765584132508729
50457,0.9765818431226861
50458,0.9766052495763367
50459,0.9766286326352309
50460,0.9766519923227519
50461,0.9766753286622594
50462,0.9766986416770896
50463,0.9767219313905559
50464,0.9767451978259476
50465,0.9767684410065314
50466,0.9757921607056753
50467,0.975816356447099
50468,0.975840528004873
50469,0.9758646754031689
50470,0.9758887986661342
50471,0.9759128978178921
50472,0.9759369728825419
50473,0.9759610238841585
50474,0.975985050846793
50475,0.9760090537944723
50476,0.9760330327511995
50477,0.9760569877409534
50478,0.9760809187876891
50479,0.9761048259153375
50480,0.9761287091478059
50481,0.9761525685089776
50482,0.9751769037728367
50483,0.9752017144637184
50484,0.9752265003563084
50485,0.9752512614753925
50486,0.9752759978457319
50487,0.975300709492063
50488,0.9753253964390974
50489,0.9753500587115221
50490,0.9753746963339994
50491,0.9753993093311668
50492,0.9754238977276374
50493,0.9754484615479996
50494,0.9754730008168172
50495,0.9754975155586295
50496,0.9755220057979512
50497,0.9755464715592727
50498,0.9755709128670594
50499,0.975595329745753
50500,0.9756197222197702
50501,0.9756440903135036
50502,0.9756684340513212
50503,0.9756927534575668
50504,0.9757170485565597
50505,0.9757413193725951
50506,0.9757655659299439
50507,0.9757897882528525
50508,0.9758139863655433
50509,0.9758381602922144
50510,0.9758623100570397
50511,0.9758864356841691
50512,0.9759105371977281
50513,0.9759346146218184
50514,0.9759586679805172
50515,0.975982697297878
50516,0.9760067025979301
50517,0.9760306839046788
50518,0.9760546412421055
50519,0.9760785746341674
50520,0.9761024841047978
50521,0.9761263696779064
50522,0.9761502313773788
50523,0.9761740692270765
50524,0.9761978832508376
50525,0.9762216734724759
50526,0.9762454399157817
50527,0.9762691826045216
50528,0.9762929015624381
50529,0.9763165968132502
50530,0.9763402683806532
50531,0.9763639162883188
50532,0.9763875405598946
50533,0.9764111412190052
50534,0.9764347182892511
50535,0.9764582717942094
50536,0.9764818017574336
50537,0.9765053082024536
50538,0.976528791152776
50539,0.9765522506318837
50540,0.9765756866632361
50541,0.9765990992702693
50542,0.976622488476396
50543,0.9756463540551302
50544,0.9756706955303375
50545,0.9756950126762342
50546,0.9757193055171375
50547,0.9757435740773402
50548,0.975767818381111
50549,0.9757920384526941
50550,0.9758162343163096
50551,0.9748409057462784
50552,0.9748660522672716
50553,0.9748911736543109
50554,0.9749162699325175
50555,0.9749413411269877
50556,0.9749663872627928
50557,0.974991408364979
50558,0.9750164044585672
50559,0.9750413755685536
50560,0.9750663217199094
50561,0.9750912429375806
50562,0.9751161392464887
50563,0.9751410106715297
50564,0.9751658572375751
50565,0.9751906789694715
50566,0.9752154758920408
50567,0.9752402480300798
50568,0.9752649954083605
50569,0.9752897180516306
50570,0.9753144159846124
50571,0.9753390892320041
50572,0.9753637378184788
50573,0.9753883617686853
50574,0.9754129611072473
50575,0.9754375358587642
50576,0.9754620860478109
50577,0.9754866116989376
50578,0.9755111128366698
50579,0.9755355894855087
50580,0.9755600416699309
50581,0.9755844694143888
50582,0.97560887274331
50583,0.9756332516810978
50584,0.9756576062521312
50585,0.9756819364807647
50586,0.9757062423913286
50587,0.9757305240081289
50588,0.9757547813554471
50589,0.9757790144575407
50590,0.9758032233386426
50591,0.9758274080229618
50592,0.9748520682848079
50593,0.974877203648841
50594,0.9749023138900715
50595,0.9749273990336097
50596,0.9749524591045406
50597,0.9749774941279244
50598,0.9750025041287961
50599,0.9750274891321656
50600,0.975052449163018
50601,0.9750773842463134
50602,0.9751022944069867
50603,0.9751271796699482
50604,0.9751520400600832
50605,0.975176875602252
50606,0.9752016863212902
50607,0.9752264722420085
50608,0.975251233389193
50609,0.9752759697876046
50610,0.9753006814619798
50611,0.9753253684370303
50612,0.9753500307374431
50613,0.9753746683878805
50614,0.97539928141298
50615,0.9754238698373549
50616,0.9754484336855934
50617,0.9754729729822595
50618,0.9744979875020174
50619,0.9745234767698815
50620,0.974548940561216
50621,0.9745743789014847
50622,0.9745997918161259
50623,0.9746251793305526
50624,0.9746505414701523
50625,0.9736763780104121
50626,0.9737026884771682
50627,0.9737289726466063
50628,0.9737552305450105
50629,0.9737814621986386
50630,0.9738076676337224
50631,0.9738338468764673
50632,0.9738599999530526
50633,0.9738861268896313
50634,0.9739122277123303
50635,0.9739383024472505
50636,0.9739643511204666
50637,0.9739903737580274
50638,0.9740163703859555
50639,0.9740423410302473
50640,0.9740682857168738
50641,0.9740942044717794
50642,0.9731205970710081
50643,0.9731474630409521
50644,0.9731743021583524
50645,0.9732011144500482
50646,0.9732278999428517
50647,0.9732546586635485
50648,0.9732813906388973
50649,0.97330809589563
50650,0.973334774460452
50651,0.9733614263600417
50652,0.9733880516210512
50653,0.9734146502701057
50654,0.9734412223338037
50655,0.9734677678387175
50656,0.9734942868113924
50657,0.9735207792783475
50658,0.9735472452660753
50659,0.9735736848010417
50660,0.9736000979096863
50661,0.9736264846184222
50662,0.9736528449536361
50663,0.9736791789416884
50664,0.9737054866089131
50665,0.9737317679816179
50666,0.9737580230860841
50667,0.9737842519485668
50668,0.9738104545952948
50669,0.9738366310524709
50670,0.9738627813462715
50671,0.9738889055028469
50672,0.9739150035483213
50673,0.9739410755087927
50674,0.9739671214103331
50675,0.9739931412789885
50676,0.9740191351407786
50677,0.9740451030216974
50678,0.9740710449477128
50679,0.9740969609447665
50680,0.9741228510387747
50681,0.9741487152556275
50682,0.9741745536211891
50683,0.9742003661612979
50684,0.9732266526518913
50685,0.9732534126192558
50686,0.9732801458400262
50687,0.9733068523409357
50688,0.9733335321486909
50689,0.9733601852899716
50690,0.9733868117914309
50691,0.9734134116796954
50692,0.9734399849813649
50693,0.9734665317230127
50694,0.9734930519311856
50695,0.9735195456324038
50696,0.973546012853161
50697,0.9735724536199245
50698,0.973598867959135
50699,0.9736252558972068
50700,0.973651617460528
50701,0.97367795267546
50702,0.9737042615683381
50703,0.9737305441654712
50704,0.973756800493142
50705,0.9737830305776066
50706,0.9738092344450953
50707,0.9738354121218118
50708,0.973861563633934
50709,0.9738876890076131
50710,0.9739137882689748
50711,0.9739398614441183
50712,0.9739659085591167
50713,0.9739919296400171
50714,0.9740179247128407
50715,0.9740438938035825
50716,0.9740698369382116
50717,0.9740957541426711
50718,0.9741216454428784
50719,0.9741475108647246
50720,0.9741733504340753
50721,0.9741991641767699
50722,0.9742249521186221
50723,0.9742507142854201
50724,0.9742764507029259
50725,0.974302161396876
50726,0.9743278463929811
50727,0.9743535057169261
50728,0.9743791393943705
50729,0.9744047474509479
50730,0.9744303299122662
50731,0.9744558868039082
50732,0.9744814181514305
50733,0.9745069239803646
50734,0.9745324043162163
50735,0.974557859184466
50736,0.9745832886105685
50737,0.9746086926199533
50738,0.9736345709881493
50739,0.9736609232410347
50740,0.9726877489049617
50741,0.9727150475067559
50742,0.9727423188235906
50743,0.9727695628827374
50744,0.9727967797114403
50745,0.9728239693369162
50746,0.9728511317863545
50747,0.9728782670869179
50748,0.9729053752657416
50749,0.9729324563499337
50750,0.9729595103665755
50751,0.9729865373427208
50752,0.9730135373053967
50753,0.9730405102816032
50754,0.9730674562983133
50755,0.9730943753824729
50756,0.9731212675610011
50757,0.9731481328607903
50758,0.9731749713087056
50759,0.9732017829315854
50760,0.9732285677562416
50761,0.9732553258094587
50762,0.973282057117995
50763,0.9733087617085817
50764,0.9733354396079235
50765,0.9733620908426982
50766,0.972389215189682
50767,0.9724168121759992
50768,0.9714448813292466
50769,0.9714734221774932
50770,0.9715019344991549
50771,0.9715304183227439
50772,0.9715588736767441
50773,0.971587300589611
50774,0.9716156990897713
50775,0.9716440692056236
50776,0.971672410965538
50777,0.9717007243978564
50778,0.971729009530892
50779,0.9717572663929301
50780,0.9717854950122276
50781,0.9718136954170129
50782,0.9718418676354866
50783,0.9708705114459459
50784,0.9708996263770344
50785,0.970928712207742
50786,0.9709577689671546
50787,0.9709867966843289
50788,0.9710157953882925
50789,0.9710447651080444
50790,0.971073705872554
50791,0.9711026177107623
50792,0.9711315006515812
50793,0.9711603547238934
50794,0.9711891799565532
50795,0.9702184761285106
50796,0.9702482427690619
50797,0.9702779796578483
50798,0.9703076868246071
50799,0.9703373642990453
50800,0.9703670121108403
50801,0.9703966302896401
50802,0.9704262188650628
50803,0.9704557778666969
50804,0.9704853073241015
50805,0.9705148072668061
50806,0.9705442777243105
50807,0.9705737187260853
50808,0.9706031303015715
50809,0.9706325124801807
50810,0.970661865291295
50811,0.9706911887642672
50812,0.9707204829284208
50813,0.9707497478130501
50814,0.9697794831975448
50815,0.9698096886116402
50816,0.9698398638354166
50817,0.9688705086491743
50818,0.9689016225835579
50819,0.9689327054195563
50820,0.9689637571882525
50821,0.968994777920698
50822,0.9690257676479137
50823,0.9690567264008894
50824,0.9690876542105836
50825,0.9691185511079243
50826,0.9691494171238084
50827,0.969180252289102
50828,0.9692110566346401
50829,0.9692418301912272
50830,0.9682730727397617
50831,0.9683047838114861
50832,0.9683364631879864
50833,0.9683681109009419
50834,0.9683997269820004
50835,0.9684313114627779
50836,0.9684628643748592
50837,0.9684943857497968
50838,0.9685258756191124
50839,0.9685573340142957
50840,0.9685887609668051
50841,0.9686201565080677
50842,0.9686515206694789
50843,0.968682853482403
50844,0.9687141549781727
50845,0.9687454251880896
50846,0.9687766641434238
50847,0.9688078718754144
50848,0.968839048415269
50849,0.9688701937941643
50850,0.9689013080432456
50851,0.9689323911936272
50852,0.9689634432763922
50853,0.9689944643225926
50854,0.9690254543632497
50855,0.9690564134293534
50856,0.9690873415518628
50857,0.969118238761706
50858,0.9691491050897802
50859,0.9691799405669519
50860,0.9692107452240564
50861,0.9692415190918984
50862,0.9692722622012518
50863,0.9693029745828597
50864,0.9693336562674346
50865,0.969364307285658
50866,0.9693949276681811
50867,0.9694255174456242
50868,0.9694560766485771
50869,0.968487105057724
50870,0.968518602204093
50871,0.9685500678690564
50872,0.9685815020840798
50873,0.9686129048805975
50874,0.9686442762900122
50875,0.9686756163436953
50876,0.968706925072987
50877,0.9687382025091958
50878,0.9687694486835995
50879,0.968800663627444
50880,0.9688318473719443
50881,0.9688629999482842
50882,0.9688941213876162
50883,0.9679257114711868
50884,0.9679577697305859
50885,0.9679897959477467
50886,0.9680217901546955
50887,0.9680537523834264
50888,0.9670861824160267
50889,0.9671190797849263
50890,0.9671519442728974
50891,0.9671847759128046
50892,0.9672175747374795
50893,0.9672503407797209
50894,0.967283074072295
50895,0.9673157746479348
50896,0.9673484425393412
50897,0.9673810777791819
50898,0.9674136804000922
50899,0.9674462504346748
50900,0.9674787879154997
50901,0.9675112928751044
50902,0.9675437653459938
50903,0.9675762053606405
50904,0.9676086129514844
50905,0.9676409881509331
50906,0.967673330991362
50907,0.9677056415051137
50908,0.967737919724499
50909,0.9677701656817959
50910,0.9678023794092503
50911,0.9678345609390762
50912,0.967866710303455
50913,0.9678988275345359
50914,0.9679309126644364
50915,0.9679629657252415
50916,0.9679949867490044
50917,0.968026975767746
50918,0.9680589328134553
50919,0.9670913576682145
50920,0.9671242498644482
50921,0.9671571091849236
50922,0.9671899356624999
50923,0.9672227293300036
50924,0.9672554902202285
50925,0.9672882183659354
50926,0.9673209137998525
50927,0.9673535765546752
50928,0.9673862066630664
50929,0.967418804157656
50930,0.9674513690710417
50931,0.9674839014357882
50932,0.9675164012844281
50933,0.9675488686494611
50934,0.9675813035633547
50935,0.9676137060585438
50936,0.9676460761674308
50937,0.9676784139223858
50938,0.9677107193557468
50939,0.967742992499819
50940,0.9677752333868757
50941,0.9678074420491576
50942,0.9678396185188736
50943,0.9678717628282
50944,0.9679038750092812
50945,0.9679359550942295
50946,0.9679680031151248
50947,0.9680000191040152
50948,0.9680320030929168
50949,0.9680639551138135
50950,0.9680958751986573
50951,0.9681277633793682
50952,0.9681596196878346
50953,0.9681914441559127
50954,0.9682232368154271
50955,0.9682549976981702
50956,0.9682867268359032
50957,0.9683184242603551
50958,0.9683500900032233
50959,0.9683817240961735
50960,0.96841332657084
50961,0.9684448974588252
50962,0.9684764367916999
50963,0.9685079446010035
50964,0.968539420918244
50965,0.9685708657748974
50966,0.9686022792024087
50967,0.9686336612321914
50968,0.9686650118956275
50969,0.9686963312240676
50970,0.9687276192488312
50971,0.9687588760012062
50972,0.9687901015124494
50973,0.9688212958137863
50974,0.9688524589364111
50975,0.9688835909114872
50976,0.9689146917701464
50977,0.9689457615434897
50978,0.9689768002625866
50979,0.9690078079584761
50980,0.9690387846621658
50981,0.9690697304046324
50982,0.9691006452168217
50983,0.9691315291296485
50984,0.9691623821739966
50985,0.9691932043807193
50986,0.9682244955307636
50987,0.9682562551554206
50988,0.9682879830363247
50989,0.9683196792052039
50990,0.9683513436937544
50991,0.9683829765336407
50992,0.9684145777564956
50993,0.9684461473939204
50994,0.9684776854774847
50995,0.9685091920387265
50996,0.9685406671091527
50997,0.968572110720238
50998,0.9686035229034261
50999,0.9686349036901293
51000,0.9686662531117284
51001,0.9686975711995728
51002,0.9687288579849805
51003,0.9687601134992384
51004,0.9687913377736019
51005,0.9688225308392955
51006,0.9688536927275121
51007,0.9688848234694136
51008,0.9689159230961308
51009,0.9689469916387634
51010,0.9689780291283798
51011,0.9690090355960176
51012,0.9690400110726832
51013,0.9690709555893522
51014,0.969101869176969
51015,0.9691327518664473
51016,0.9691636036886697
51017,0.9691944246744881
51018,0.9692252148547236
51019,0.9692559742601661
51020,0.9692867029215751
51021,0.9693174008696795
51022,0.9693480681351772
51023,0.9693787047487352
51024,0.9694093107409903
51025,0.9694398861425486
51026,0.9694704309839853
51027,0.9695009452958454
51028,0.9695314291086432
51029,0.9695618824528625
51030,0.9695923053589566
51031,0.9696226978573484
51032,0.9696530599784305
51033,0.969683391752565
51034,0.9697136932100837
51035,0.9697439643812881
51036,0.9697742052964492
51037,0.969804415985808
51038,0.9698345964795754
51039,0.9698647468079317
51040,0.9698948670010272
51041,0.9699249570889822
51042,0.9699550171018868
51043,0.9699850470698009
51044,0.9700150470227547
51045,0.9700450169907479
51046,0.9700749570037506
51047,0.9701048670917028
51048,0.9701347472845148
51049,0.9701645976120665
51050,0.9701944181042084
51051,0.9702242087907609
51052,0.9702539697015148
51053,0.970283700866231
51054,0.9703134023146405
51055,0.9703430740764449
51056,0.970372716181316
51057,0.970402328658896
51058,0.9704319115387972
51059,0.9704614648506025
51060,0.9704909886238653
51061,0.9705204828881093
51062,0.9705499476728289
51063,0.9705793830074887
51064,0.9706087889215241
51065,0.9706381654443412
51066,0.9706675126053164
51067,0.9706968304337968
51068,0.9707261189591004
51069,0.9707553782105156
51070,0.9707846082173017
51071,0.9708138090086887
51072,0.9708429806138774
51073,0.9708721230620394
51074,0.9709012363823172
51075,0.9709303206038241
51076,0.9709593757556444
51077,0.9709884018668331
51078,0.9710173989664165
51079,0.9710463670833915
51080,0.9710753062467264
51081,0.9711042164853604
51082,0.9711330978282036
51083,0.9711619503041374
51084,0.9711907739420144
51085,0.9712195687706581
51086,0.9712483348188633
51087,0.9712770721153962
51088,0.971305780688994
51089,0.9713344605683653
51090,0.9713631117821899
51091,0.9713917343591193
51092,0.9714203283277758
51093,0.9714488937167536
51094,0.9714774305546179
51095,0.9715059388699057
51096,0.9715344186911251
51097,0.9715628700467561
51098,0.9715912929652502
51099,0.97161968747503
51100,0.9716480536044902
51101,0.971676391381997
51102,0.9717047008358881
51103,0.9717329819944729
51104,0.9717612348860326
51105,0.9717894595388202
51106,0.9718176559810603
51107,0.9718458242409493
51108,0.9718739643466555
51109,0.971902076326319
51110,0.9719301602080518
51111,0.9719582160199378
51112,0.9719862437900328
51113,0.9720142435463647
51114,0.972042215316933
51115,0.9720701591297097
51116,0.9720980750126386
51117,0.9721259629936354
51118,0.9721538231005883
51119,0.9721816553613574
51120,0.9722094598037748
51121,0.9722372364556451
51122,0.9722649853447449
51123,0.9722927064988232
51124,0.9723203999456009
51125,0.9723480657127718
51126,0.9723757038280014
51127,0.972403314318928
51128,0.972430897213162
51129,0.9724584525382863
51130,0.9724859803218563
51131,0.9725134805913996
51132,0.9725409533744167
51133,0.9725683986983803
51134,0.9725958165907358
51135,0.9726232070789009
51136,0.9726505701902664
51137,0.9726779059521952
51138,0.9727052143920231
51139,0.9727324955370585
51140,0.9727597494145828
51141,0.9727869760518495
51142,0.9728141754760855
51143,0.9728413477144903
51144,0.9728684927942359
51145,0.9728956107424676
51146,0.9729227015863031
51147,0.9729497653528335
51148,0.9729768020691225
51149,0.9730038117622068
51150,0.9730307944590962
51151,0.9730577501867733
51152,0.9730846789721939
51153,0.9731115808422867
51154,0.9721389555740785
51155,0.9721668026949439
51156,0.9721946219826052
51157,0.9722224134648815
51158,0.9722501771695643
51159,0.9722779131244174
51160,0.9723056213571766
51161,0.9723333018955502
51162,0.9723609547672188
51163,0.9713890797499602
51164,0.9714176763718994
51165,0.9704467441616326
51166,0.9704762826482276
51167,0.970505791611098
51168,0.9705352710797526
51169,0.9705647210836709
51170,0.9705941416523028
51171,0.9706235328150692
51172,0.970652894601361
51173,0.97068222704054
51174,0.9707115301619387
51175,0.9707408039948603
51176,0.9707700485685786
51177,0.9707992639123382
51178,0.9708284500553543
51179,0.9708576070268132
51180,0.9708867348558718
51181,0.9709158335716581
51182,0.9699454029533956
51183,0.9699754425306536
51184,0.9700054520833465
51185,0.9700354316414841
51186,0.9700653812350458
51187,0.9700953008939813
51188,0.9701251906482102
51189,0.9701550505276223
51190,0.9701848805620774
51191,0.9702146807814057
51192,0.9702444512154073
51193,0.9702741918938527
51194,0.9703039028464825
51195,0.9703335841030077
51196,0.9703632356931097
51197,0.9703928576464399
51198,0.9704224499926204
51199,0.9704520127612435
51200,0.970481545981872
51201,0.970511049684039
51202,0.9705405238972483
51203,0.9705699686509742
51204,0.9705993839746614
51205,0.9706287698977252
51206,0.9706581264495515
51207,0.970687453659497
51208,0.9707167515568889
51209,0.9707460201710248
51210,0.9707752595311737
51211,0.9708044696665749
51212,0.9708336506064383
51213,0.9708628023799452
51214,0.9708919250162471
51215,0.9709210185444668
51216,0.9699505827438226
51217,0.9699806171438787
51218,0.9700106215245445
51219,0.9700405959158244
51220,0.9700705403476926
51221,0.9701004548500937
51222,0.9691308392030671
51223,0.969161692936997
51224,0.9691925158326122
51225,0.9692233079207355
51226,0.9692540692321591
51227,0.9692847997976441
51228,0.9683159993980464
51229,0.968347667564565
51230,0.9683793040787434
51231,0.9684109089722179
51232,0.9684424822765936
51233,0.9684740240234435
51234,0.9685055342443096
51235,0.9685370129707022
51236,0.9685684602340997
51237,0.9685998760659497
51238,0.9686312604976679
51239,0.9686626135606388
51240,0.9686939352862154
51241,0.9687252257057194
51242,0.9687564848504413
51243,0.9687877127516402
51244,0.9688189094405442
51245,0.9688500749483497
51246,0.9688812093062225
51247,0.9689123125452967
51248,0.9689433846966757
51249,0.9689744257914317
51250,0.9690054358606056
51251,0.9690364149352078
51252,0.969067363046217
51253,0.9690982802245816
51254,0.9691291665012186
51255,0.9691600219070144
51256,0.9691908464728245
51257,0.9692216402294733
51258,0.9692524032077547
51259,0.9692831354384317
51260,0.9693138369522364
51261,0.9693445077798704
51262,0.9693751479520044
51263,0.9694057574992788
51264,0.969436336452303
51265,0.969466884841656
51266,0.9694974026978862
51267,0.9695278900515115
51268,0.9685588466831442
51269,0.9685902721237407
51270,0.9686216661546015
51271,0.9686530288071207
51272,0.9686843601126608
51273,0.9687156601025532
51274,0.9687469288080979
51275,0.9687781662605636
51276,0.9688093724911877
51277,0.9688405475311765
51278,0.9688716914117051
51279,0.9689028041639174
51280,0.9689338858189259
51281,0.9689649364078126
51282,0.9689959559616278
51283,0.9690269445113913
51284,0.9690579020880915
51285,0.9690888287226861
51286,0.9691197244461017
51287,0.969150589289234
51288,0.969181423282948
51289,0.9692122264580775
51290,0.9692429988454258
51291,0.9692737404757652
51292,0.9693044513798375
51293,0.9693351315883534
51294,0.9693657811319932
51295,0.9693964000414065
51296,0.9694269883472122
51297,0.9694575460799986
51298,0.9694880732703234
51299,0.9695185699487139
51300,0.9695490361456667
51301,0.9695794718916481
51302,0.9696098772170937
51303,0.9696402521524089
51304,0.9696705967279687
51305,0.9697009109741177
51306,0.9697311949211701
51307,0.9697614485994098
51308,0.9697916720390906
51309,0.9698218652704358
51310,0.9698520283236387
51311,0.9698821612288625
51312,0.96991226401624
51313,0.9699423367158739
51314,0.9699723793578371
51315,0.9700023919721721
51316,0.9700323745888916
51317,0.9690628269881031
51318,0.9690937487002589
51319,0.9691246395061557
51320,0.9691554994366842
51321,0.9691863285227045
51322,0.9692171267950456
51323,0.9692478942845058
51324,0.9692786310218525
51325,0.9693093370378227
51326,0.9693400123631223
51327,0.9693706570284265
51328,0.9694012710643801
51329,0.9694318545015971
51330,0.9694624073706609
51331,0.9694929297021245
51332,0.9695234215265102
51333,0.9695538828743098
51334,0.9695843137759846
51335,0.9696147142619657
51336,0.9696450843626534
51337,0.9696754241084179
51338,0.9697057335295989
51339,0.9697360126565058
51340,0.9697662615194178
51341,0.9697964801485838
51342,0.9698266685742224
51343,0.969856826826522
51344,0.9698869549356409
51345,0.9699170529317073
51346,0.969947120844819
51347,0.9699771587050441
51348,0.9700071665424204
51349,0.9700371443869557
51350,0.9700670922686279
51351,0.9700970102173848
51352,0.9701268982631446
51353,0.9701567564357951
51354,0.9701865847651946
51355,0.9702163832811714
51356,0.970246152013524
51357,0.9702758909920213
51358,0.9703056002464021
51359,0.9693357795565006
51360,0.9693664284524961
51361,0.9693970467149124
51362,0.9694276343743679
51363,0.96945819146145
51364,0.9694887180067159
51365,0.9695192140406922
51366,0.969549679593875
51367,0.9695801146967297
51368,0.9696105193796914
51369,0.969640893673165
51370,0.9696712376075246
51371,0.9697015512131143
51372,0.9697318345202476
51373,0.9697620875592079
51374,0.9697923103602482
51375,0.9698225029535912
51376,0.9698526653694297
51377,0.9698827976379261
51378,0.9699128997892125
51379,0.9699429718533912
51380,0.9699730138605342
51381,0.9700030258406837
51382,0.9700330078238514
51383,0.9700629598400194
51384,0.9700928819191399
51385,0.9701227740911348
51386,0.9701526363858962
51387,0.9701824688332866
51388,0.9702122714631384
51389,0.9702420443052542
51390,0.9702717873894069
51391,0.9703015007453395
51392,0.9703311844027654
51393,0.9703608383913683
51394,0.9703904627408022
51395,0.9704200574806915
51396,0.9704496226406308
51397,0.9704791582501854
51398,0.9705086643388908
51399,0.9705381409362532
51400,0.9705675880717493
51401,0.970597005774826
51402,0.9706263940749011
51403,0.970655753001363
51404,0.9706850825835706
51405,0.9707143828508533
51406,0.9707436538325116
51407,0.9707728955578164
51408,0.9708021080560095
51409,0.9708312913563034
51410,0.9708604454878813
51411,0.9708895704798974
51412,0.9709186663614767
51413,0.9709477331617151
51414,0.9709767709096794
51415,0.9710057796344074
51416,0.9710347593649077
51417,0.9710637101301601
51418,0.9710926319591154
51419,0.9711215248806956
51420,0.9711503889237934
51421,0.9711792241172729
51422,0.9712080304899693
51423,0.9712368080706889
51424,0.9712655568882095
51425,0.9712942769712798
51426,0.9713229683486199
51427,0.9713516310489211
51428,0.9713802651008462
51429,0.9714088705330293
51430,0.9714374473740757
51431,0.9714659956525623
51432,0.9714945153970375
51433,0.971523006636021
51434,0.971551469398004
51435,0.9715799037114492
51436,0.971608309604791
51437,0.9716366871064355
51438,0.9716650362447599
51439,0.9716933570481134
51440,0.971721649544817
51441,0.971749913763163
51442,0.9717781497314157
51443,0.9718063574778111
51444,0.9718345370305569
51445,0.9718626884178327
51446,0.9718908116677899
51447,0.9719189068085518
51448,0.9709474736183383
51449,0.9709765116257163
51450,0.9710055206095987
51451,0.9710345005989943
51452,0.9710634516228834
51453,0.9710923737102168
51454,0.9711212668899167
51455,0.9711501311908763
51456,0.9711789666419599
51457,0.9712077732720029
51458,0.971236551109812
51459,0.971265300184165
51460,0.971294020523811
51461,0.9713227121574703
51462,0.9713513751138347
51463,0.971380009421567
51464,0.9704091148594265
51465,0.9704386909565185
51466,0.970468237492294
51467,0.9704977544962997
51468,0.9705272419980525
51469,0.97055670002704
51470,0.9705861286127201
51471,0.9706155277845214
51472,0.9706448975718432
51473,0.9706742380040553
51474,0.970703549110498
51475,0.9707328309204826
51476,0.9707620834632907
51477,0.970791306768175
51478,0.9708205008643588
51479,0.970849665781036
51480,0.9708788015473718
51481,0.970907908192502
51482,0.9709369857455329
51483,0.9709660342355424
51484,0.9709950536915788
51485,0.9710240441426616
51486,0.9710530056177814
51487,0.9710819381458996
51488,0.9711108417559486
51489,0.9711397164768323
51490,0.9711685623374251
51491,0.9711973793665731
51492,0.9712261675930933
51493,0.9712549270457739
51494,0.9712836577533743
51495,0.9703128594947503
51496,0.9703425317991033
51497,0.9703721744459808
51498,0.9704017874650253
51499,0.9704313708858499
51500,0.9704609247380379
51501,0.9704904490511433
51502,0.9705199438546904
51503,0.970549409178174
51504,0.9705788450510594
51505,0.9706082515027825
51506,0.9706376285627497
51507,0.9706669762603382
51508,0.9706962946248955
51509,0.9707255836857401
51510,0.9707548434721612
51511,0.9707840740134185
51512,0.9708132753387424
51513,0.9708424474773344
51514,0.9708715904583666
51515,0.9709007043109819
51516,0.9709297890642942
51517,0.9709588447473884
51518,0.97098787138932
51519,0.9710168690191158
51520,0.9710458376657733
51521,0.9710747773582613
51522,0.9711036881255194
51523,0.9711325699964584
51524,0.9711614229999601
51525,0.9711902471648777
51526,0.9712190425200352
51527,0.971247809094228
51528,0.9712765469162228
51529,0.9713052560147573
51530,0.9713339364185406
51531,0.9713625881562532
51532,0.9713912112565468
51533,0.9714198057480445
51534,0.9714483716593408
51535,0.9714769090190016
51536,0.9715054178555643
51537,0.9715338981975378
51538,0.9715623500734023
51539,0.9715907735116098
51540,0.9716191685405837
51541,0.971647535188719
51542,0.9716758734843824
51543,0.9717041834559123
51544,0.9717324651316185
51545,0.9717607185397827
51546,0.9717889437086585
51547,0.971817140666471
51548,0.971845309441417
51549,0.9718734500616655
51550,0.971901562555357
51551,0.971929646950604
51552,0.971957703275491
51553,0.9719857315580742
51554,0.972013731826382
51555,0.9720417041084145
51556,0.9720696484321443
51557,0.9720975648255155
51558,0.9721254533164445
51559,0.9721533139328199
51560,0.9721811467025022
51561,0.9722089516533243
51562,0.9722367288130911
51563,0.9722644782095797
51564,0.9722921998705397
51565,0.9723198938236925
51566,0.9723475600967323
51567,0.9723751987173253
51568,0.97240280971311
51569,0.9724303931116975
51570,0.9724579489406714
51571,0.9724854772275873
51572,0.9725129779999735
51573,0.9725404512853308
51574,0.9725678971111326
51575,0.9725953155048246
51576,0.9726227064938252
51577,0.9726500701055255
51578,0.972677406367289
51579,0.9727047153064522
51580,0.9727319969503238
51581,0.9727592513261855
51582,0.9727864784612917
51583,0.9728136783828697
51584,0.9728408511181192
51585,0.9728679966942131
51586,0.9728951151382969
51587,0.972922206477489
51588,0.9729492707388807
51589,0.9729763079495365
51590,0.9730033181364934
51591,0.9730303013267618
51592,0.9730572575473247
51593,0.9730841868251385
51594,0.9731110891871324
51595,0.9721384644103337
51596,0.9721663120221175
51597,0.9721941318002063
51598,0.97222192377242
51599,0.9722496879665505
51600,0.972277424410362
51601,0.9723051331315911
51602,0.9723328141579463
51603,0.9723604675171087
51604,0.9723880932367318
51605,0.9724156913444412
51606,0.972443261867835
51607,0.9714713045846088
51608,0.9714998190228051
51609,0.9715283049608133
51610,0.9715567624271194
51611,0.9715851914501807
51612,0.9716135920584265
51613,0.9716419642802571
51614,0.9716703081440449
51615,0.9716986236781338
51616,0.9717269109108393
51617,0.9717551698704486
51618,0.9717834005852208
51619,0.9718116030833865
51620,0.9718397773931483
51621,0.9718679235426804
51622,0.971896041560129
51623,0.9719241314736121
51624,0.9719521933112197
51625,0.9719802271010136
51626,0.9720082328710276
51627,0.9720362106492674
51628,0.9720641604637109
51629,0.9720920823423079
51630,0.9721199763129803
51631,0.972147842403622
51632,0.9721756806420991
51633,0.9722034910562499
51634,0.9722312736738848
51635,0.9722590285227866
51636,0.9722867556307098
51637,0.9723144550253817
51638,0.9723421267345018
51639,0.9723697707857417
51640,0.9723973872067455
51641,0.9724249760251296
51642,0.9724525372684828
51643,0.9724800709643664
51644,0.9725075771403141
51645,0.972535055823832
51646,0.9725625070423989
51647,0.9725899308234659
51648,0.9726173271944569
51649,0.9726446961827683
51650,0.972672037815769
51651,0.9726993521208007
51652,0.9727266391251778
51653,0.9727538988561871
51654,0.9727811313410885
51655,0.9728083366071144
51656,0.9728355146814701
51657,0.9728626655913337
51658,0.9728897893638562
51659,0.9729168860261611
51660,0.9729439556053453
51661,0.9729709981284784
51662,0.9729980136226029
51663,0.9730250021147342
51664,0.9730519636318609
51665,0.9730788982009445
51666,0.9731058058489196
51667,0.9731326866026938
51668,0.9731595404891479
51669,0.9731863675351358
51670,0.9732131677674845
51671,0.9732399412129942
51672,0.9732666878984385
51673,0.9732934078505641
51674,0.9733201010960907
51675,0.9733467676617118
51676,0.9733734075740939
51677,0.9734000208598769
51678,0.9734266075456741
51679,0.9734531676580722
51680,0.9734797012236314
51681,0.9735062082688851
51682,0.9735326888203405
51683,0.9735591429044781
51684,0.973585570547752
51685,0.9736119717765898
51686,0.9736383466173928
51687,0.9736646950965359
51688,0.9736910172403674
51689,0.9737173130752097
51690,0.9737435826273584
51691,0.9737698259230831
51692,0.9737960429886273
51693,0.9738222338502079
51694,0.9738483985340158
51695,0.9738745370662157
51696,0.9739006494729462
51697,0.9739267357803195
51698,0.9739527960144222
51699,0.9739788302013144
51700,0.9730053381171552
51701,0.9730323192884524
51702,0.9730592734920621
51703,0.9730862007549386
51704,0.9731131011040091
51705,0.973139974566174
51706,0.9731668211683068
51707,0.973193640937254
51708,0.9732204338998355
51709,0.9732472000828442
51710,0.9732739395130462
51711,0.9733006522171811
51712,0.9733273382219615
51713,0.9733539975540735
51714,0.9733806302401764
51715,0.9734072363069028
51716,0.973433815780859
51717,0.9734603686886242
51718,0.9734868950567515
51719,0.9735133949117672
51720,0.9735398682801712
51721,0.973566315188437
51722,0.9735927356630112
51723,0.9736191297303145
51724,0.973645497416741
51725,0.9736718387486583
51726,0.9736981537524078
51727,0.9737244424543045
51728,0.973750704880637
51729,0.9737769410576679
51730,0.9738031510116332
51731,0.973829334768743
51732,0.9738554923551811
51733,0.973881623797105
51734,0.973907729120646
51735,0.9739338083519098
51736,0.9739598615169753
51737,0.973985888641896
51738,0.9740118897526987
51739,0.9740378648753847
51740,0.974063814035929
51741,0.9740897372602809
51742,0.9741156345743636
51743,0.9741415060040743
51744,0.9741673515752847
51745,0.9741931713138401
51746,0.9742189652455604
51747,0.9742447333962395
51748,0.9742704757916456
51749,0.974296192457521
51750,0.9743218834195824
51751,0.9733480484536458
51752,0.973374687085876
51753,0.9734012990927867
51754,0.9734278845009898
51755,0.9734544433370708
51756,0.9734809756275884
51757,0.9735074813990751
51758,0.9735339606780365
51759,0.972560913241077
51760,0.9725883386151488
51761,0.9726157365775525
51762,0.9726431071556859
51763,0.9726704503769196
51764,0.9726977662685968
51765,0.9727250548580335
51766,0.9727523161725182
51767,0.9727795502393123
51768,0.9728067570856498
51769,0.9728339367387376
51770,0.9728610892257554
51771,0.9728882145738557
51772,0.9729153128101636
51773,0.9729423839617777
51774,0.9729694280557689
51775,0.9729964451191815
51776,0.9730234351790323
51777,0.9730503982623117
51778,0.9730773343959825
51779,0.9731042436069811
51780,0.9731311259222165
51781,0.9731579813685711
51782,0.9731848099729004
51783,0.9732116117620329
51784,0.9732383867627704
51785,0.973265135001888
51786,0.973291856506134
51787,0.9733185513022299
51788,0.9733452194168704
51789,0.9733718608767236
51790,0.973398475708431
51791,0.9734250639386074
51792,0.9734516255938411
51793,0.9734781607006938
51794,0.9735046692857007
51795,0.9735311513753702
51796,0.9735576069961844
51797,0.973584036174599
51798,0.9736104389370431
51799,0.9736368153099196
51800,0.9736631653196048
51801,0.9736894889924488
51802,0.9737157863547752
51803,0.9737420574328813
51804,0.9737683022530383
51805,0.9737945208414911
51806,0.9738207132244581
51807,0.9738468794281318
51808,0.9738730194786783
51809,0.9738991334022379
51810,0.9739252212249243
51811,0.9739512829728254
51812,0.973977318672003
51813,0.9740033283484928
51814,0.9740293120283043
51815,0.9740552697374215
51816,0.9740812015018019
51817,0.9741071073473773
51818,0.9741329873000536
51819,0.9741588413857107
51820,0.9741846696302028
51821,0.974210472059358
51822,0.9742362486989787
51823,0.9742619995748418
51824,0.9742877247126981
51825,0.9743134241382726
51826,0.9743390978772648
51827,0.9743647459553485
51828,0.9743903683981717
51829,0.974415965231357
51830,0.974441536480501
51831,0.9744670821711752
51832,0.9744926023289251
51833,0.9745180969792709
51834,0.9745435661477074
51835,0.9745690098597037
51836,0.9745944281407035
51837,0.9746198210161251
51838,0.9746451885113614
51839,0.9746705306517798
51840,0.9746958474627225
51841,0.9747211389695064
51842,0.974746405197423
51843,0.9747716461717384
51844,0.9747968619176937
51845,0.9748220524605046
51846,0.9748472178253617
51847,0.9748723580374302
51848,0.9748974731218506
51849,0.9749225631037378
51850,0.9749476280081819
51851,0.9749726678602477
51852,0.9749976826849751
51853,0.975022672507379
51854,0.975047637352449
51855,0.9750725772451503
51856,0.9750974922104225
51857,0.9751223822731807
51858,0.9751472474583149
51859,0.9751720877906904
51860,0.9751969032951475
51861,0.9752216939965017
51862,0.9752464599195437
51863,0.9752712010890394
51864,0.97529591752973
51865,0.975320609266332
51866,0.9753452763235371
51867,0.9753699187260123
51868,0.9753945364984001
51869,0.9754191296653183
51870,0.9754436982513599
51871,0.9754682422810936
51872,0.9754927617790635
51873,0.9755172567697891
51874,0.9755417272777653
51875,0.9755661733274628
51876,0.9755905949433273
51877,0.9756149921497808
51878,0.9746398647213452
51879,0.9746652121828931
51880,0.9746905343096469
51881,0.9747158311269286
51882,0.9747411026600351
51883,0.974766348934238
51884,0.9747915699747834
51885,0.9748167658068926
51886,0.9748419364557612
51887,0.97486708194656
51888,0.9748922023044345
51889,0.9749172975545051
51890,0.9749423677218669
51891,0.9749674128315902
51892,0.97499243290872
51893,0.9750174279782765
51894,0.9750423980652547
51895,0.9750673431946247
51896,0.9750922633913317
51897,0.9751171586802959
51898,0.9751420290864126
51899,0.9751668746345521
51900,0.9751916953495601
51901,0.9752164912562572
51902,0.9752412623794393
51903,0.9752660087438777
51904,0.9752907303743186
51905,0.9753154272954837
51906,0.9753400995320699
51907,0.9753647471087495
51908,0.9753893700501701
51909,0.9754139683809545
51910,0.9754385421257011
51911,0.9754630913089838
51912,0.9754876159553516
51913,0.9755121160893293
51914,0.975536591735417
51915,0.9755610429180902
51916,0.9755854696618003
51917,0.9756098719909739
51918,0.9756342499300135
51919,0.9756586035032968
51920,0.9756829327351776
51921,0.975707237649985
51922,0.975731518272024
51923,0.9757557746255752
51924,0.975780006734895
51925,0.9758042146242154
51926,0.9758283983177444
51927,0.9758525578396656
51928,0.9758766932141387
51929,0.975900804465299
51930,0.9759248916172577
51931,0.975948954694102
51932,0.975972993719895
51933,0.9759970087186757
51934,0.9760209997144591
51935,0.9750454664813613
51936,0.9750704085438486
51937,0.9750953256767383
51938,0.9751202179049474
51939,0.9751450852533683
51940,0.9751699277468682
51941,0.9751947454102896
51942,0.9752195382684502
51943,0.9752443063461429
51944,0.9752690496681358
51945,0.9752937682591721
51946,0.9753184621439706
51947,0.975343131347225
51948,0.9753677758936046
51949,0.9753923958077539
51950,0.9754169911142929
51951,0.9754415618378168
51952,0.9754661080028965
51953,0.975490629634078
51954,0.9755151267558829
51955,0.9755395993928085
51956,0.9755640475693275
51957,0.9755884713098879
51958,0.9756128706389136
51959,0.9756372455808037
51960,0.9756615961599333
51961,0.975685922400653
51962,0.975710224327289
51963,0.9757345019641434
51964,0.9757587553354935
51965,0.975782984465593
51966,0.9758071893786708
51967,0.9758313700989321
51968,0.9758555266505573
51969,0.9758796590577031
51970,0.975903767344502
51971,0.9759278515350622
51972,0.975951911653468
51973,0.9759759477237794
51974,0.9759999597700325
51975,0.9760239478162394
51976,0.9760479118863881
51977,0.9760718520044427
51978,0.9760957681943433
51979,0.9761196604800061
51980,0.9761435288853234
51981,0.9761673734341637
51982,0.9761911941503715
51983,0.9762149910577674
51984,0.9762387641801484
51985,0.9762625135412877
51986,0.9762862391649346
51987,0.9763099410748147
51988,0.97633361929463
51989,0.9763572738480587
51990,0.9763809047587553
51991,0.9754050118004757
51992,0.9754295944973268
51993,0.9754541526237662
51994,0.9754786862043522
51995,0.9755031952636182
51996,0.9755276798260734
51997,0.9755521399162023
51998,0.9755765755584649
51999,0.975600986777297
52000,0.9756253735971098
52001,0.9756497360422901
52002,0.9756740741372003
52003,0.9746988876563035
52004,0.9747241761244132
52005,0.9747494393166927
52006,0.9747746772584052
52007,0.9747998899747886
52008,0.9748250774910557
52009,0.974850239832394
52010,0.9748753770239659
52011,0.9749004890909084
52012,0.9749255760583339
52013,0.974950637951329
52014,0.9749756747949558
52015,0.9750006866142512
52016,0.975025673434227
52017,0.9750506352798699
52018,0.9750755721761419
52019,0.9751004841479799
52020,0.9751253712202957
52021,0.9751502334179766
52022,0.9751750707658846
52023,0.9751998832888572
52024,0.975224671011707
52025,0.9752494339592215
52026,0.9752741721561637
52027,0.9752988856272721
52028,0.9753235743972598
52029,0.9753482384908158
52030,0.9753728779326041
52031,0.9753974927472642
52032,0.9754220829594108
52033,0.9754466485936343
52034,0.9754711896745002
52035,0.9754957062265497
52036,0.9755201982742993
52037,0.975544665842241
52038,0.9755691089548424
52039,0.9755935276365467
52040,0.9756179219117725
52041,0.9756422918049142
52042,0.9756666373403416
52043,0.9756909585424003
52044,0.9757152554354114
52045,0.9757395280436718
52046,0.9757637763914543
52047,0.9757880005030071
52048,0.9758122004025543
52049,0.975836376114296
52050,0.9758605276624076
52051,0.9758846550710408
52052,0.9759087583643231
52053,0.9759328375663577
52054,0.975956892701224
52055,0.9759809237929769
52056,0.9760049308656475
52057,0.9760289139432431
52058,0.9760528730497466
52059,0.9760768082091172
52060,0.9761007194452901
52061,0.9761246067821764
52062,0.9761484702436635
52063,0.9761723098536148
52064,0.9761961256358701
52065,0.9762199176142451
52066,0.9762436858125317
52067,0.9762674302544982
52068,0.9762911509638891
52069,0.9763148479644249
52070,0.9763385212798028
52071,0.976362170933696
52072,0.9763857969497544
52073,0.9764093993516036
52074,0.9764329781628465
52075,0.9764565334070615
52076,0.976480065107804
52077,0.9765035732886058
52078,0.976527057972975
52079,0.9765505191843963
52080,0.9765739569463309
52081,0.9765973712822166
52082,0.9766207622154678
52083,0.9766441297694753
52084,0.9766674739676068
52085,0.9766907948332064
52086,0.9767140923895951
52087,0.9767373666600703
52088,0.9767606176679062
52089,0.9767838454363541
52090,0.9768070499886417
52091,0.9768302313479733
52092,0.9768533895375305
52093,0.9768765245804716
52094,0.9768996364999314
52095,0.9769227253190219
52096,0.976945791060832
52097,0.9769688337484274
52098,0.9769918534048507
52099,0.9770148500531217
52100,0.977037823716237
52101,0.9770607744171703
52102,0.9770837021788723
52103,0.9771066070242708
52104,0.9761299887263954
52105,0.9761538468086279
52106,0.9761776810447013
52107,0.9762014914584497
52108,0.9762252780736836
52109,0.9762490409141897
52110,0.9762727800037307
52111,0.9762964953660459
52112,0.9763201870248505
52113,0.9763438550038361
52114,0.9763674993266709
52115,0.976391120016999
52116,0.9764147170984413
52117,0.9764382905945947
52118,0.976461840529033
52119,0.9764853669253057
52120,0.9765088698069396
52121,0.9765323491974375
52122,0.9765558051202786
52123,0.9765792375989191
52124,0.9766026466567912
52125,0.9766260323173042
52126,0.9766493946038436
52127,0.9766727335397718
52128,0.9766960491484277
52129,0.9767193414531269
52130,0.9767426104771617
52131,0.9767658562438012
52132,0.9767890787762912
52133,0.9768122780978541
52134,0.9768354542316893
52135,0.976858607200973
52136,0.976881737028858
52137,0.9769048437384744
52138,0.9769279273529287
52139,0.9769509878953045
52140,0.9769740253886625
52141,0.9769970398560401
52142,0.9770200313204519
52143,0.9770429998048892
52144,0.9770659453323206
52145,0.9770888679256916
52146,0.9771117676079248
52147,0.9771346444019199
52148,0.9771574983305537
52149,0.97718032941668
52150,0.97720313768313
52151,0.9772259231527122
52152,0.9772486858482117
52153,0.9772714257923913
52154,0.9772941430079911
52155,0.9773168375177282
52156,0.9773395093442973
52157,0.9773621585103699
52158,0.9773847850385954
52159,0.9774073889516003
52160,0.9774299702719885
52161,0.9774525290223414
52162,0.9774750652252175
52163,0.9774975789031534
52164,0.9775200700786625
52165,0.977542538774236
52166,0.9775649850123428
52167,0.9775874088154289
52168,0.9776098102059183
52169,0.9776321892062122
52170,0.9776545458386897
52171,0.9776768801257075
52172,0.9776991920895999
52173,0.9777214817526787
52174,0.9777437491372337
52175,0.9777659942655323
52176,0.9777882171598197
52177,0.9778104178423186
52178,0.9778325963352298
52179,0.9778547526607319
52180,0.977876886840981
52181,0.9778989988981114
52182,0.9779210888542352
52183,0.9779431567314424
52184,0.9779652025518007
52185,0.9779872263373561
52186,0.9780092281101324
52187,0.9780312078921313
52188,0.9780531657053325
52189,0.978075101571694
52190,0.9780970155131515
52191,0.9781189075516191
52192,0.9781407777089888
52193,0.9771631257572556
52194,0.9771859512187676
52195,0.9772087538662251
52196,0.9772315337224308
52197,0.9772542908101645
52198,0.9772770251521833
52199,0.9772997367712216
52200,0.9773224256899911
52201,0.9773450919311805
52202,0.9773677355174561
52203,0.9773903564714617
52204,0.977412954815818
52205,0.9774355305731236
52206,0.9774580837659541
52207,0.9774806144168627
52208,0.9765036222985051
52209,0.9765271069338889
52210,0.9765505680963738
52211,0.9765740058094209
52212,0.976597420096468
52213,0.9766208109809293
52214,0.9766441784861958
52215,0.9766675226356348
52216,0.9766908434525907
52217,0.9767141409603842
52218,0.9767374151823128
52219,0.9767606661416508
52220,0.9767838938616491
52221,0.9768070983655355
52222,0.9768302796765145
52223,0.9768534378177673
52224,0.9768765728124522
52225,0.9768996846837041
52226,0.9759232732047599
52227,0.975947337899208
52228,0.9759713785409878
52229,0.9759953951541402
52230,0.9760193877626818
52231,0.9760433563906051
52232,0.9760673010618789
52233,0.9760912218004477
52234,0.9761151186302324
52235,0.9761389915751297
52236,0.9761628406590127
52237,0.9761866659057303
52238,0.9762104673391079
52239,0.9762342449829469
52240,0.9762579988610248
52241,0.9762817289970958
52242,0.9763054354148898
52243,0.9763291181381133
52244,0.976352777190449
52245,0.976376412595556
52246,0.9764000243770696
52247,0.9764236125586018
52248,0.9764471771637406
52249,0.9764707182160507
52250,0.9764942357390731
52251,0.9765177297563254
52252,0.9765412002913016
52253,0.9765646473674723
52254,0.9765880710082844
52255,0.9766114712371616
52256,0.9766348480775043
52257,0.9766582015526892
52258,0.9766815316860699
52259,0.9757053382511013
52260,0.97572962077159
52261,0.9757538790216933
52262,0.9757781130256696
52263,0.9758023228077529
52264,0.975826508392153
52265,0.9758506698030555
52266,0.9758748070646216
52267,0.9758989202009888
52268,0.9759230092362702
52269,0.9759470741945547
52270,0.9759711150999075
52271,0.9759951319763693
52272,0.9760191248479572
52273,0.9760430937386638
52274,0.9760670386724583
52275,0.9760909596732854
52276,0.9761148567650663
52277,0.9761387299716979
52278,0.9761625793170535
52279,0.9761864048249825
52280,0.9762102065193103
52281,0.9762339844238388
52282,0.9762577385623457
52283,0.9762814689585851
52284,0.9763051756362877
52285,0.97632885861916
52286,0.976352517930885
52287,0.976376153595122
52288,0.9763997656355067
52289,0.9764233540756511
52290,0.9764469189391437
52291,0.9764704602495493
52292,0.9764939780304094
52293,0.9765174723052416
52294,0.9765409430975401
52295,0.976564390430776
52296,0.9765878143283965
52297,0.9766112148138254
52298,0.9766345919104632
52299,0.9766579456416872
52300,0.9766812760308509
52301,0.9767045831012848
52302,0.9767278668762961
52303,0.9767511273791684
52304,0.9767743646331621
52305,0.9767975786615148
52306,0.9768207694874403
52307,0.9768439371341295
52308,0.9768670816247501
52309,0.9768902029824466
52310,0.9769133012303401
52311,0.9769363763915292
52312,0.9769594284890889
52313,0.9769824575460713
52314,0.9770054635855054
52315,0.9770284466303975
52316,0.9770514067037304
52317,0.9770743438284643
52318,0.9770972580275362
52319,0.9771201493238605
52320,0.9771430177403284
52321,0.9771658632998084
52322,0.9771886860251459
52323,0.9772114859391637
52324,0.9772342630646619
52325,0.9772570174244173
52326,0.9772797490411845
52327,0.9773024579376951
52328,0.9773251441366579
52329,0.9773478076607592
52330,0.9773704485326625
52331,0.9773930667750087
52332,0.977415662410416
52333,0.97743823546148
52334,0.9774607859507739
52335,0.9774833139008481
52336,0.9775058193342305
52337,0.9775283022734267
52338,0.9775507627409196
52339,0.9775732007591695
52340,0.9775956163506146
52341,0.9776180095376705
52342,0.9776403803427304
52343,0.977662728788165
52344,0.9776850548963227
52345,0.9777073586895298
52346,0.97772964019009
52347,0.9777518994202848
52348,0.9777741364023735
52349,0.9777963511585931
52350,0.9778185437111582
52351,0.9778407140822615
52352,0.9778628622940733
52353,0.9768854881188668
52354,0.9769085910792678
52355,0.976931670948254
52356,0.9769547277489053
52357,0.9769777615042787
52358,0.9770007722374079
52359,0.9770237599713035
52360,0.9770467247289534
52361,0.9770696665333223
52362,0.9770925854073519
52363,0.9771154813739612
52364,0.9771383544560462
52365,0.9771612046764799
52366,0.9771840320581127
52367,0.9772068366237717
52368,0.9772296183962617
52369,0.9772523773983643
52370,0.9772751136528387
52371,0.9772978271824211
52372,0.977320518009825
52373,0.9773431861577412
52374,0.977365831648838
52375,0.9773884545057606
52376,0.9774110547511322
52377,0.9774336324075529
52378,0.9774561874976003
52379,0.9774787200438296
52380,0.9775012300687733
52381,0.9775237175949415
52382,0.9775461826448216
52383,0.9775686252408787
52384,0.9775910454055555
52385,0.9776134431612721
52386,0.9776358185304262
52387,0.9776581715353934
52388,0.9776805021985264
52389,0.9777028105421561
52390,0.9777250965885907
52391,0.9777473603601164
52392,0.9777696018789969
52393,0.9777918211674737
52394,0.977814018247766
52395,0.9778361931420712
52396,0.9778583458725638
52397,0.9778804764613969
52398,0.9779025849307008
52399,0.9779246713025842
52400,0.9779467355991334
52401,0.9779687778424125
52402,0.9779907980544641
52403,0.9770132960074331
52404,0.9770362712238175
52405,0.9770592234764673
52406,0.977082152788335
52407,0.9771050591823497
52408,0.9771279426814178
52409,0.9771508033084229
52410,0.9771736410862255
52411,0.9771964560376636
52412,0.977219248185552
52413,0.9772420175526828
52414,0.9772647641618255
52415,0.9772874880357267
52416,0.9773101891971103
52417,0.9773328676686774
52418,0.9773555234731065
52419,0.9773781566330534
52420,0.9774007671711513
52421,0.9774233551100108
52422,0.9774459204722197
52423,0.9774684632803434
52424,0.9774909835569248
52425,0.977513481324484
52426,0.9775359566055191
52427,0.977558409422505
52428,0.9775808397978949
52429,0.9776032477541189
52430,0.977625633313585
52431,0.9776479964986788
52432,0.9776703373317637
52433,0.9776926558351802
52434,0.9777149520312469
52435,0.9777372259422602
52436,0.9777594775904939
52437,0.9777817069981996
52438,0.9778039141876066
52439,0.9778260991809223
52440,0.9778482620003317
52441,0.9778704026679975
52442,0.9778925212060605
52443,0.9779146176366391
52444,0.9779366919818299
52445,0.9779587442637071
52446,0.9779807745043231
52447,0.9780027827257081
52448,0.9780247689498702
52449,0.9780467331987959
52450,0.9780686754944492
52451,0.9780905958587726
52452,0.9781124943136863
52453,0.9781343708810889
52454,0.978156225582857
52455,0.9781780584408452
52456,0.9781998694768863
52457,0.9782216587127914
52458,0.9782434261703499
52459,0.978265171871329
52460,0.9782868958374746
52461,0.9783085980905106
52462,0.9783302786521393
52463,0.9783519375440412
52464,0.9783735747878752
52465,0.9783951904052787
52466,0.9784167844178671
52467,0.9784383568472345
52468,0.9784599077149534
52469,0.9784814370425746
52470,0.9785029448516275
52471,0.9785244311636199
52472,0.978545896000038
52473,0.9785673393823469
52474,0.9785887613319897
52475,0.9786101618703885
52476,0.9786315410189439
52477,0.9786528987990349
52478,0.9786742352320195
52479,0.9786955503392338
52480,0.9787168441419932
52481,0.9787381166615914
52482,0.978759367919301
52483,0.9787805979363732
52484,0.9788018067340379
52485,0.9788229943335042
52486,0.9788441607559595
52487,0.9788653060225703
52488,0.9788864301544817
52489,0.9789075331728181
52490,0.9789286150986823
52491,0.9789496759531564
52492,0.9789707157573012
52493,0.9789917345321565
52494,0.9790127322987411
52495,0.9790337090780526
52496,0.9790546648910681
52497,0.9790755997587431
52498,0.9790965137020128
52499,0.9791174067417909
52500,0.9791382788989705
52501,0.9791591301944238
52502,0.979179960649002
52503,0.9792007702835358
52504,0.9792215591188346
52505,0.9792423271756873
52506,0.9792630744748619
52507,0.979283801037106
52508,0.9793045068831459
52509,0.9793251920336874
52510,0.9793458565094159
52511,0.9793665003309957
52512,0.9793871235190706
52513,0.979407726094264
52514,0.9794283080771783
52515,0.9794488694883955
52516,0.979469410348477
52517,0.9794899306779637
52518,0.9795104304973761
52519,0.9795309098272138
52520,0.9795513686879562
52521,0.9795718071000622
52522,0.9795922250839701
52523,0.9796126226600981
52524,0.9796329998488436
52525,0.9796533566705838
52526,0.9796736931456758
52527,0.9796940092944557
52528,0.9797143051372399
52529,0.9797345806943241
52530,0.9797548359859839
52531,0.9797750710324746
52532,0.9797952858540314
52533,0.979815480470869
52534,0.9798356549031819
52535,0.9798558091711448
52536,0.9798759432949118
52537,0.979896057294617
52538,0.9799161511903746
52539,0.9799362250022783
52540,0.9799562787504019
52541,0.9799763124547993
52542,0.9799963261355041
52543,0.9800163198125301
52544,0.980036293505871
52545,0.9800562472355002
52546,0.9800761810213718
52547,0.9800960948834194
52548,0.9801159888415569
52549,0.9801358629156783
52550,0.9801557171256576
52551,0.9801755514913492
52552,0.9801953660325872
52553,0.9802151607691862
52554,0.9802349357209412
52555,0.980254690907627
52556,0.9802744263489986
52557,0.9802941420647917
52558,0.9803138380747219
52559,0.9803335143984854
52560,0.9803531710557583
52561,0.9803728080661973
52562,0.9803924254494395
52563,0.9804120232251022
52564,0.9804316014127833
52565,0.9804511600320609
52566,0.9804706991024936
52567,0.9804902186436205
52568,0.9795102184250861
52569,0.9795306979668902
52570,0.979551157039387
52571,0.9795715956630358
52572,0.9795920138582751
52573,0.9796124116455232
52574,0.9796327890451778
52575,0.9796531460776164
52576,0.979673482763196
52577,0.9796937991222533
52578,0.9797140951751047
52579,0.9797343709420461
52580,0.9797546264433534
52581,0.9797748616992821
52582,0.9797950767300674
52583,0.9798152715559244
52584,0.9798354461970479
52585,0.9798556006736125
52586,0.9798757350057729
52587,0.9798958492136631
52588,0.9799159433173976
52589,0.9799360173370704
52590,0.9799560712927554
52591,0.9799761052045067
52592,0.9799961190923583
52593,0.980016112976324
52594,0.9800360868763976
52595,0.9800560408125532
52596,0.9800759748047445
52597,0.9800958888729057
52598,0.9801157830369507
52599,0.9801356573167738
52600,0.9801555117322492
52601,0.9801753463032316
52602,0.9801951610495552
52603,0.9802149559910349
52604,0.9802347311474656
52605,0.9802544865386226
52606,0.9802742221842611
52607,0.9802939381041169
52608,0.9803136343179059
52609,0.9803333108453243
52610,0.9803529677060486
52611,0.9803726049197358
52612,0.9803922225060229
52613,0.9804118204845276
52614,0.9804313988748479
52615,0.9804509576965622
52616,0.9804704969692293
52617,0.9804900167123884
52618,0.9805095169455594
52619,0.9805289976882425
52620,0.9805484589599185
52621,0.9805679007800485
52622,0.9805873231680745
52623,0.9806067261434188
52624,0.9806261097254844
52625,0.9806454739336548
52626,0.9806648187872943
52627,0.9806841443057478
52628,0.9807034505083407
52629,0.9807227374143793
52630,0.9807420050431506
52631,0.9807612534139221
52632,0.9807804825459421
52633,0.9807996924584399
52634,0.9808188831706254
52635,0.9808380547016892
52636,0.9808572070708029
52637,0.980876340297119
52638,0.9808954543997705
52639,0.9809145493978717
52640,0.9809336253105175
52641,0.9809526821567839
52642,0.9809717199557276
52643,0.9809907387263865
52644,0.9810097384877795
52645,0.9810287192589061
52646,0.9810476810587473
52647,0.9810666239062648
52648,0.9810855478204015
52649,0.9811044528200812
52650,0.981123338924209
52651,0.981142206151671
52652,0.9811610545213345
52653,0.9811798840520478
52654,0.9811986947626404
52655,0.9812174866719231
52656,0.9812362597986878
52657,0.9812550141617076
52658,0.9812737497797368
52659,0.9812924666715112
52660,0.9813111648557475
52661,0.9813298443511441
52662,0.9813485051763804
52663,0.9813671473501171
52664,0.9813857708909965
52665,0.9814043758176422
52666,0.981422962148659
52667,0.9814415299026333
52668,0.9814600790981329
52669,0.981478609753707
52670,0.9814971218878863
52671,0.9815156155191828
52672,0.9815340906660901
52673,0.9815525473470835
52674,0.9815709855806197
52675,0.9815894053851368
52676,0.9816078067790548
52677,0.9816261897807749
52678,0.9816445544086801
52679,0.9816629006811353
52680,0.9816812286164864
52681,0.9816995382330617
52682,0.9817178295491705
52683,0.9817361025831044
52684,0.9817543573531363
52685,0.981772593877521
52686,0.981790812174495
52687,0.9818090122622767
52688,0.981827194159066
52689,0.981845357883045
52690,0.9818635034523773
52691,0.9818816308852085
52692,0.9818997401996661
52693,0.9819178314138594
52694,0.9819359045458795
52695,0.9819539596137997
52696,0.981971996635675
52697,0.9819900156295425
52698,0.982008016613421
52699,0.9820259996053116
52700,0.9820439646231973
52701,0.9820619116850432
52702,0.9820798408087963
52703,0.9820977520123857
52704,0.9811161450638476
52705,0.9811350194815749
52706,0.981153875034317
52707,0.9811727117409293
52708,0.9811915296202488
52709,0.9812103286910931
52710,0.9812291089722615
52711,0.981247870482534
52712,0.9812666132406724
52713,0.9812853372654194
52714,0.981304042575499
52715,0.9813227291896164
52716,0.9813413971264583
52717,0.9813600464046928
52718,0.9813786770429689
52719,0.9813972890599174
52720,0.9814158824741503
52721,0.9814344573042612
52722,0.9814530135688246
52723,0.9814715512863971
52724,0.9814900704755161
52725,0.9815085711547009
52726,0.9815270533424524
52727,0.9815455170572526
52728,0.9815639623175652
52729,0.9815823891418355
52730,0.9816007975484903
52731,0.981619187555938
52732,0.9816375591825688
52733,0.9816559124467541
52734,0.9816742473668473
52735,0.9816925639611832
52736,0.9817108622480786
52737,0.9817291422458316
52738,0.9817474039727223
52739,0.9817656474470124
52740,0.9817838726869454
52741,0.9818020797107466
52742,0.981820268536623
52743,0.9818384391827633
52744,0.9818565916673382
52745,0.9818747260085002
52746,0.9818928422243838
52747,0.981910940333105
52748,0.9819290203527621
52749,0.981947082301435
52750,0.9819651261971857
52751,0.9819831520580581
52752,0.982001159902078
52753,0.9820191497472534
52754,0.982037121611574
52755,0.9820550755130116
52756,0.9820730114695204
52757,0.9820909294990361
52758,0.9811093293696018
52759,0.9811282105996172
52760,0.9811470729578384
52761,0.9811659164631279
52762,0.9811847411343292
52763,0.9812035469902669
52764,0.9812223340497469
52765,0.9812411023315563
52766,0.9812598518544633
52767,0.9812785826372175
52768,0.9812972946985495
52769,0.9813159880571717
52770,0.9813346627317772
52771,0.9813533187410407
52772,0.9813719561036184
52773,0.9813905748381475
52774,0.9814091749632469
52775,0.9814277564975165
52776,0.981446319459538
52777,0.9814648638678742
52778,0.9814833897410697
52779,0.9815018970976503
52780,0.9815203859561235
52781,0.981538856334978
52782,0.9815573082526842
52783,0.981575741727694
52784,0.981594156778441
52785,0.9816125534233401
52786,0.981630931680788
52787,0.981649291569163
52788,0.981667633106825
52789,0.9816859563121155
52790,0.9817042612033577
52791,0.9807230475489815
52792,0.9807423148677732
52793,0.9797620626789998
52794,0.9797822905024091
52795,0.9798024981081038
52796,0.9798226855162916
52797,0.9798428527471599
52798,0.9798629998208759
52799,0.9798831267575866
52800,0.979903233577419
52801,0.9799233203004801
52802,0.9799433869468565
52803,0.9799634335366147
52804,0.9799834600898015
52805,0.9800034666264434
52806,0.9800234531665469
52807,0.9800434197300986
52808,0.980063366337065
52809,0.9800832930073928
52810,0.9791036995111336
52811,0.9791245853686937
52812,0.979145450350834
52813,0.9791662944784194
52814,0.9791871177722941
52815,0.9792079202532813
52816,0.9792287019421836
52817,0.9792494628597826
52818,0.9792702030268393
52819,0.9792909224640939
52820,0.9793116211922657
52821,0.9793322992320536
52822,0.9793529566041355
52823,0.9793735933291688
52824,0.9793942094277903
52825,0.9794148049206162
52826,0.9794353798282417
52827,0.979455934171242
52828,0.9794764679701713
52829,0.9794969812455634
52830,0.9795174740179317
52831,0.9795379463077688
52832,0.9795583981355471
52833,0.9795788295217185
52834,0.9795992404867143
52835,0.9796196310509455
52836,0.9796400012348027
52837,0.9796603510586559
52838,0.9796806805428552
52839,0.9797009897077299
52840,0.9797212785735893
52841,0.9797415471607221
52842,0.9797617954893971
52843,0.9797820235798625
52844,0.9798022314523465
52845,0.9798224191270568
52846,0.9798425866241812
52847,0.9798627339638872
52848,0.9798828611663222
52849,0.9799029682516132
52850,0.9799230552398674
52851,0.979943122151172
52852,0.9799631690055935
52853,0.9799831958231792
52854,0.9800032026239556
52855,0.9800231894279297
52856,0.9800431562550882
52857,0.9800631031253979
52858,0.9800830300588058
52859,0.9801029370752388
52860,0.9801228241946038
52861,0.9801426914367881
52862,0.9801625388216589
52863,0.9801823663690635
52864,0.9802021740988296
52865,0.9802219620307648
52866,0.9802417301846571
52867,0.9802614785802747
52868,0.9802812072373659
52869,0.9803009161756594
52870,0.9803206054148641
52871,0.9803402749746694
52872,0.9803599248747447
52873,0.98037955513474
52874,0.9803991657742854
52875,0.9804187568129918
52876,0.9804383282704501
52877,0.9804578801662317
52878,0.9804774125198886
52879,0.9804969253509532
52880,0.9805164186789382
52881,0.9805358925233371
52882,0.9805553469036236
52883,0.9805747818392522
52884,0.9805941973496577
52885,0.9806135934542557
52886,0.9806329701724423
52887,0.9806523275235943
52888,0.980671665527069
52889,0.9806909842022044
52890,0.9807102835683191
52891,0.9807295636447126
52892,0.9807488244506649
52893,0.9807680660054369
52894,0.98078728832827
52895,0.9808064914383867
52896,0.98082567535499
52897,0.9808448400972639
52898,0.980863985684373
52899,0.9808831121354631
52900,0.9809022194696605
52901,0.9809213077060727
52902,0.9809403768637878
52903,0.9809594269618749
52904,0.9809784580193842
52905,0.9809974700553469
52906,0.9810164630887748
52907,0.981035437138661
52908,0.9810543922239797
52909,0.9810733283636859
52910,0.9810922455767157
52911,0.9811111438819864
52912,0.9811300232983962
52913,0.9811488838448246
52914,0.9811677255401321
52915,0.9811865484031604
52916,0.9812053524527325
52917,0.9812241377076524
52918,0.9812429041867052
52919,0.9812616519086576
52920,0.9812803808922571
52921,0.9812990911562328
52922,0.981317782719295
52923,0.9813364556001353
52924,0.9813551098174265
52925,0.9813737453898228
52926,0.98139236233596
52927,0.9814109606744548
52928,0.9814295404239056
52929,0.9814481016028922
52930,0.9814666442299758
52931,0.9814851683236989
52932,0.9815036739025857
52933,0.9815221609851419
52934,0.9815406295898544
52935,0.981559079735192
52936,0.9815775114396046
52937,0.981595924721524
52938,0.9816143195993636
52939,0.9816326960915182
52940,0.9816510542163642
52941,0.9816693939922599
52942,0.9816877154375451
52943,0.9817060185705411
52944,0.9817243034095511
52945,0.9817425699728599
52946,0.9817608182787341
52947,0.981779048345422
52948,0.9817972601911537
52949,0.981815453834141
52950,0.9818336292925777
52951,0.981851786584639
52952,0.9818699257284824
52953,0.9818880467422471
52954,0.9819061496440539
52955,0.9819242344520058
52956,0.9819423011841877
52957,0.9819603498586662
52958,0.9809788802436151
52959,0.9809978918575646
52960,0.981016884469401
52961,0.9810358580981173
52962,0.9810548127626869
52963,0.9810737484820645
52964,0.9810926652751859
52965,0.9811115631609678
52966,0.9811304421583081
52967,0.981149302286086
52968,0.9801686433132863
52969,0.98018846475925
52970,0.9802082663936735
52971,0.9802280482363586
52972,0.9802478103070869
52973,0.9802675526256205
52974,0.9802872752117018
52975,0.9803069780850534
52976,0.9803266612653782
52977,0.9803463247723593
52978,0.9803659686256603
52979,0.980385592844925
52980,0.9804051974497776
52981,0.9804247824598228
52982,0.9804443478946455
52983,0.9804638937738113
52984,0.980483420116866
52985,0.9805029269433359
52986,0.9805224142727278
52987,0.9795423818746541
52988,0.9795628292690822
52989,0.9795832562263345
52990,0.9796036627668379
52991,0.979624048910999
52992,0.9796444146792038
52993,0.9796647600918184
52994,0.9796850851691878
52995,0.9797053899316375
52996,0.9797256743994719
52997,0.9797459385929757
52998,0.979766182532413
52999,0.9797864062380278
53000,0.9798066097300437
53001,0.9798267930286644
53002,0.979846956154073
53003,0.9798670991264328
53004,0.9798872219658866
53005,0.9799073246925574
53006,0.9799274073265478
53007,0.9799474698879406
53008,0.9799675123967982
53009,0.9799875348731633
53010,0.9800075373370581
53011,0.9800275198084853
53012,0.9800474823074274
53013,0.9800674248538468
53014,0.980087347467686
53015,0.9801072501688677
53016,0.9801271329772946
53017,0.9801469959128495
53018,0.9801668389953954
53019,0.9801866622447752
53020,0.9802064656808125
53021,0.9802262493233104
53022,0.9802460131920527
53023,0.9802657573068033
53024,0.9802854816873062
53025,0.9803051863532859
53026,0.980324871324447
53027,0.9803445366204746
53028,0.9803641822610338
53029,0.9803838082657704
53030,0.9804034146543104
53031,0.98042300144626
53032,0.9804425686612063
53033,0.9804621163187163
53034,0.9794821441884627
53035,0.9795026517904732
53036,0.9795231388951304
53037,0.9795436055229214
53038,0.9795640516943128
53039,0.9795844774297507
53040,0.9796048827496611
53041,0.979625267674449
53042,0.9796456322244995
53043,0.9796659764201772
53044,0.9796863002818261
53045,0.9797066038297704
53046,0.9797268870843133
53047,0.9797471500657383
53048,0.9797673927943082
53049,0.9797876152902659
53050,0.9798078175738338
53051,0.9798279996652143
53052,0.9788486613347144
53053,0.9788698021029956
53054,0.9788909217410735
53055,0.978912020270068
53056,0.9789330977110774
53057,0.9789541540851793
53058,0.97897518941343
53059,0.9789962037168648
53060,0.9790171970164981
53061,0.9790381693333232
53062,0.9790591206883124
53063,0.979080051102417
53064,0.9791009605965675
53065,0.9791218491916733
53066,0.9791427169086232
53067,0.9791635637682847
53068,0.9791843897915048
53069,0.9792051949991095
53070,0.979225979411904
53071,0.9792467430506727
53072,0.9792674859361793
53073,0.9792882080891666
53074,0.9793089095303569
53075,0.9793295902804515
53076,0.9793502503601312
53077,0.9793708897900562
53078,0.9793915085908657
53079,0.9794121067831786
53080,0.9794326843875932
53081,0.979453241424687
53082,0.9794737779150172
53083,0.9794942938791201
53084,0.9795147893375118
53085,0.9795352643106877
53086,0.9795557188191228
53087,0.9795761528832716
53088,0.9795965665235682
53089,0.9796169597604262
53090,0.9786378323643637
53091,0.9786591838562534
53092,0.9786805140073216
53093,0.9787018228388985
53094,0.9787231103722929
53095,0.9787443766287923
53096,0.9787656216296631
53097,0.9787868453961501
53098,0.9788080479494773
53099,0.9788292293108471
53100,0.978850389501441
53101,0.9788715285424191
53102,0.9788926464549205
53103,0.978913743260063
53104,0.9789348189789435
53105,0.9789558736326377
53106,0.9789769072422003
53107,0.9789979198286649
53108,0.9790189114130441
53109,0.9790398820163294
53110,0.9790608316594915
53111,0.97908176036348
53112,0.9791026681492236
53113,0.9791235550376303
53114,0.9791444210495867
53115,0.9791652662059589
53116,0.9791860905275921
53117,0.9792068940353107
53118,0.9792276767499181
53119,0.978248938442322
53120,0.9782706786337839
53121,0.9782923970959191
53122,0.9783140938504459
53123,0.9783357689190612
53124,0.9783574223234399
53125,0.9783790540852356
53126,0.97840066422608
53127,0.9784222527675831
53128,0.9784438197313337
53129,0.9784653651388986
53130,0.9784868890118232
53131,0.9785083913716315
53132,0.9785298722398258
53133,0.978551331637887
53134,0.9785727695872745
53135,0.9785941861094261
53136,0.9786155812257584
53137,0.9786369549576667
53138,0.9786583073265246
53139,0.9786796383536844
53140,0.9787009480604774
53141,0.978722236468213
53142,0.9787435035981797
53143,0.9787647494716448
53144,0.9787859741098541
53145,0.9788071775340322
53146,0.9788283597653825
53147,0.9788495208250872
53148,0.9788706607343075
53149,0.9788917795141833
53150,0.9789128771858333
53151,0.9789339537703552
53152,0.9789550092888256
53153,0.9789760437623001
53154,0.9789970572118131
53155,0.979018049658378
53156,0.9790390211229874
53157,0.9790599716266125
53158,0.9790809011902041
53159,0.9791018098346916
53160,0.9791226975809838
53161,0.9791435644499683
53162,0.979164410462512
53163,0.979185235639461
53164,0.9792060400016405
53165,0.9792268235698547
53166,0.9792475863648873
53167,0.9792683284075011
53168,0.9792890497184381
53169,0.9793097503184197
53170,0.9793304302281465
53171,0.9793510894682983
53172,0.9793717280595344
53173,0.9793923460224934
53174,0.9794129433777933
53175,0.9794335201460314
53176,0.9794540763477845
53177,0.9794746120036087
53178,0.97949512713404
53179,0.9795156217595932
53180,0.979536095900763
53181,0.9795565495780235
53182,0.9795769828118286
53183,0.9795973956226114
53184,0.9796177880307847
53185,0.979638160056741
53186,0.9796585117208522
53187,0.97967884304347
53188,0.9796991540449258
53189,0.9797194447455305
53190,0.979739715165575
53191,0.9797599653253296
53192,0.9797801952450444
53193,0.9798004049449495
53194,0.9798205944452544
53195,0.9798407637661487
53196,0.9798609129278018
53197,0.9798810419503626
53198,0.9799011508539605
53199,0.9799212396587041
53200,0.9799413083846824
53201,0.9799613570519641
53202,0.9799813856805978
53203,0.9800013942906122
53204,0.9800213829020159
53205,0.9800413515347975
53206,0.9800613002089257
53207,0.980081228944349
53208,0.9801011377609964
53209,0.9801210266787765
53210,0.9801408957175783
53211,0.9801607448972709
53212,0.9801805742377034
53213,0.9802003837587052
53214,0.9792206732302108
53215,0.9792414421725094
53216,0.9792621903562451
53217,0.9792829178021658
53218,0.9793036245309992
53219,0.9793243105634519
53220,0.9793449759202101
53221,0.979365620621939
53222,0.9793862446892834
53223,0.9794068481428673
53224,0.9794274310032942
53225,0.979447993291147
53226,0.9794685350269879
53227,0.9794890562313587
53228,0.9795095569247807
53229,0.9795300371277544
53230,0.9795504968607602
53231,0.9795709361442577
53232,0.9795913549986862
53233,0.9796117534444646
53234,0.9796321315019914
53235,0.9796524891916445
53236,0.9796728265337817
53237,0.9796931435487405
53238,0.9797134402568377
53239,0.9797337166783701
53240,0.9797539728336141
53241,0.9797742087428258
53242,0.9797944244262413
53243,0.9798146199040761
53244,0.9798347951965258
53245,0.9798549503237657
53246,0.9798750853059508
53247,0.9798952001632162
53248,0.9799152949156767
53249,0.9799353695834272
53250,0.9799554241865422
53251,0.9799754587450764
53252,0.9799954732790643
53253,0.9800154678085206
53254,0.9800354423534395
53255,0.980055396933796
53256,0.9800753315695443
53257,0.9800952462806192
53258,0.9801151410869354
53259,0.9801350160083878
53260,0.9801548710648512
53261,0.9801747062761808
53262,0.9801945216622115
53263,0.9802143172427591
53264,0.9802340930376189
53265,0.9802538490665668
53266,0.9802735853493588
53267,0.9802933019057313
53268,0.9803129987554007
53269,0.980332675918064
53270,0.9803523334133982
53271,0.980371971261061
53272,0.9803915894806902
53273,0.9804111880919039
53274,0.9804307671143008
53275,0.9804503265674599
53276,0.9804698664709407
53277,0.9804893868442831
53278,0.9805088877070075
53279,0.9805283690786147
53280,0.9805478309785861
53281,0.9805672734263836
53282,0.9805866964414497
53283,0.9806061000432074
53284,0.9806254842510602
53285,0.9806448490843925
53286,0.980664194562569
53287,0.9806835207049353
53288,0.9807028275308174
53289,0.9807221150595222
53290,0.9807413833103373
53291,0.9807606323025309
53292,0.980779862055352
53293,0.9807990725880302
53294,0.9808182639197763
53295,0.9808374360697816
53296,0.9808565890572181
53297,0.9808757229012388
53298,0.9808948376209777
53299,0.9809139332355494
53300,0.9809330097640496
53301,0.9809520672255548
53302,0.9809711056391225
53303,0.980990125023791
53304,0.9810091253985799
53305,0.9810281067824893
53306,0.9810470691945008
53307,0.9810660126535767
53308,0.9810849371786606
53309,0.981103842788677
53310,0.9811227295025314
53311,0.9801420970892356
53312,0.9801619450681569
53313,0.9801817732090183
53314,0.980201581531648
53315,0.9802213700558543
53316,0.9802411388014257
53317,0.9802608877881309
53318,0.980280617035719
53319,0.9803003265639192
53320,0.980320016392441
53321,0.9803396865409744
53322,0.9803593370291893
53323,0.9803789678767364
53324,0.9803985791032465
53325,0.9804181707283307
53326,0.9804377427715808
53327,0.9804572952525688
53328,0.980476828190847
53329,0.9804963416059487
53330,0.980515835517387
53331,0.980535309944656
53332,0.98055476490723
53333,0.9805742004245641
53334,0.9805936165160938
53335,0.9806130132012351
53336,0.9806323904993848
53337,0.9806517484299201
53338,0.9806710870121991
53339,0.9806904062655601
53340,0.9807097062093227
53341,0.9807289868627866
53342,0.9807482482452327
53343,0.980767490375922
53344,0.980786713274097
53345,0.9808059169589806
53346,0.9808251014497762
53347,0.9808442667656685
53348,0.9808634129258228
53349,0.9808825399493852
53350,0.9809016478554828
53351,0.9809207366632234
53352,0.980939806391696
53353,0.9809588570599701
53354,0.9809778886870966
53355,0.9809969012921069
53356,0.9810158948940139
53357,0.981034869511811
53358,0.9800543249145978
53359,0.9800742606218296
53360,0.980094176403317
53361,0.9801140722789758
53362,0.980133948268702
53363,0.9801538043923715
53364,0.9801736406698405
53365,0.9801934571209451
53366,0.9802132537655018
53367,0.9802330306233075
53368,0.9802527877141387
53369,0.9802725250577528
53370,0.9802922426738869
53371,0.9803119405822589
53372,0.9803316188025665
53373,0.9803512773544879
53374,0.9803709162576818
53375,0.9803905355317871
53376,0.9804101351964231
53377,0.9804297152711893
53378,0.9804492757756659
53379,0.9804688167294133
53380,0.9804883381519727
53381,0.9805078400628653
53382,0.980527322481593
53383,0.9805467854276384
53384,0.9805662289204643
53385,0.9805856529795143
53386,0.9806050576242125
53387,0.9806244428739633
53388,0.9806438087481523
53389,0.9806631552661451
53390,0.9806824824472884
53391,0.9807017903109093
53392,0.9807210788763157
53393,0.9807403481627961
53394,0.9807595981896199
53395,0.9807788289760371
53396,0.9807980405412784
53397,0.9808172329045555
53398,0.9798369058351856
53399,0.9798570588528416
53400,0.9798771917275514
53401,0.9798973044794479
53402,0.9799173971286439
53403,0.979937469695232
53404,0.9799575221992848
53405,0.9799775546608547
53406,0.9799975670999742
53407,0.9800175595366559
53408,0.9800375319908922
53409,0.9800574844826554
53410,0.9800774170318981
53411,0.9800973296585529
53412,0.9801172223825324
53413,0.9801370952237293
53414,0.9801569482020164
53415,0.9801767813372467
53416,0.9801965946492535
53417,0.98021638815785
53418,0.9802361618828296
53419,0.9802559158439662
53420,0.9802756500610137
53421,0.9802953645537064
53422,0.9803150593417587
53423,0.9803347344448654
53424,0.9803543898827016
53425,0.9803740256749228
53426,0.9803936418411647
53427,0.9804132384010437
53428,0.980432815374156
53429,0.9804523727800789
53430,0.9804719106383697
53431,0.9804914289685662
53432,0.9805109277901869
53433,0.9805304071227304
53434,0.9805498669856763
53435,0.9805693073984841
53436,0.9805887283805946
53437,0.9806081299514287
53438,0.9806275121303878
53439,0.9806468749368542
53440,0.9806662183901906
53441,0.9806855425097407
53442,0.9807048473148284
53443,0.9807241328247587
53444,0.9807433990588169
53445,0.9807626460362694
53446,0.9807818737763631
53447,0.9808010822983257
53448,0.9808202716213659
53449,0.9808394417646729
53450,0.9808585927474168
53451,0.9808777245887488
53452,0.9808968373078005
53453,0.9809159309236848
53454,0.9809350054554952
53455,0.9809540609223063
53456,0.9809730973431736
53457,0.9809921147371334
53458,0.9810111131232032
53459,0.9810300925203814
53460,0.9810490529476474
53461,0.9810679944239616
53462,0.9810869169682656
53463,0.9811058205994817
53464,0.9811247053365137
53465,0.9811435711982464
53466,0.9811624182035454
53467,0.981181246371258
53468,0.9812000557202123
53469,0.9812188462692176
53470,0.9812376180370644
53471,0.9812563710425246
53472,0.9812751053043511
53473,0.9812938208412784
53474,0.9813125176720218
53475,0.9813311958152782
53476,0.9813498552897256
53477,0.9813684961140238
53478,0.9813871183068134
53479,0.9814057218867166
53480,0.9814243068723371
53481,0.9814428732822598
53482,0.9814614211350511
53483,0.981479950449259
53484,0.9814984612434127
53485,0.981516953536023
53486,0.9815354273455822
53487,0.9815538826905641
53488,0.9815723195894241
53489,0.9815907380605992
53490,0.9816091381225076
53491,0.9816275197935496
53492,0.9816458830921068
53493,0.9806647277866674
53494,0.980684053396076
53495,0.9807033596895331
53496,0.9807226466863452
53497,0.9807419144057992
53498,0.9807611628671626
53499,0.9807803920896843
53500,0.9807996020925931
53501,0.9808187928950992
53502,0.9808379645163935
53503,0.9808571169756475
53504,0.9808762502920136
53505,0.9808953644846253
53506,0.9809144595725967
53507,0.9809335355750229
53508,0.98095259251098
53509,0.9809716303995247
53510,0.9809906492596951
53511,0.98100964911051
53512,0.9810286299709693
53513,0.9810475918600537
53514,0.9810665347967253
53515,0.981085458799927
53516,0.9811043638885828
53517,0.9811232500815977
53518,0.981142117397858
53519,0.9811609658562309
53520,0.981179795475565
53521,0.9811986062746899
53522,0.9812173982724164
53523,0.9812361714875364
53524,0.9812549259388232
53525,0.9812736616450313
53526,0.9812923786248963
53527,0.9813110768971353
53528,0.9813297564804465
53529,0.9813484173935095
53530,0.9813670596549853
53531,0.981385683283516
53532,0.9814042882977254
53533,0.9814228747162185
53534,0.9814414425575816
53535,0.9814599918403826
53536,0.9814785225831708
53537,0.981497034804477
53538,0.9815155285228134
53539,0.9815340037566737
53540,0.981552460524533
53541,0.9815708988448484
53542,0.9815893187360579
53543,0.9816077202165816
53544,0.9816261033048209
53545,0.9816444680191589
53546,0.9816628143779604
53547,0.9816811423995717
53548,0.9816994521023208
53549,0.9817177435045173
53550,0.9817360166244529
53551,0.9817542714804004
53552,0.9817725080906149
53553,0.9817907264733329
53554,0.9818089266467728
53555,0.9818271086291348
53556,0.981845272438601
53557,0.981863418093335
53558,0.9818815456114826
53559,0.9818996550111713
53560,0.9819177463105104
53561,0.9819358195275913
53562,0.9819538746804873
53563,0.9819719117872535
53564,0.9819899308659269
53565,0.9820079319345266
53566,0.9820259150110539
53567,0.9820438801134915
53568,0.9820618272598048
53569,0.982079756467941
53570,0.9820976677558291
53571,0.9821155611413804
53572,0.9821334366424885
53573,0.9821512942770287
53574,0.9821691340628588
53575,0.9821869560178185
53576,0.9822047601597297
53577,0.9822225465063966
53578,0.9822403150756056
53579,0.9822580658851252
53580,0.9822757989527063
53581,0.9822935142960819
53582,0.9823112119329674
53583,0.9823288918810604
53584,0.9823465541580408
53585,0.982364198781571
53586,0.9823818257692956
53587,0.9823994351388415
53588,0.9824170269078182
53589,0.9824346010938174
53590,0.9824521577144133
53591,0.9824696967871626
53592,0.9824872183296042
53593,0.9825047223592598
53594,0.9825222088936333
53595,0.9825396779502114
53596,0.982557129546463
53597,0.9825745636998399
53598,0.9825919804277761
53599,0.9826093797476884
53600,0.982626761676976
53601,0.982644126233021
53602,0.9826614734331879
53603,0.9826788032948238
53604,0.9826961158352587
53605,0.9827134110718052
53606,0.9827306890217584
53607,0.9827479497023963
53608,0.9827651931309797
53609,0.9827824193247517
53610,0.9827996283009389
53611,0.9828168200767501
53612,0.982833994669377
53613,0.9828511520959944
53614,0.9828682923737595
53615,0.9828854155198127
53616,0.9829025215512771
53617,0.9829196104852589
53618,0.9829366823388468
53619,0.9829537371291128
53620,0.9829707748731117
53621,0.9829877955878812
53622,0.983004799290442
53623,0.9830217859977979
53624,0.9830387557269356
53625,0.9830557084948247
53626,0.9830726443184181
53627,0.9830895632146516
53628,0.983106465200444
53629,0.9831233502926974
53630,0.9831402185082969
53631,0.9831570698641107
53632,0.9831739043769901
53633,0.9831907220637698
53634,0.9832075229412672
53635,0.9832243070262835
53636,0.9832410743356026
53637,0.9832578248859918
53638,0.9832745586942017
53639,0.9832912757769661
53640,0.9833079761510021
53641,0.982325159583135
53642,0.9823428255905482
53643,0.9823604739407825
53644,0.9823781046514863
53645,0.9823957177402904
53646,0.9824133132248078
53647,0.9824308911226342
53648,0.9824484514513472
53649,0.9824659942285072
53650,0.9824835194716571
53651,0.9825010271983221
53652,0.9825185174260099
53653,0.9825359901722108
53654,0.9825534454543975
53655,0.9825708832900253
53656,0.982588303696532
53657,0.9826057066913381
53658,0.9826230922918465
53659,0.9826404605154428
53660,0.9826578113794954
53661,0.982675144901355
53662,0.9826924610983552
53663,0.9827097599878121
53664,0.9827270415870246
53665,0.9827443059132744
53666,0.9827615529838258
53667,0.982778782815926
53668,0.9827959954268046
53669,0.9828131908336744
53670,0.9828303690537307
53671,0.9828475301041517
53672,0.9828646740020985
53673,0.9828818007647151
53674,0.9828989104091281
53675,0.9829160029524473
53676,0.9829330784117651
53677,0.9829501368041572
53678,0.9829671781466818
53679,0.9829842024563803
53680,0.9830012097502769
53681,0.9830182000453791
53682,0.9830351733586771
53683,0.9830521297071442
53684,0.9830690691077367
53685,0.9830859915773942
53686,0.983102897133039
53687,0.9831197857915767
53688,0.9831366575698959
53689,0.9831535124848685
53690,0.9831703505533493
53691,0.9831871717921766
53692,0.9832039762181715
53693,0.9832207638481383
53694,0.9832375346988648
53695,0.9832542887871217
53696,0.9832710261296633
53697,0.9832877467432268
53698,0.983304450644533
53699,0.9833211378502855
53700,0.9833378083771718
53701,0.9833544622418623
53702,0.9833710994610109
53703,0.9833877200512547
53704,0.9834043240292145
53705,0.9834209114114941
53706,0.9834374822146811
53707,0.983454036455346
53708,0.9834705741500434
53709,0.9834870953153106
53710,0.9835035999676691
53711,0.9835200881236235
53712,0.9835365597996618
53713,0.9835530150122559
53714,0.9835694537778609
53715,0.9835858761129155
53716,0.9836022820338421
53717,0.9836186715570467
53718,0.9836350446989187
53719,0.9836514014758313
53720,0.9836677419041413
53721,0.9836840660001891
53722,0.9837003737802988
53723,0.9837166652607783
53724,0.9837329404579189
53725,0.983749199387996
53726,0.9837654420672683
53727,0.9837816685119787
53728,0.9837978787383536
53729,0.9838140727626031
53730,0.9838302506009213
53731,0.9838464122694861
53732,0.9838625577844591
53733,0.9838786871619859
53734,0.9838948004181958
53735,0.983910897569202
53736,0.9839269786311019
53737,0.9839430436199763
53738,0.9839590925518904
53739,0.983975125442893
53740,0.9839911423090171
53741,0.9840071431662795
53742,0.984023128030681
53743,0.9840390969182066
53744,0.98305554959495
53745,0.9830724855773638
53746,0.983089404632259
53747,0.9831063067765546
53748,0.9831231920271528
53749,0.9831400604009388
53750,0.9821574116649059
53751,0.9821752453364052
53752,0.9821930611831454
53753,0.9822108592229424
53754,0.9822286394735941
53755,0.9822464019528808
53756,0.9822641466785651
53757,0.9822818736683916
53758,0.9822995829400873
53759,0.9823172745113616
53760,0.982334948399906
53761,0.9823526046233944
53762,0.982370243199483
53763,0.9823878641458104
53764,0.9824054674799975
53765,0.9824230532196476
53766,0.9824406213823467
53767,0.9824581719856627
53768,0.9824757050471462
53769,0.9824932205843304
53770,0.9825107186147309
53771,0.9815286989059706
53772,0.9815471609760296
53773,0.9815656045932449
53774,0.9815840297760603
53775,0.9816024365429008
53776,0.9816208249121733
53777,0.981639194902266
53778,0.9816575465315491
53779,0.9816758798183741
53780,0.9816941947810744
53781,0.9817124914379649
53782,0.9817307698073423
53783,0.9817490299074849
53784,0.9817672717566528
53785,0.9817854953730879
53786,0.9818037007750139
53787,0.9818218879806361
53788,0.9818400570081417
53789,0.9818582078756998
53790,0.9818763406014612
53791,0.9818944552035587
53792,0.9819125517001068
53793,0.9819306301092021
53794,0.9819486904489231
53795,0.9819667327373299
53796,0.981984756992465
53797,0.9810032629824775
53798,0.9810222502258733
53799,0.9810412184915146
53800,0.9800606675484946
53801,0.9800805969162623
53802,0.9801005063646219
53803,0.9801203959134828
53804,0.9801402655827347
53805,0.9801601153922472
53806,0.9801799453618701
53807,0.9801997555114335
53808,0.9802195458607473
53809,0.9802393164296022
53810,0.9802590672377685
53811,0.9802787983049971
53812,0.9802985096510191
53813,0.9803182012955458
53814,0.9803378732582689
53815,0.9803575255588604
53816,0.9793776579670974
53817,0.9793982700031123
53818,0.9794188614373921
53819,0.9794394322905281
53820,0.9794599825830913
53821,0.9794805123356319
53822,0.9795010215686798
53823,0.979521510302744
53824,0.9785424783084384
53825,0.9785639251067308
53826,0.978585350468943
53827,0.9786067544165002
53828,0.9786281369708066
53829,0.9786494981532446
53830,0.9786708379851754
53831,0.9786921564879388
53832,0.9787134536828535
53833,0.9787347295912164
53834,0.9787559842343037
53835,0.9787772176333698
53836,0.9787984298096483
53837,0.9788196207843513
53838,0.9788407905786698
53839,0.9788619392137736
53840,0.9788830667108114
53841,0.9789041730909105
53842,0.9789252583751774
53843,0.9789463225846975
53844,0.9789673657405349
53845,0.9789883878637328
53846,0.9790093889753132
53847,0.9790303690962774
53848,0.9790513282476054
53849,0.9790722664502565
53850,0.9790931837251687
53851,0.9791140800932595
53852,0.9791349555754252
53853,0.9781563099426661
53854,0.9771786424664616
53855,0.9772014524190188
53856,0.9772242395730227
53857,0.9772470039512606
53858,0.9772697455764967
53859,0.9772924644714728
53860,0.9773151606589076
53861,0.9773378341614973
53862,0.9773604850019156
53863,0.9773831132028132
53864,0.9774057187868184
53865,0.9774283017765367
53866,0.9774508621945511
53867,0.9774734000634221
53868,0.9774959154056876
53869,0.9775184082438628
53870,0.9775408786004407
53871,0.9775633264978916
53872,0.9775857519586633
53873,0.9776081550051814
53874,0.9776305356598489
53875,0.9776528939450465
53876,0.9776752298831324
53877,0.9776975434964426
53878,0.9777198348072907
53879,0.9777421038379681
53880,0.9777643506107437
53881,0.9777865751478644
53882,0.9778087774715547
53883,0.977830957604017
53884,0.9778531155674313
53885,0.9778752513839556
53886,0.9778973650757258
53887,0.9779194566648555
53888,0.9779415261734363
53889,0.9779635736235378
53890,0.9779855990372074
53891,0.9780076024364706
53892,0.9780295838433306
53893,0.9780515432797691
53894,0.9780734807677454
53895,0.9780953963291968
53896,0.9781172899860392
53897,0.9781391617601661
53898,0.9781610116734494
53899,0.9781828397477388
53900,0.9782046460048625
53901,0.9782264304666267
53902,0.978248193154816
53903,0.978269934091193
53904,0.9782916532974987
53905,0.9783133507954522
53906,0.9783350266067511
53907,0.9783566807530711
53908,0.9783783132560666
53909,0.9783999241373699
53910,0.9784215134185918
53911,0.978443081121322
53912,0.9784646272671277
53913,0.9784861518775554
53914,0.9785076549741295
53915,0.9785291365783533
53916,0.9785505967117083
53917,0.9785720353956546
53918,0.978593452651631
53919,0.9786148485010546
53920,0.9786362229653215
53921,0.978657576065806
53922,0.9786789078238611
53923,0.9787002182608188
53924,0.9787215073979894
53925,0.978742775256662
53926,0.9787640218581046
53927,0.9787852472235637
53928,0.9788064513742648
53929,0.978827634331412
53930,0.9788487961161881
53931,0.9788699367497552
53932,0.9788910562532537
53933,0.9789121546478031
53934,0.978933231954502
53935,0.9789542881944275
53936,0.978975323388636
53937,0.9789963375581626
53938,0.9790173307240215
53939,0.979038302907206
53940,0.979059254128688
53941,0.9790801844094189
53942,0.9791010937703291
53943,0.9791219822323277
53944,0.9791428498163034
53945,0.9791636965431236
53946,0.9791845224336353
53947,0.9792053275086642
53948,0.9792261117890153
53949,0.978247375045598
53950,0.9782691167996753
53951,0.978290836822864
53952,0.9783125351368841
53953,0.9783342117634339
53954,0.9783558667241902
53955,0.9783775000408077
53956,0.9783991117349199
53957,0.9784207018281383
53958,0.9784422703420532
53959,0.977464317048358
53960,0.9774868414690993
53961,0.9775093433766764
53962,0.9775318227935913
53963,0.9775542797423233
53964,0.9775767142453295
53965,0.9775991263250443
53966,0.9776215160038798
53967,0.9776438833042258
53968,0.9776662282484495
53969,0.9776885508588958
53970,0.9777108511578875
53971,0.9777331291677247
53972,0.9777553849106855
53973,0.9777776184090257
53974,0.9777998296849787
53975,0.9778220187607558
53976,0.9778441856585461
53977,0.9778663304005166
53978,0.977888453008812
53979,0.9779105535055548
53980,0.9779326319128456
53981,0.9779546882527628
53982,0.9779767225473627
53983,0.9779987348186796
53984,0.978020725088726
53985,0.9780426933794918
53986,0.9780646397129455
53987,0.9780865641110336
53988,0.9781084665956802
53989,0.978130347188788
53990,0.9781522059122375
53991,0.9781740427878874
53992,0.9781958578375747
53993,0.9782176510831143
53994,0.9782394225462996
53995,0.978261172248902
53996,0.9782829002126712
53997,0.9773051062094601
53998,0.9773277897614746
53999,0.9773504506412732
54000,0.9773730888715169
54001,0.9773957044748437
54002,0.9774182974738693
54003,0.9774408678911868
54004,0.9774634157493665
54005,0.9774859410709563
54006,0.9775084438784816
54007,0.9775309241944451
54008,0.9775533820413272
54009,0.9775758174415858
54010,0.9775982304176563
54011,0.9776206209919515
54012,0.9776429891868621
54013,0.9776653350247563
54014,0.9776876585279799
54015,0.9777099597188564
54016,0.9777322386196872
54017,0.9777544952527509
54018,0.9777767296403044
54019,0.9777989418045819
54020,0.9778211317677957
54021,0.9778432995521358
54022,0.9778654451797698
54023,0.9778875686728435
54024,0.9779096700534804
54025,0.9779317493437818
54026,0.977953806565827
54027,0.9779758417416732
54028,0.9779978548933557
54029,0.9780198460428875
54030,0.97804181521226
54031,0.9780637624234421
54032,0.9780856876983811
54033,0.9781075910590025
54034,0.9781294725272094
54035,0.9781513321248834
54036,0.978173169873884
54037,0.978194985796049
54038,0.9782167799131944
54039,0.9782385522471143
54040,0.978260302819581
54041,0.9782820316523451
54042,0.9783037387671353
54043,0.9783254241856589
54044,0.9783470879296013
54045,0.9783687300206262
54046,0.9783903504803757
54047,0.9784119493304703
54048,0.9784335265925088
54049,0.9784550822880685
54050,0.9784766164387052
54051,0.9784981290659529
54052,0.9785196201913242
54053,0.9785410898363104
54054,0.978562538022381
54055,0.9785839647709843
54056,0.9786053701035471
54057,0.9786267540414746
54058,0.9786481166061508
54059,0.9786694578189382
54060,0.9786907777011782
54061,0.9787120762741905
54062,0.9787333535592738
54063,0.9787546095777053
54064,0.978775844350741
54065,0.9787970578996159
54066,0.9788182502455434
54067,0.9788394214097157
54068,0.9788605714133042
54069,0.9788817002774588
54070,0.9789028080233084
54071,0.9789238946719608
54072,0.9789449602445026
54073,0.9789660047619994
54074,0.9789870282454957
54075,0.9790080307160149
54076,0.9790290121945596
54077,0.9790499727021112
54078,0.9790709122596304
54079,0.9790918308880565
54080,0.9791127286083083
54081,0.9791336054412836
54082,0.979154461407859
54083,0.9791752965288906
54084,0.9791961108252135
54085,0.9792169043176421
54086,0.9792376770269697
54087,0.9792584289739693
54088,0.9792791601793926
54089,0.979299870663971
54090,0.9793205604484148
54091,0.9793412295534139
54092,0.9793618779996374
54093,0.9793825058077337
54094,0.9794031129983306
54095,0.9794236995920355
54096,0.9794442656094348
54097,0.9794648110710945
54098,0.9794853359975602
54099,0.9795058404093567
54100,0.9795263243269886
54101,0.9795467877709396
54102,0.9795672307616733
54103,0.9795876533196326
54104,0.9796080554652402
54105,0.9796284372188981
54106,0.9796487986009882
54107,0.9786696393819967
54108,0.9786909590827643
54109,0.9787122574744856
54110,0.9787335345784591
54111,0.9787547904159619
54112,0.9787760250082498
54113,0.9787972383765574
54114,0.978818430542098
54115,0.978839601526064
54116,0.9788607513496261
54117,0.9788818800339344
54118,0.9789029876001174
54119,0.9789240740692827
54120,0.9789451394625168
54121,0.9789661838008851
54122,0.978987207105432
54123,0.9790082093971807
54124,0.9790291906971336
54125,0.9790501510262719
54126,0.979071090405556
54127,0.9790920088559252
54128,0.9791129063982981
54129,0.9791337830535721
54130,0.979154638842624
54131,0.9791754737863095
54132,0.9791962879054636
54133,0.9792170812209005
54134,0.9792378537534133
54135,0.9792586055237747
54136,0.9792793365527365
54137,0.9793000468610296
54138,0.9793207364693644
54139,0.9793414053984304
54140,0.9793620536688967
54141,0.9793826813014116
54142,0.9794032883166026
54143,0.9794238747350767
54144,0.9794444405774205
54145,0.9794649858641997
54146,0.9794855106159597
54147,0.9795060148532251
54148,0.9795264985965002
54149,0.9795469618662688
54150,0.9795674046829942
54151,0.9795878270671191
54152,0.979608229039066
54153,0.9796286106192368
54154,0.9796489718280131
54155,0.9796693126857563
54156,0.979689633212807
54157,0.9797099334294859
54158,0.9797302133560931
54159,0.9797504730129086
54160,0.9797707124201921
54161,0.9797909315981829
54162,0.9798111305671002
54163,0.9798313093471431
54164,0.9798514679584903
54165,0.9798716064213004
54166,0.979891724755712
54167,0.9799118229818432
54168,0.9799319011197923
54169,0.9799519591896376
54170,0.9799719972114371
54171,0.9799920152052288
54172,0.9800120131910307
54173,0.9800319911888408
54174,0.980051949218637
54175,0.9800718873003775
54176,0.9800918054540003
54177,0.9801117036994236
54178,0.9801315820565456
54179,0.9801514405452447
54180,0.9801712791853794
54181,0.9801910979967883
54182,0.9802108969992902
54183,0.9802306762126842
54184,0.9802504356567495
54185,0.9802701753512455
54186,0.9802898953159119
54187,0.9803095955704687
54188,0.9803292761346162
54189,0.9803489370280348
54190,0.9803685782703856
54191,0.9803881998813098
54192,0.9804078018804289
54193,0.980427384287345
54194,0.9804469471216405
54195,0.9804664904028783
54196,0.9804860141506015
54197,0.9805055183843341
54198,0.9805250031235802
54199,0.9805444683878245
54200,0.9805639141965323
54201,0.9795838403192745
54202,0.9796042462759769
54203,0.9796246318369204
54204,0.9796449970224906
54205,0.9796653418530529
54206,0.9796856663489518
54207,0.9797059705305121
54208,0.9797262544180378
54209,0.9797465180318129
54210,0.979766761392101
54211,0.9797869845191454
54212,0.9798071874331692
54213,0.9798273701543754
54214,0.9798475327029467
54215,0.9798676750990457
54216,0.9798877973628147
54217,0.9799078995143762
54218,0.9799279815738321
54219,0.9799480435612645
54220,0.9799680854967355
54221,0.979988107400287
54222,0.9800081092919408
54223,0.980028091191699
54224,0.9800480531195433
54225,0.9800679950954359
54226,0.9800879171393184
54227,0.9801078192711132
54228,0.9801277015107224
54229,0.980147563878028
54230,0.9801674063928926
54231,0.9801872290751585
54232,0.9802070319446486
54233,0.9802268150211657
54234,0.9802465783244929
54235,0.9802663218743934
54236,0.980286045690611
54237,0.9803057497928692
54238,0.9803254342008724
54239,0.9803450989343048
54240,0.9803647440128312
54241,0.9803843694560967
54242,0.9804039752837268
54243,0.9804235615153273
54244,0.9804431281704844
54245,0.9804626752687647
54246,0.9804822028297155
54247,0.9805017108728643
54248,0.980521199417719
54249,0.9805406684837682
54250,0.980560118090481
54251,0.9805795482573072
54252,0.9805989590036767
54253,0.9806183503490004
54254,0.9806377223126695
54255,0.9806570749140562
54256,0.9806764081725129
54257,0.980695722107373
54258,0.9807150167379504
54259,0.9807342920835396
54260,0.9807535481634161
54261,0.980772784996836
54262,0.980792002603036
54263,0.9808112010012339
54264,0.980830380210628
54265,0.9808495402503975
54266,0.9808686811397025
54267,0.9808878028976838
54268,0.9809069055434633
54269,0.9809259890961435
54270,0.980945053574808
54271,0.9809640989985213
54272,0.9809831253863289
54273,0.9810021327572571
54274,0.9810211211303134
54275,0.9810400905244859
54276,0.9810590409587443
54277,0.9810779724520389
54278,0.9810968850233012
54279,0.9811157786914438
54280,0.9811346534753604
54281,0.9811535093939258
54282,0.9811723464659958
54283,0.9811911647104076
54284,0.9812099641459794
54285,0.9812287447915107
54286,0.981247506665782
54287,0.9812662497875553
54288,0.9812849741755737
54289,0.9813036798485616
54290,0.9813223668252247
54291,0.98134103512425
54292,0.9813596847643057
54293,0.9813783157640416
54294,0.9813969281420885
54295,0.9814155219170588
54296,0.9814340971075465
54297,0.9814526537321266
54298,0.9814711918093559
54299,0.9814897113577724
54300,0.9815082123958956
54301,0.9815266949422266
54302,0.9815451590152479
54303,0.9815636046334235
54304,0.9815820318151992
54305,0.9816004405790021
54306,0.981618830943241
54307,0.9816372029263062
54308,0.9816555565465698
54309,0.9816738918223853
54310,0.9816922087720881
54311,0.981710507413995
54312,0.9817287877664048
54313,0.9817470498475979
54314,0.9817652936758361
54315,0.9817835192693635
54316,0.9818017266464056
54317,0.9818199158251698
54318,0.9808385865739703
54319,0.9808577384114775
54320,0.9808768711067184
54321,0.9808959846788257
54322,0.9809150791469128
54323,0.9809341545300743
54324,0.9809532108473855
54325,0.9809722481179028
54326,0.9809912663606636
54327,0.981010265594686
54328,0.9810292458389691
54329,0.9810482071124934
54330,0.98106714943422
54331,0.9810860728230913
54332,0.9811049772980308
54333,0.9811238628779428
54334,0.981142729581713
54335,0.9811615774282081
54336,0.9811804064362758
54337,0.9811992166247453
54338,0.9812180080124268
54339,0.9812367806181115
54340,0.9812555344605721
54341,0.9802747693086875
54342,0.9802944846816923
54343,0.980314180349177
54344,0.9803338563308369
54345,0.9803535126463483
54346,0.9803731493153675
54347,0.980392766357531
54348,0.980412363792456
54349,0.9804319416397399
54350,0.9804514999189605
54351,0.9804710386496762
54352,0.9804905578514257
54353,0.9805100575437281
54354,0.9805295377460832
54355,0.9805489984779712
54356,0.9805684397588528
54357,0.9805878616081692
54358,0.9806072640453425
54359,0.9806266470897749
54360,0.9806460107608496
54361,0.9806653550779302
54362,0.980684680060361
54363,0.9807039857274671
54364,0.980723272098554
54365,0.9807425391929083
54366,0.980761787029797
54367,0.9807810156284679
54368,0.9808002250081496
54369,0.9808194151880515
54370,0.9808385861873637
54371,0.9808577380252574
54372,0.9808768707208844
54373,0.9808959842933772
54374,0.9809150787618496
54375,0.980934154145396
54376,0.9809532104630917
54377,0.9809722477339932
54378,0.9809912659771376
54379,0.9810102652115432
54380,0.9810292454562094
54381,0.9810482067301163
54382,0.9810671490522251
54383,0.9810860724414783
54384,0.9811049769167991
54385,0.9811238624970922
54386,0.981142729201243
54387,0.9811615770481183
54388,0.981180406056566
54389,0.981199216245415
54390,0.9802185073836005
54391,0.9802382789904135
54392,0.9802580308355006
54393,0.9802777629386135
54394,0.9802974753194844
54395,0.9803171679978258
54396,0.9803368409933302
54397,0.9803564943256707
54398,0.9803761280145007
54399,0.9803957420794537
54400,0.9804153365401439
54401,0.9804349114161658
54402,0.9804544667270941
54403,0.9804740024924843
54404,0.9804935187318721
54405,0.9805130154647738
54406,0.980532492710686
54407,0.980551950489086
54408,0.9805713888194318
54409,0.9805908077211616
54410,0.9806102072136942
54411,0.9806295873164291
54412,0.9806489480487466
54413,0.9806682894300072
54414,0.9806876114795524
54415,0.9807069142167043
54416,0.9807261976607655
54417,0.9807454618310196
54418,0.9807647067467308
54419,0.9807839324271438
54420,0.9808031388914845
54421,0.9808223261589593
54422,0.9808414942487554
54423,0.9808606431800411
54424,0.980879772971965
54425,0.9808988836436572
54426,0.9809179752142282
54427,0.9809370477027697
54428,0.9809561011283541
54429,0.9809751355100349
54430,0.9809941508668465
54431,0.9810131472178042
54432,0.9810321245819044
54433,0.9810510829781244
54434,0.9810700224254226
54435,0.9810889429427385
54436,0.9811078445489927
54437,0.9811267272630867
54438,0.9811455911039032
54439,0.9811644360903061
54440,0.9811832622411404
54441,0.9812020695752321
54442,0.9812208581113888
54443,0.9812396278683989
54444,0.9812583788650322
54445,0.9812771111200397
54446,0.9812958246521536
54447,0.9813145194800875
54448,0.9813331956225362
54449,0.9813518530981759
54450,0.981370491925664
54451,0.9813891121236393
54452,0.9814077137107221
54453,0.981426296705514
54454,0.9814448611265979
54455,0.9814634069925383
54456,0.9814819343218811
54457,0.9815004431331537
54458,0.9815189334448646
54459,0.9815374052755045
54460,0.981555858643545
54461,0.9815742935674395
54462,0.9805932098157479
54463,0.9806126069073864
54464,0.9806319846116269
54465,0.9806513429478472
54466,0.9806706819354055
54467,0.980690001593641
54468,0.9807093019418732
54469,0.9807285829994026
54470,0.9807478447855101
54471,0.9807670873194576
54472,0.9807863106204876
54473,0.9808055147078234
54474,0.9808246996006692
54475,0.9808438653182098
54476,0.9808630118796109
54477,0.9808821393040191
54478,0.9809012476105619
54479,0.9809203368183474
54480,0.9809394069464651
54481,0.9809584580139848
54482,0.9809774900399578
54483,0.9809965030434161
54484,0.9810154970433728
54485,0.9810344720588217
54486,0.9810534281087379
54487,0.9810723652120774
54488,0.9810912833877775
54489,0.9811101826547562
54490,0.9811290630319129
54491,0.9811479245381279
54492,0.9811667671922627
54493,0.9811855910131599
54494,0.9812043960196435
54495,0.9812231822305184
54496,0.9812419496645709
54497,0.9812606983405683
54498,0.9812794282772593
54499,0.981298139493374
54500,0.9813168320076234
54501,0.9813355058387002
54502,0.9813541610052783
54503,0.9813727975260126
54504,0.9813914154195398
54505,0.9814100147044778
54506,0.9814285953994258
54507,0.9814471575229646
54508,0.9814657010936563
54509,0.9814842261300444
54510,0.981502732650654
54511,0.9815212206739917
54512,0.9815396902185455
54513,0.9815581413027848
54514,0.9815765739451608
54515,0.9815949881641062
54516,0.9816133839780351
54517,0.9816317614053434
54518,0.9816501204644085
54519,0.9816684611735895
54520,0.9816867835512271
54521,0.9817050876156437
54522,0.9817233733851433
54523,0.9817416408780116
54524,0.9817598901125164
54525,0.9817781211069067
54526,0.9817963338794135
54527,0.9818145284482496
54528,0.9818327048316097
54529,0.98185086304767
54530,0.9818690031145889
54531,0.9818871250505063
54532,0.9819052288735444
54533,0.9819233146018067
54534,0.9819413822533791
54535,0.9819594318463293
54536,0.9819774633987067
54537,0.981995476928543
54538,0.9820134724538518
54539,0.9820314499926286
54540,0.9820494095628508
54541,0.9820673511824781
54542,0.9820852748694522
54543,0.9821031806416967
54544,0.9821210685171172
54545,0.9821389385136019
54546,0.9821567906490206
54547,0.9821746249412255
54548,0.982192441408051
54549,0.9822102400673133
54550,0.9822280209368112
54551,0.9822457840343256
54552,0.9822635293776196
54553,0.9822812569844386
54554,0.9822989668725101
54555,0.982316659059544
54556,0.9823343335632326
54557,0.9823519904012504
54558,0.9823696295912542
54559,0.9823872511508831
54560,0.9824048550977588
54561,0.9824224414494851
54562,0.9824400102236486
54563,0.9824575614378178
54564,0.9824750951095441
54565,0.9824926112563611
54566,0.982510109895785
54567,0.9825275910453145
54568,0.9825450547224306
54569,0.9825625009445971
54570,0.9825799297292601
54571,0.9825973410938486
54572,0.9826147350557738
54573,0.9826321116324297
54574,0.9826494708411929
54575,0.9826668126994226
54576,0.9826841372244607
54577,0.9827014444336316
54578,0.9827187343442427
54579,0.9827360069735838
54580,0.9827532623389275
54581,0.9827705004575292
54582,0.9827877213466272
54583,0.9828049250234422
54584,0.9828221115051778
54585,0.9828392808090207
54586,0.9828564329521401
54587,0.9828735679516882
54588,0.9828906858248
54589,0.9829077865885933
54590,0.982924870260169
54591,0.9829419368566106
54592,0.9829589863949848
54593,0.9829760188923411
54594,0.9829930343657121
54595,0.9830100328321132
54596,0.9830270143085429
54597,0.9830439788119826
54598,0.9830609263593969
54599,0.9830778569677333
54600,0.9830947706539225
54601,0.9831116674348781
54602,0.9831285473274969
54603,0.9831454103486588
54604,0.9831622565152268
54605,0.9831790858440472
54606,0.9831958983519492
54607,0.9832126940557454
54608,0.9832294729722314
54609,0.9832462351181862
54610,0.983262980510372
54611,0.983279709165534
54612,0.983296421100401
54613,0.983313116331685
54614,0.9833297948760812
54615,0.983346456750268
54616,0.9833631019709074
54617,0.9833797305546446
54618,0.9833963425181081
54619,0.9834129378779102
54620,0.9834295166506459
54621,0.9834460788528941
54622,0.9834626245012171
54623,0.9834791536121604
54624,0.9834956662022533
54625,0.9835121622880081
54626,0.9835286418859212
54627,0.9835451050124719
54628,0.9835615516841236
54629,0.9835779819173229
54630,0.9835943957285
54631,0.9836107931340687
54632,0.9836271741504264
54633,0.9836435387939543
54634,0.9836598870810168
54635,0.9836762190279623
54636,0.9836925346511228
54637,0.9837088339668139
54638,0.9837251169913348
54639,0.9837413837409686
54640,0.9837576342319821
54641,0.9837738684806259
54642,0.983790086503134
54643,0.9838062883157246
54644,0.9838224739345994
54645,0.9838386433759442
54646,0.9838547966559282
54647,0.9838709337907049
54648,0.9838870547964114
54649,0.9839031596891685
54650,0.9839192484850814
54651,0.9839353212002387
54652,0.9839513778507133
54653,0.9839674184525616
54654,0.9839834430218244
54655,0.9839994515745262
54656,0.9840154441266755
54657,0.9840314206942651
54658,0.9840473812932713
54659,0.9840633259396548
54660,0.9840792546493603
54661,0.9840951674383165
54662,0.9841110643224361
54663,0.9841269453176161
54664,0.9841428104397375
54665,0.9841586597046653
54666,0.9841744931282489
54667,0.9841903107263216
54668,0.984206112514701
54669,0.9842218985091891
54670,0.9842376687255717
54671,0.9842534231796192
54672,0.9842691618870858
54673,0.9842848848637104
54674,0.9843005921252159
54675,0.9843162836873096
54676,0.9843319595656831
54677,0.9843476197760123
54678,0.9833637640840822
54679,0.9833803920060371
54680,0.9833970033083799
54681,0.9834135980077218
54682,0.9834301761206575
54683,0.9834467376637653
54684,0.9834632826536066
54685,0.9834798111067264
54686,0.9834963230396533
54687,0.983512818468899
54688,0.9835292974109591
54689,0.9835457598823124
54690,0.9835622058994216
54691,0.9835786354787325
54692,0.9835950486366748
54693,0.9836114453896616
54694,0.9836278257540897
54695,0.9836441897463395
54696,0.9836605373827749
54697,0.9836768686797437
54698,0.983693183653577
54699,0.98370948232059
54700,0.9837257646970812
54701,0.983742030799333
54702,0.9837582806436115
54703,0.9837745142461666
54704,0.9837907316232318
54705,0.9838069327910247
54706,0.9838231177657464
54707,0.9838392865635817
54708,0.9838554392006995
54709,0.9838715756932526
54710,0.9838876960573772
54711,0.983903800309194
54712,0.983919888464807
54713,0.9839359605403045
54714,0.9839520165517585
54715,0.983968056515225
54716,0.983984080446744
54717,0.9840000883623394
54718,0.9840160802780192
54719,0.9840320562097753
54720,0.9840480161735836
54721,0.9840639601854041
54722,0.9840798882611808
54723,0.9840958004168417
54724,0.9841116966682992
54725,0.9841275770314494
54726,0.9841434415221726
54727,0.9841592901563333
54728,0.9841751229497803
54729,0.9841909399183462
54730,0.9842067410778481
54731,0.9842225264440871
54732,0.9842382960328486
54733,0.9842540498599023
54734,0.9842697879410018
54735,0.9842855102918854
54736,0.9843012169282753
54737,0.9843169078658782
54738,0.9843325831203851
54739,0.9843482427074711
54740,0.984363886642796
54741,0.9843795149420036
54742,0.9843951276207222
54743,0.9844107246945646
54744,0.9844263061791277
54745,0.9844418720899932
54746,0.9844574224427268
54747,0.984472957252879
54748,0.9844884765359846
54749,0.9845039803075628
54750,0.9845194685831175
54751,0.9845349413781368
54752,0.9845503987080937
54753,0.9845658405884454
54754,0.9845812670346339
54755,0.9845966780620855
54756,0.9846120736862114
54757,0.9846274539224071
54758,0.9846428187860529
54759,0.9846581682925136
54760,0.9846735024571388
54761,0.9846888212952626
54762,0.9847041248222038
54763,0.984719413053266
54764,0.9847346860037376
54765,0.9847499436888912
54766,0.9847651861239848
54767,0.9837809130743856
54768,0.9837971240558205
54769,0.9838133188343754
54770,0.983829497426245
54771,0.9838456598476081
54772,0.9838618061146269
54773,0.9838779362434479
54774,0.983894050250201
54775,0.9839101481510004
54776,0.9839262299619439
54777,0.9839422956991134
54778,0.9839583453785745
54779,0.9839743790163771
54780,0.9839903966285546
54781,0.9840063982311248
54782,0.9840223838400892
54783,0.9840383534714334
54784,0.9840543071411272
54785,0.9840702448651241
54786,0.9840861666593618
54787,0.9841020725397622
54788,0.9841179625222313
54789,0.9841338366226589
54790,0.984149694856919
54791,0.9841655372408702
54792,0.9841813637903546
54793,0.9841971745211988
54794,0.9842129694492137
54795,0.9842287485901939
54796,0.9842445119599189
54797,0.9842602595741519
54798,0.9842759914486404
54799,0.9842917075991165
54800,0.9843074080412964
54801,0.9843230927908803
54802,0.9843387618635531
54803,0.9843544152749838
54804,0.9843700530408259
54805,0.9843856751767172
54806,0.9844012816982797
54807,0.98441687262112
54808,0.984432447960829
54809,0.984448007732982
54810,0.984463551953139
54811,0.984479080636844
54812,0.9844945937996258
54813,0.9845100914569975
54814,0.9845255736244568
54815,0.9845410403174858
54816,0.9845564915515512
54817,0.9835724270922294
54818,0.9835888464554555
54819,0.983605249407524
54820,0.9836216359648379
54821,0.9836380061437836
54822,0.9836543599607314
54823,0.983670697432035
54824,0.983687018574032
54825,0.9837033234030435
54826,0.9837196119353743
54827,0.983735884187313
54828,0.9837521401751317
54829,0.9837683799150866
54830,0.9837846034234173
54831,0.9838008107163475
54832,0.9838170018100842
54833,0.9838331767208188
54834,0.9838493354647261
54835,0.9838654780579648
54836,0.9838816045166774
54837,0.9828982146071155
54838,0.982915307845889
54839,0.9829323839999661
54840,0.9829494430864228
54841,0.9829664851223184
54842,0.982983510124695
54843,0.9830005181105773
54844,0.9830175090969735
54845,0.9830344831008746
54846,0.9830514401392545
54847,0.9830683802290703
54848,0.9830853033872621
54849,0.9831022096307531
54850,0.9831190989764496
54851,0.9831359714412408
54852,0.9831528270419991
54853,0.9831696657955803
54854,0.9831864877188231
54855,0.9832032928285495
54856,0.9832200811415645
54857,0.9832368526746563
54858,0.9832536074445967
54859,0.9832703454681403
54860,0.9832870667620253
54861,0.9833037713429728
54862,0.9833204592276874
54863,0.9833371304328571
54864,0.9833537849751531
54865,0.9833704228712299
54866,0.9833870441377254
54867,0.9834036487912609
54868,0.983420236848441
54869,0.9834368083258539
54870,0.9834533632400709
54871,0.983469901607647
54872,0.9834864234451206
54873,0.9835029287690136
54874,0.9835194175958312
54875,0.9835358899420622
54876,0.983552345824179
54877,0.9835687852586377
54878,0.9835852082618775
54879,0.9836016148503214
54880,0.983618005040376
54881,0.9836343788484316
54882,0.983650736290862
54883,0.9836670773840245
54884,0.9836834021442603
54885,0.9836997105878942
54886,0.9837160027312346
54887,0.9837322785905737
54888,0.9837485381821873
54889,0.983764781522335
54890,0.9837810086272603
54891,0.98379721951319
54892,0.9838134141963353
54893,0.9838295926928907
54894,0.9838457550190347
54895,0.9838619011909298
54896,0.983878031224722
54897,0.9838941451365413
54898,0.9839102429425017
54899,0.9839263246587011
54900,0.9839423903012211
54901,0.9839584398861274
54902,0.9839744734294696
54903,0.9839904909472813
54904,0.9840064924555799
54905,0.9840224779703669
54906,0.9840384475076279
54907,0.9840544010833324
54908,0.9840703387134341
54909,0.9840862604138704
54910,0.9841021662005631
54911,0.9841180560894182
54912,0.9841339300963253
54913,0.9841497882371586
54914,0.9841656305277762
54915,0.9841814569840203
54916,0.9841972676217174
54917,0.9842130624566783
54918,0.9842288415046976
54919,0.9842446047815545
54920,0.9842603523030122
54921,0.9842760840848184
54922,0.9842918001427046
54923,0.984307500492387
54924,0.9843231851495661
54925,0.9843388541299263
54926,0.9843545074491368
54927,0.9843701451228508
54928,0.984385767166706
54929,0.9844013735963245
54930,0.9844169644273127
54931,0.9844325396752615
54932,0.984448099355746
54933,0.9844636434843259
54934,0.9844791720765455
54935,0.9844946851479333
54936,0.9845101827140023
54937,0.9845256647902502
54938,0.9845411313921589
54939,0.9845565825351953
54940,0.9845720182348103
54941,0.9845874385064397
54942,0.9846028433655037
54943,0.9846182328274072
54944,0.9846336069075398
54945,0.9846489656212754
54946,0.9846643089839727
54947,0.9846796370109753
54948,0.984694949717611
54949,0.9847102471191925
54950,0.9847255292310174
54951,0.9847407960683677
54952,0.9847560476465103
54953,0.9847712839806967
54954,0.9847865050861633
54955,0.9848017109781312
54956,0.9848169016718062
54957,0.9848320771823792
54958,0.9848472375250255
54959,0.9848623827149054
54960,0.9848775127671644
54961,0.9848926276969323
54962,0.9849077275193242
54963,0.9849228122494398
54964,0.9849378819023639
54965,0.9849529364931661
54966,0.984967976036901
54967,0.9849830005486082
54968,0.9849980100433122
54969,0.9850130045360226
54970,0.9850279840417338
54971,0.9850429485754252
54972,0.9850578981520615
54973,0.9850728327865922
54974,0.9850877524939519
54975,0.9851026572890603
54976,0.9851175471868224
54977,0.9851324222021279
54978,0.9851472823498519
54979,0.9851621276448546
54980,0.9851769581019811
54981,0.9851917737360621
54982,0.9852065745619132
54983,0.9852213605943351
54984,0.9852361318481139
54985,0.9852508883380208
54986,0.9852656300788124
54987,0.9852803570852304
54988,0.9852950693720018
54989,0.9853097669538389
54990,0.9853244498454392
54991,0.9853391180614858
54992,0.9853537716166467
54993,0.9853684105255757
54994,0.9853830348029115
54995,0.9853976444632784
54996,0.9854122395212861
54997,0.9854268199915297
54998,0.9854413858885896
54999,0.9854559372270318
55000,0.9854704740214076
55001,0.9854849962862539
55002,0.9854995040360927
55003,0.9855139972854319
55004,0.9855284760487648
55005,0.9855429403405701
55006,0.9855573901753122
55007,0.9855718255674408
55008,0.9855862465313914
55009,0.9856006530815848
55010,0.9856150452324278
55011,0.9856294229983125
55012,0.9856437863936165
55013,0.9856581354327033
55014,0.985672470129922
55015,0.9856867904996072
55016,0.9857010965560793
55017,0.9857153883136445
55018,0.9857296657865944
55019,0.9857439289892065
55020,0.985758177935744
55021,0.9857724126404559
55022,0.9857866331175769
55023,0.9858008393813275
55024,0.9858150314459139
55025,0.9858292093255282
55026,0.9858433730343482
55027,0.9858575225865378
55028,0.9858716579962464
55029,0.9858857792776095
55030,0.9858998864447482
55031,0.98591397951177
55032,0.9859280584927677
55033,0.9859421234018204
55034,0.985956174252993
55035,0.9859702110603363
55036,0.9859842338378872
55037,0.9859982425996685
55038,0.9860122373596888
55039,0.986026218131943
55040,0.9860401849304118
55041,0.986054137769062
55042,0.9860680766618466
55043,0.9860820016227043
55044,0.9860959126655602
55045,0.9861098098043253
55046,0.9861236930528967
55047,0.9861375624251577
55048,0.9861514179349776
55049,0.986165259596212
55050,0.9861790874227025
55051,0.9861929014282771
55052,0.9862067016267496
55053,0.9862204880319203
55054,0.9862342606575756
55055,0.9862480195174881
55056,0.9862617646254166
55057,0.9862754959951063
55058,0.9862892136402887
55059,0.9863029175746811
55060,0.9863166078119878
55061,0.9863302843658989
55062,0.9863439472500909
55063,0.9863575964782267
55064,0.9863712320639556
55065,0.9863848540209131
55066,0.9863984623627213
55067,0.9864120571029885
55068,0.9864256382553094
55069,0.986439205833265
55070,0.9864527598504232
55071,0.9864663003203379
55072,0.9864798272565495
55073,0.9864933406725849
55074,0.9865068405819576
55075,0.9865203269981675
55076,0.986533799934701
55077,0.9865472594050312
55078,0.9865607054226173
55079,0.9865741380009055
55080,0.9865875571533285
55081,0.9866009628933051
55082,0.9866143552342413
55083,0.9866277341895294
55084,0.9866410997725484
55085,0.9866544519966638
55086,0.9866677908752278
55087,0.9866811164215794
55088,0.9866944286490441
55089,0.9867077275709342
55090,0.9867210132005484
55091,0.9867342855511725
55092,0.9867475446360788
55093,0.9867607904685265
55094,0.9867740230617613
55095,0.9867872424290159
55096,0.9868004485835097
55097,0.9868136415384487
55098,0.986826821307026
55099,0.9868399879024213
55100,0.9868531413378012
55101,0.9868662816263192
55102,0.9868794087811155
55103,0.9868925228153173
55104,0.9869056237420386
55105,0.9869187115743804
55106,0.9869317863254304
55107,0.9869448480082635
55108,0.9869578966359415
55109,0.9869709322215128
55110,0.986983954778013
55111,0.9869969643184648
55112,0.9870099608558777
55113,0.9870229444032481
55114,0.9870359149735597
55115,0.987048872579783
55116,0.9870618172348757
55117,0.9870747489517824
55118,0.9870876677434348
55119,0.9871005736227517
55120,0.987113466602639
55121,0.9871263466959896
55122,0.9871392139156838
55123,0.9871520682745887
55124,0.9871649097855586
55125,0.9871777384614351
55126,0.9871905543150469
55127,0.9872033573592097
55128,0.9872161476067267
55129,0.9872289250703882
55130,0.9872416897629714
55131,0.9872544416972413
55132,0.9872671808859497
55133,0.9872799073418358
55134,0.987292621077626
55135,0.9873053221060343
55136,0.9873180104397614
55137,0.9873306860914958
55138,0.9873433490739131
55139,0.9873559993996763
55140,0.9873686370814357
55141,0.9873812621318291
55142,0.9873938745634814
55143,0.9874064743890051
55144,0.9874190616210001
55145,0.9874316362720535
55146,0.9874441983547402
55147,0.987456747881622
55148,0.9874692848652485
55149,0.9874818093181569
55150,0.9874943212528714
55151,0.987506820681904
55152,0.9875193076177542
55153,0.9875317820729088
55154,0.9875442440598424
55155,0.9875566935910169
55156,0.987569130678882
55157,0.9875815553358746
55158,0.9875939675744194
55159,0.9876063674069288
55160,0.9876187548458024
55161,0.9876311299034278
55162,0.98764349259218
55163,0.9876558429244217
55164,0.9876681809125032
55165,0.9876805065687626
55166,0.9876928199055255
55167,0.9877051209351052
55168,0.9877174096698027
55169,0.9877296861219068
55170,0.987741950303694
55171,0.9877542022274285
55172,0.9877664419053621
55173,0.9877786693497346
55174,0.9877908845727733
55175,0.9878030875866936
55176,0.9878152784036983
55177,0.9878274570359785
55178,0.9878396234957126
55179,0.9878517777950673
55180,0.9878639199461966
55181,0.9878760499612429
55182,0.9878881678523361
55183,0.9879002736315942
55184,0.9879123673111228
55185,0.9879244489030157
55186,0.9879365184193545
55187,0.9879485758722087
55188,0.9879606212736358
55189,0.9879726546356812
55190,0.9879846759703782
55191,0.9879966852897482
55192,0.9880086826058003
55193,0.9880206679305321
55194,0.9880326412759289
55195,0.988044602653964
55196,0.9880565520765987
55197,0.9880684895557825
55198,0.9880804151034529
55199,0.9880923287315354
55200,0.9881042304519436
55201,0.9881161202765794
55202,0.9881279982173324
55203,0.9881398642860807
55204,0.9881517184946903
55205,0.9881635608550154
55206,0.9881753913788985
55207,0.98818721007817
55208,0.9881990169646486
55209,0.9882108120501413
55210,0.988222595346443
55211,0.988234366865337
55212,0.9882461266185951
55213,0.9882578746179769
55214,0.9882696108752302
55215,0.9882813354020916
55216,0.9882930482102854
55217,0.9883047493115245
55218,0.9873169384676349
55219,0.9873296151908056
55220,0.9873422792435884
55221,0.9873549306386473
55222,0.9873675693886337
55223,0.9873801955061863
55224,0.9873928090039312
55225,0.987405409894482
55226,0.9874179981904395
55227,0.9874305739043922
55228,0.9874431370489155
55229,0.9874556876365728
55230,0.9874682256799145
55231,0.9874807511914788
55232,0.9874932641837912
55233,0.9875057646693647
55234,0.9875182526606997
55235,0.9875307281702842
55236,0.9875431912105938
55237,0.9875556417940914
55238,0.9875680799332277
55239,0.9875805056404409
55240,0.9865934186782815
55241,0.9866068185596626
55242,0.9866202050478589
55243,0.9866335781562569
55244,0.9866469378982297
55245,0.9866602842871369
55246,0.9866736173363252
55247,0.9866869370591275
55248,0.9867002434688634
55249,0.9857140363289645
55250,0.9857283151532233
55251,0.9857425797057938
55252,0.9857568300009405
55253,0.9857710660529135
55254,0.9857852878759491
55255,0.985799495484269
55256,0.9858136888920809
55257,0.985827868113578
55258,0.9858420331629397
55259,0.9858561840543311
55260,0.985870320801903
55261,0.9858844434197921
55262,0.9858985519221212
55263,0.9859126463229986
55264,0.9859267266365188
55265,0.9859407928767622
55266,0.9859548450577948
55267,0.9859688831936692
55268,0.9859829072984231
55269,0.9859969173860809
55270,0.9860109134706525
55271,0.9860248955661342
55272,0.9860388636865078
55273,0.9860528178457417
55274,0.98606675805779
55275,0.9860806843365928
55276,0.9860945966960765
55277,0.9861084951501533
55278,0.9861223797127219
55279,0.9861362503976667
55280,0.9861501072188584
55281,0.9861639501901539
55282,0.9861777793253961
55283,0.9861915946384142
55284,0.9862053961430235
55285,0.9862191838530254
55286,0.9862329577822078
55287,0.9862467179443445
55288,0.9862604643531957
55289,0.9862741970225078
55290,0.9862879159660136
55291,0.9863016211974319
55292,0.986315312730468
55293,0.9863289905788134
55294,0.9863426547561459
55295,0.9863563052761297
55296,0.9863699421524155
55297,0.9863835653986399
55298,0.9863971750284264
55299,0.9864107710553844
55300,0.9864243534931102
55301,0.986437922355186
55302,0.9864514776551808
55303,0.9864650194066499
55304,0.986478547623135
55305,0.9864920623181643
55306,0.9865055635052526
55307,0.9865190511979011
55308,0.9865325254095973
55309,0.9865459861538156
55310,0.9865594334440166
55311,0.9865728672936478
55312,0.9865862877161429
55313,0.9865996947249224
55314,0.9866130883333932
55315,0.9866264685549491
55316,0.9866398354029701
55317,0.9866531888908232
55318,0.9866665290318619
55319,0.9866798558394263
55320,0.9866931693268431
55321,0.986706469507426
55322,0.9867197563944751
55323,0.9867330300012772
55324,0.9867462903411061
55325,0.9867595374272219
55326,0.9867727712728719
55327,0.9867859918912898
55328,0.9867991992956963
55329,0.9868123934992987
55330,0.9868255745152914
55331,0.9868387423568553
55332,0.9868518970371583
55333,0.986865038569355
55334,0.986878166966587
55335,0.9868912822419827
55336,0.9869043844086575
55337,0.9869174734797133
55338,0.9869305494682393
55339,0.9869436123873115
55340,0.9859571620001178
55341,0.9859711978202077
55342,0.9859852196114919
55343,0.9859992273879922
55344,0.9860132211637164
55345,0.9860272009526582
55346,0.9860411667687975
55347,0.9860551186261001
55348,0.9860690565385177
55349,0.9860829805199884
55350,0.9860968905844363
55351,0.9851112864958961
55352,0.9851261677687637
55353,0.9851410341677954
55354,0.9851558857078576
55355,0.9851707224038018
55356,0.9851855442704647
55357,0.9852003513226681
55358,0.9852151435752192
55359,0.9852299210429102
55360,0.9852446837405184
55361,0.9852594316828067
55362,0.985274164884523
55363,0.9852888833604005
55364,0.9853035871251578
55365,0.9853182761934984
55366,0.9853329505801116
55367,0.9853476102996718
55368,0.9853622553668385
55369,0.9853768857962569
55370,0.9853915016025575
55371,0.985406102800356
55372,0.9854206894042538
55373,0.9854352614288372
55374,0.9854498188886784
55375,0.985464361798335
55376,0.9854788901723496
55377,0.9854934040252508
55378,0.9855079033715524
55379,0.9855223882257537
55380,0.9855368586023396
55381,0.9855513145157806
55382,0.9855657559805324
55383,0.9855801830110367
55384,0.9855945956217202
55385,0.9856089938269958
55386,0.9856233776412617
55387,0.9856377470789016
55388,0.985652102154285
55389,0.985666442881767
55390,0.9856807692756883
55391,0.9856950813503752
55392,0.9857093791201399
55393,0.9857236625992802
55394,0.9857379318020796
55395,0.9857521867428072
55396,0.985766427435718
55397,0.9857806538950525
55398,0.9857948661350375
55399,0.9858090641698851
55400,0.9858232480137933
55401,0.9858374176809459
55402,0.9858515731855126
55403,0.9858657145416491
55404,0.9858798417634965
55405,0.9858939548651822
55406,0.9859080538608191
55407,0.9859221387645065
55408,0.9859362095903291
55409,0.9859502663523578
55410,0.9859643090646494
55411,0.9849788374913714
55412,0.9849938511470522
55413,0.9850088497965803
55414,0.9850238334549546
55415,0.9850388021371586
55416,0.9850537558581609
55417,0.9850686946329154
55418,0.9850836184763607
55419,0.9850985274034209
55420,0.9841139211791295
55421,0.9841297993188806
55422,0.9841456615884269
55423,0.9841615080036309
55424,0.984177338580339
55425,0.9841931533343816
55426,0.9842089522815737
55427,0.983225235187839
55428,0.9832420015694604
55429,0.9832587511930792
55430,0.9832754840754448
55431,0.9832922002332904
55432,0.9833088996833321
55433,0.9833255824422693
55434,0.9833422485267848
55435,0.9833588979535446
55436,0.9833755307391983
55437,0.9833921469003785
55438,0.9834087464537015
55439,0.9834253294157668
55440,0.9834418958031573
55441,0.9834584456324396
55442,0.9834749789201632
55443,0.9834914956828618
55444,0.9835079959370518
55445,0.9835244796992337
55446,0.9835409469858911
55447,0.9835573978134914
55448,0.9835738321984854
55449,0.9835902501573075
55450,0.9836066517063756
55451,0.9836230368620914
55452,0.98363940564084
55453,0.9836557580589901
55454,0.9836720941328941
55455,0.9836884138788883
55456,0.9837047173132922
55457,0.9837210044524094
55458,0.983737275312527
55459,0.9837535299099157
55460,0.9837697682608303
55461,0.9837859903815092
55462,0.9838021962881743
55463,0.9838183859970318
55464,0.9838345595242711
55465,0.983850716886066
55466,0.9838668580985737
55467,0.9838829831779354
55468,0.9838990921402764
55469,0.9839151850017054
55470,0.9839312617783154
55471,0.9839473224861831
55472,0.9839633671413693
55473,0.9839793957599187
55474,0.9839954083578598
55475,0.9840114049512053
55476,0.9840273855559517
55477,0.9840433501880796
55478,0.9840592988635538
55479,0.9830757313484478
55480,0.983092647159194
55481,0.983109546062583
55482,0.983126428075514
55483,0.9831432932148688
55484,0.9831601414975126
55485,0.9831769729402937
55486,0.9831937875600435
55487,0.9832105853735766
55488,0.983227366397691
55489,0.9832441306491676
55490,0.9832608781447706
55491,0.9832776089012476
55492,0.9832943229353294
55493,0.9823115200138548
55494,0.9823291996540209
55495,0.9823468616233821
55496,0.9823645059396007
55497,0.9823821326203207
55498,0.9823997416831689
55499,0.9824173331457544
55500,0.9824349070256687
55501,0.9824524633404856
55502,0.9824700021077615
55503,0.9824875233450351
55504,0.9825050270698277
55505,0.9825225132996429
55506,0.9825399820519671
55507,0.982557433344269
55508,0.9825748671939999
55509,0.9825922836185936
55510,0.9826096826354666
55511,0.9826270642620178
55512,0.982644428515629
55513,0.9826617754136644
55514,0.9826791049734708
55515,0.9826964172123779
55516,0.9827137121476979
55517,0.9827309897967257
55518,0.982748250176739
55519,0.9827654933049981
55520,0.9827827191987462
55521,0.9827999278752092
55522,0.9828171193515958
55523,0.9828342936450974
55524,0.9828514507728885
55525,0.982868590752126
55526,0.9828857135999499
55527,0.9829028193334832
55528,0.9829199079698315
55529,0.9829369795260836
55530,0.9829540340193109
55531,0.9819715712166929
55532,0.9819895906357666
55533,0.9820075920444266
55534,0.982025575460674
55535,0.9820435409024925
55536,0.9820614883878472
55537,0.982079417934686
55538,0.9820973295609382
55539,0.9821152232845155
55540,0.9821330991233116
55541,0.9811514568453272
55542,0.9811702959689201
55543,0.9811891162628043
55544,0.9812079177458
55545,0.9812267004367087
55546,0.9812454643543131
55547,0.9812642095173773
55548,0.9812829359446462
55549,0.9813016436548465
55550,0.9813203326666857
55551,0.9813390029988529
55552,0.9813576546700185
55553,0.981376287698834
55554,0.9813949021039327
55555,0.9814134979039287
55556,0.981432075117418
55557,0.9814506337629778
55558,0.9814691738591668
55559,0.981487695424525
55560,0.9815061984775739
55561,0.9815246830368167
55562,0.9815431491207379
55563,0.9815615967478036
55564,0.9815800259364615
55565,0.9815984367051407
55566,0.981616829072252
55567,0.9816352030561878
55568,0.981653558675322
55569,0.9816718959480103
55570,0.98169021489259
55571,0.98170851552738
55572,0.981726797870681
55573,0.9817450619407753
55574,0.9817633077559269
55575,0.9817815353343817
55576,0.9817997446943674
55577,0.9818179358540932
55578,0.9818361088317502
55579,0.9818542636455115
55580,0.9818724003135321
55581,0.9818905188539483
55582,0.9819086192848788
55583,0.9819267016244242
55584,0.9819447658906666
55585,0.9819628121016705
55586,0.9819808402754819
55587,0.9819988504301291
55588,0.9820168425836222
55589,0.9820348167539534
55590,0.9820527729590969
55591,0.9820707112170088
55592,0.9820886315456275
55593,0.9821065339628733
55594,0.9821244184866486
55595,0.9821422851348378
55596,0.9821601339253078
55597,0.9821779648759071
55598,0.982195778004467
55599,0.9822135733288003
55600,0.9812318506168275
55601,0.9812506093868256
55602,0.9812693494074285
55603,0.9812880706973761
55604,0.9813067732753897
55605,0.9813254571601719
55606,0.9813441223704067
55607,0.9813627689247592
55608,0.9813813968418759
55609,0.9814000061403847
55610,0.9814185968388951
55611,0.9814371689559976
55612,0.9814557225102645
55613,0.9814742575202492
55614,0.9814927740044869
55615,0.9815112719814939
55616,0.9815297514697683
55617,0.9815482124877896
55618,0.9815666550540186
55619,0.9815850791868982
55620,0.9816034849048523
55621,0.9816218722262867
55622,0.9816402411695888
55623,0.9816585917531274
55624,0.9816769239952532
55625,0.9816952379142985
55626,0.981713533528577
55627,0.9817318108563846
55628,0.9817500699159984
55629,0.9817683107256776
55630,0.981786533303663
55631,0.981804737668177
55632,0.9818229238374242
55633,0.9818410918295907
55634,0.9818592416628444
55635,0.9818773733553353
55636,0.981895486925195
55637,0.9819135823905372
55638,0.9819316597694572
55639,0.9819497190800325
55640,0.9819677603403223
55641,0.981985783568368
55642,0.9820037887821926
55643,0.9820217759998017
55644,0.9820397452391821
55645,0.9820576965183034
55646,0.9820756298551168
55647,0.9820935452675554
55648,0.9821114427735349
55649,0.9821293223909526
55650,0.9821471841376883
55651,0.9821650280316037
55652,0.9821828540905426
55653,0.9822006623323312
55654,0.9822184527747776
55655,0.9822362254356723
55656,0.9822539803327881
55657,0.9812722172340047
55658,0.9812909356575589
55659,0.9813096353720441
55660,0.98132831639616
55661,0.9813469787485877
55662,0.9813656224479894
55663,0.9813842475130089
55664,0.9814028539622712
55665,0.9814214418143828
55666,0.9814400110879317
55667,0.9814585618014869
55668,0.9814770939735994
55669,0.9814956076228012
55670,0.981514102767606
55671,0.981532579426509
55672,0.9815510376179867
55673,0.9815694773604975
55674,0.981587898672481
55675,0.9816063015723585
55676,0.981624686078533
55677,0.9816430522093891
55678,0.9816613999832927
55679,0.9816797294185917
55680,0.9816980405336156
55681,0.9817163333466755
55682,0.9817346078760641
55683,0.9817528641400561
55684,0.9817711021569077
55685,0.9817893219448568
55686,0.9818075235221233
55687,0.9818257069069087
55688,0.9818438721173965
55689,0.981862019171752
55690,0.9818801480881221
55691,0.9818982588846357
55692,0.9819163515794036
55693,0.9819344261905186
55694,0.9819524827360553
55695,0.9819705212340702
55696,0.9819885417026019
55697,0.9820065441596707
55698,0.9820245286232793
55699,0.982042495111412
55700,0.9820604436420353
55701,0.9820783742330977
55702,0.9820962869025299
55703,0.9821141816682445
55704,0.9821320585481363
55705,0.9821499175600822
55706,0.9821677587219412
55707,0.9821855820515544
55708,0.9822033875667452
55709,0.9822211752853192
55710,0.9822389452250639
55711,0.9822566974037495
55712,0.9822744318391281
55713,0.981292648299059
55714,0.9813113463017586
55715,0.9813300256157999
55716,0.981348686259862
55717,0.9813673282526059
55718,0.9813859516126733
55719,0.9814045563586876
55720,0.9814231425092537
55721,0.9814417100829576
55722,0.9814602590983669
55723,0.9814787895740307
55724,0.9814973015284795
55725,0.9815157949802251
55726,0.9815342699477612
55727,0.9815527264495625
55728,0.9815711645040857
55729,0.9815895841297687
55730,0.9816079853450314
55731,0.9816263681682748
55732,0.9816447326178817
55733,0.9816630787122166
55734,0.9816814064696257
55735,0.9816997159084366
55736,0.9817180070469589
55737,0.9817362799034837
55738,0.9817545344962838
55739,0.9817727708436138
55740,0.9817909889637102
55741,0.981809188874791
55742,0.9818273705950561
55743,0.9818455341426873
55744,0.981863679535848
55745,0.9818818067926837
55746,0.9818999159313216
55747,0.9819180069698711
55748,0.981936079926423
55749,0.9819541348190503
55750,0.9819721716658079
55751,0.9819901904847326
55752,0.9820081912938433
55753,0.9820261741111408
55754,0.982044138954608
55755,0.9820620858422096
55756,0.9820800147918926
55757,0.9820979258215858
55758,0.9821158189492004
55759,0.9821336941926295
55760,0.9821515515697483
55761,0.9821693910984143
55762,0.9821872127964668
55763,0.9822050166817277
55764,0.9822228027720008
55765,0.9822405710850722
55766,0.9822583216387103
55767,0.9822760544506656
55768,0.9822937695386709
55769,0.9823114669204414
55770,0.9823291466136743
55771,0.9823468086360495
55772,0.9823644530052289
55773,0.9823820797388568
55774,0.9823996888545601
55775,0.9824172803699478
55776,0.9824348543026116
55777,0.9824524106701252
55778,0.9824699494900452
55779,0.9824874707799102
55780,0.9825049745572416
55781,0.9825224608395432
55782,0.9825399296443013
55783,0.9825573809889846
55784,0.9825748148910446
55785,0.9825922313679151
55786,0.9826096304370127
55787,0.9826270121157363
55788,0.9826443764214677
55789,0.9826617233715712
55790,0.9826790529833938
55791,0.982696365274265
55792,0.9827136602614971
55793,0.9827309379623852
55794,0.9827481983942069
55795,0.9827654415742227
55796,0.9827826675196758
55797,0.9827998762477921
55798,0.9828170677757803
55799,0.9828342421208319
55800,0.9828513993001214
55801,0.982868539330806
55802,0.9828856622300256
55803,0.9829027680149032
55804,0.9829198567025444
55805,0.9829369283100382
55806,0.982953982854456
55807,0.9829710203528523
55808,0.9829880408222648
55809,0.9830050442797138
55810,0.9830220307422028
55811,0.9830390002267184
55812,0.9830559527502299
55813,0.98307288832969
55814,0.9830898069820341
55815,0.9831067087241809
55816,0.9831235935730324
55817,0.9831404615454731
55818,0.9831573126583711
55819,0.9831741469285776
55820,0.9831909643729269
55821,0.9832077650082363
55822,0.9832245488513065
55823,0.9832413159189214
55824,0.983258066227848
55825,0.9832747997948366
55826,0.9832915166366208
55827,0.9833082167699175
55828,0.9833249002114268
55829,0.9833415669778321
55830,0.9833582170858003
55831,0.9833748505519814
55832,0.9833914673930089
55833,0.9834080676254996
55834,0.9834246512660538
55835,0.9834412183312552
55836,0.9834577688376708
55837,0.983474302801851
55838,0.9834908202403299
55839,0.9835073211696249
55840,0.983523805606237
55841,0.9835402735666505
55842,0.9835567250673335
55843,0.9835731601247375
55844,0.9835895787552975
55845,0.9836059809754322
55846,0.9836223668015437
55847,0.983638736250018
55848,0.9836550893372243
55849,0.983671426079516
55850,0.9836877464932295
55851,0.9837040505946856
55852,0.9837203384001881
55853,0.9837366099260251
55854,0.9837528651884678
55855,0.9837691042037717
55856,0.9837853269881758
55857,0.9838015335579028
55858,0.9838177239291592
55859,0.9838338981181356
55860,0.9838500561410061
55861,0.9838661980139286
55862,0.9838823237530451
55863,0.9838984333744814
55864,0.9839145268943469
55865,0.9839306043287354
55866,0.9839466656937241
55867,0.9839627110053746
55868,0.983978740279732
55869,0.9839947535328257
55870,0.984010750780669
55871,0.9840267320392591
55872,0.9840426973245772
55873,0.9840586466525886
55874,0.9840745800392426
55875,0.9840904975004728
55876,0.9841063990521965
55877,0.9841222847103153
55878,0.9841381544907147
55879,0.9841540084092647
55880,0.9841698464818192
55881,0.9841856687242161
55882,0.9842014751522778
55883,0.9832177655319357
55884,0.98323453937948
55885,0.9832512964615595
55886,0.9832680367949312
55887,0.9832847603963356
55888,0.9833014672824962
55889,0.98331815747012
55890,0.9833348309758969
55891,0.9833514878165007
55892,0.9833681280085882
55893,0.9833847515687995
55894,0.9834013585137582
55895,0.9834179488600713
55896,0.9834345226243291
55897,0.9834510798231053
55898,0.9834676204729573
55899,0.9834841445904257
55900,0.9835006521920344
55901,0.9835171432942913
55902,0.9835336179136873
55903,0.9835500760666971
55904,0.9835665177697789
55905,0.9835829430393743
55906,0.9835993518919087
55907,0.9836157443437908
55908,0.9836321204114132
55909,0.9836484801111519
55910,0.9836648234593667
55911,0.9836811504724008
55912,0.9836974611665813
55913,0.9837137555582189
55914,0.983730033663608
55915,0.9837462954990267
55916,0.9837625410807368
55917,0.983778770424984
55918,0.9837949835479974
55919,0.9838111804659905
55920,0.9838273611951599
55921,0.9838435257516864
55922,0.9838596741517347
55923,0.9838758064114531
55924,0.9838919225469739
55925,0.9839080225744132
55926,0.983924106509871
55927,0.9839401743694314
55928,0.9839562261691621
55929,0.983972261925115
55930,0.9839882816533257
55931,0.9840042853698142
55932,0.984020273090584
55933,0.9840362448316229
55934,0.9840522006089026
55935,0.984068140438379
55936,0.9840840643359918
55937,0.984099972317665
55938,0.9841158643993065
55939,0.9841317405968085
55940,0.9841476009260471
55941,0.9841634454028827
55942,0.9841792740431596
55943,0.9841950868627067
55944,0.9842108838773367
55945,0.9842266651028466
55946,0.9842424305550177
55947,0.9842581802496154
55948,0.9842739142023894
55949,0.9832901321791986
55950,0.9833068336962608
55951,0.9833235185201527
55952,0.9833401866675588
55953,0.9833568381551475
55954,0.9833734729995701
55955,0.9833900912174616
55956,0.9834066928254401
55957,0.9834232778401074
55958,0.9834398462780484
55959,0.9834563981558314
55960,0.9834729334900085
55961,0.9834894522971149
55962,0.9835059545936695
55963,0.9835224403961746
55964,0.983538909721116
55965,0.983555362584963
55966,0.9835717990041685
55967,0.9835882189951688
55968,0.983604622574384
55969,0.9836210097582176
55970,0.983637380563057
55971,0.9836537350052729
55972,0.9836700731012196
55973,0.9836863948672353
55974,0.9837027003196419
55975,0.9837189894747447
55976,0.9827357620989579
55977,0.9827530177090539
55978,0.9827702560721633
55979,0.9827874772055244
55980,0.9828046811263584
55981,0.9828218678518693
55982,0.9828390373992437
55983,0.9828561897856513
55984,0.9828733250282443
55985,0.9828904431441581
55986,0.9829075441505107
55987,0.9829246280644033
55988,0.9829416949029196
55989,0.9829587446831266
55990,0.982975777422074
55991,0.9829927931367946
55992,0.983009791844304
55993,0.9830267735616011
55994,0.9830437383056674
55995,0.9830606860934679
55996,0.9830776169419502
55997,0.9830945308680452
55998,0.9831114278886669
55999,0.9831283080207122
56000,0.9831451712810613
56001,0.9831620176865774
56002,0.9831788472541071
56003,0.9831956600004798
56004,0.9832124559425083
56005,0.9832292350969886
56006,0.9832459974806997
56007,0.9822632428605291
56008,0.982280970753722
56009,0.9822986809278812
56010,0.9823163734007169
56011,0.9823340481899215
56012,0.98235170531317
56013,0.9823693447881193
56014,0.9823869666324091
56015,0.9824045708636611
56016,0.9824221574994795
56017,0.982439726557451
56018,0.9824572780551447
56019,0.9824748120101121
56020,0.9824923284398871
56021,0.9825098273619861
56022,0.9825273087939081
56023,0.9825447727531347
56024,0.9825622192571295
56025,0.9825796483233392
56026,0.982597059969193
56027,0.9826144542121024
56028,0.9826318310694616
56029,0.9826491905586475
56030,0.9826665326970196
56031,0.9826838575019202
56032,0.982701164990674
56033,0.9827184551805883
56034,0.9827357280889535
56035,0.9827529837330425
56036,0.982770222130111
56037,0.9827874432973972
56038,0.9828046472521225
56039,0.9828218340114907
56040,0.9828390035926886
56041,0.9828561560128858
56042,0.9828732912892347
56043,0.9828904094388706
56044,0.9829075104789118
56045,0.9829245944264591
56046,0.9829416612985965
56047,0.9819592108625159
56048,0.9809777423858917
56049,0.9799972548872552
56050,0.9800172476359936
56051,0.9800372204019746
56052,0.980057173205171
56053,0.9800771060655357
56054,0.9800970190030014
56055,0.9801169120374812
56056,0.980136785188868
56057,0.980156638477035
56058,0.9801764719218357
56059,0.9801962855431032
56060,0.9802160793606514
56061,0.9802358533942739
56062,0.9802556076637449
56063,0.9802753421888186
56064,0.9802950569892296
56065,0.9803147520846927
56066,0.9803344274949028
56067,0.9803540832395357
56068,0.9803737193382468
56069,0.9803933358106723
56070,0.9794134324265538
56071,0.9794340087059875
56072,0.9794545644194248
56073,0.9794750995874214
56074,0.9794956142305125
56075,0.9795161083692125
56076,0.979536582024016
56077,0.9795570352153963
56078,0.9795774679638066
56079,0.9795978802896799
56080,0.9796182722134283
56081,0.979638643755444
56082,0.9796589949360982
56083,0.9796793257757422
56084,0.979699636294707
56085,0.979719926513303
56086,0.9797401964518204
56087,0.9797604461305293
56088,0.9787811753198041
56089,0.9788023835403741
56090,0.9788235705633223
56091,0.9788447364098357
56092,0.9788658811010803
56093,0.9788870046582007
56094,0.9789081071023205
56095,0.978929188454542
56096,0.9789502487359468
56097,0.978971287967595
56098,0.978992306170526
56099,0.9790133033657579
56100,0.9790342795742878
56101,0.9790552348170921
56102,0.979076169115126
56103,0.9790970824893237
56104,0.9791179749605987
56105,0.9791388465498435
56106,0.9791596972779296
56107,0.9791805271657078
56108,0.979201336234008
56109,0.9792221245036391
56110,0.9792428919953896
56111,0.9792636387300269
56112,0.9792843647282977
56113,0.9793050700109281
56114,0.9793257545986234
56115,0.979346418512068
56116,0.979367061771926
56117,0.9793876843988406
56118,0.9794082864134345
56119,0.9794288678363096
56120,0.9794494286880474
56121,0.9794699689892088
56122,0.9794904887603341
56123,0.9795109880219429
56124,0.9795314667945347
56125,0.9795519250985881
56126,0.9795723629545615
56127,0.9795927803828928
56128,0.9796131774039993
56129,0.9796335540382782
56130,0.979653910306106
56131,0.979674246227839
56132,0.9796945618238132
56133,0.9797148571143441
56134,0.9797351321197271
56135,0.9797553868602371
56136,0.979775621356129
56137,0.9797958356276371
56138,0.9798160296949757
56139,0.9798362035783391
56140,0.979856357297901
56141,0.9798764908738151
56142,0.9798966043262151
56143,0.9799166976752144
56144,0.9799367709409064
56145,0.9799568241433643
56146,0.9799768573026413
56147,0.9799968704387706
56148,0.9800168635717653
56149,0.9800368367216187
56150,0.9800567899083037
56151,0.9790772229018986
56152,0.9790981352228362
56153,0.9791190266419038
56154,0.9791398971799928
56155,0.9791607468579738
56156,0.9791815756966965
56157,0.9792023837169896
56158,0.9792231709396613
56159,0.9792439373854986
56160,0.9792646830752683
56161,0.9792854080297158
56162,0.9793061122695661
56163,0.9793267958155235
56164,0.9793474586882717
56165,0.9793681009084733
56166,0.9793887224967707
56167,0.9794093234737854
56168,0.9794299038601184
56169,0.9794504636763501
56170,0.9794710029430405
56171,0.9794915216807286
56172,0.9795120199099333
56173,0.9795324976511528
56174,0.9795529549248648
56175,0.9785738915016515
56176,0.9785953069024494
56177,0.9786167008985489
56178,0.9786380735113439
56179,0.9786594247622071
56180,0.9786807546724898
56181,0.9787020632635218
56182,0.9787233505566117
56183,0.9787446165730469
56184,0.9787658613340934
56185,0.9787870848609959
56186,0.9788082871749779
56187,0.9788294682972418
56188,0.9778511279990937
56189,0.977873265802193
56190,0.9778953814785527
56191,0.9779174750502883
56192,0.9779395465394933
56193,0.9779615959682395
56194,0.9779836233585761
56195,0.9780056287325306
56196,0.9780276121121083
56197,0.9780495735192926
56198,0.9780715129760449
56199,0.9780934305043048
56200,0.9781153261259896
56201,0.9781371998629951
56202,0.978159051737195
56203,0.9781808817704412
56204,0.9782026899845636
56205,0.9782244764013707
56206,0.9782462410426487
56207,0.9782679839301622
56208,0.9782897050856543
56209,0.978311404530846
56210,0.9783330822874369
56211,0.9783547383771046
56212,0.9783763728215054
56213,0.9783979856422734
56214,0.9784195768610218
56215,0.9784411464993416
56216,0.9784626945788025
56217,0.9784842211209527
56218,0.9785057261473186
56219,0.9785272096794052
56220,0.9785486717386962
56221,0.9785701123466535
56222,0.9785915315247178
56223,0.9786129292943083
56224,0.9786343056768227
56225,0.9786556606936375
56226,0.9786769943661077
56227,0.9786983067155668
56228,0.9787195977633274
56229,0.9787408675306803
56230,0.9787621160388955
56231,0.9787833433092215
56232,0.9788045493628854
56233,0.9788257342210934
56234,0.9788468979050303
56235,0.9788680404358598
56236,0.9788891618347245
56237,0.9789102621227458
56238,0.9789313413210239
56239,0.9789523994506381
56240,0.9789734365326465
56241,0.978994452588086
56242,0.979015447637973
56243,0.9790364217033024
56244,0.9790573748050483
56245,0.9790783069641636
56246,0.9790992182015807
56247,0.9791201085382109
56248,0.9791409779949443
56249,0.9791618265926505
56250,0.9791826543521781
56251,0.9792034612943549
56252,0.9792242474399877
56253,0.9792450128098628
56254,0.9792657574247454
56255,0.9792864813053803
56256,0.9793071844724914
56257,0.9793278669467818
56258,0.9793485287489339
56259,0.9793691698996095
56260,0.97938979041945
56261,0.9794103903290757
56262,0.9794309696490866
56263,0.979451528400062
56264,0.9794720666025607
56265,0.9794925842771208
56266,0.9795130814442601
56267,0.9795335581244757
56268,0.9795540143382444
56269,0.9795744501060223
56270,0.9795948654482451
56271,0.9796152603853283
56272,0.9796356349376668
56273,0.9796559891256351
56274,0.9796763229695875
56275,0.9796966364898578
56276,0.9797169297067595
56277,0.9797372026405858
56278,0.9797574553116097
56279,0.9797776877400839
56280,0.9797978999462408
56281,0.9798180919502925
56282,0.9798382637724311
56283,0.9798584154328285
56284,0.9798785469516362
56285,0.9798986583489859
56286,0.9799187496449889
56287,0.9799388208597366
56288,0.9799588720133001
56289,0.9799789031257305
56290,0.9789994139671842
56291,0.9790204040581715
56292,0.9790413731695576
56293,0.9790623213223117
56294,0.9790832485373819
56295,0.9791041548356954
56296,0.9791250402381584
56297,0.9791459047656564
56298,0.979166748439054
56299,0.9791875712791949
56300,0.9792083733069018
56301,0.9792291545429769
56302,0.9792499150082012
56303,0.9792706547233355
56304,0.9792913737091193
56305,0.9793120719862717
56306,0.9783332493256157
56307,0.9783549052483288
56308,0.9783765395259416
56309,0.9783981521800886
56310,0.9784197432323823
56311,0.9784413127044139
56312,0.9784628606177529
56313,0.978484386993947
56314,0.9775063916046477
56315,0.9775288739718594
56316,0.9765518336180644
56317,0.9765752700662222
56318,0.9765986830896443
56319,0.9766220727117436
56320,0.9766454389559098
56321,0.9766687818455091
56322,0.9766921014038844
56323,0.9767153976543553
56324,0.976738670620218
56325,0.9767619203247455
56326,0.9767851467911876
56327,0.9768083500427706
56328,0.9768315301026979
56329,0.9768546869941495
56330,0.9768778207402823
56331,0.9769009313642301
56332,0.9769240188891034
56333,0.9769470833379899
56334,0.9769701247339538
56335,0.9769931431000368
56336,0.9770161384592572
56337,0.9770391108346103
56338,0.9770620602490684
56339,0.9770849867255811
56340,0.9771078902870748
56341,0.9771307709564531
56342,0.9771536287565965
56343,0.977176463710363
56344,0.9771992758405875
56345,0.9772220651700821
56346,0.9772448317216362
56347,0.9772675755180164
56348,0.9772902965819663
56349,0.9773129949362073
56350,0.9773356706034374
56351,0.9773583236063326
56352,0.9773809539675457
56353,0.977403561709707
56354,0.9774261468554244
56355,0.977448709427283
56356,0.9774712494478455
56357,0.9774937669396517
56358,0.9775162619252193
56359,0.9775387344270432
56360,0.9775611844675959
56361,0.9775836120693274
56362,0.9776060172546654
56363,0.9776284000460151
56364,0.9776507604657593
56365,0.9776730985362583
56366,0.9776954142798502
56367,0.9777177077188508
56368,0.9777399788755536
56369,0.9777622277722298
56370,0.977784454431128
56371,0.9778066588744753
56372,0.9778288411244758
56373,0.9778510012033119
56374,0.9778731391331437
56375,0.9778952549361091
56376,0.9779173486343239
56377,0.9769399200000067
56378,0.9769629685557288
56379,0.9769859940744138
56380,0.977008996579087
56381,0.977031976092751
56382,0.9770549326383855
56383,0.9770778662389469
56384,0.9771007769173687
56385,0.9761241644466867
56386,0.9761480283502882
56387,0.9761718684019122
56388,0.9761956846253985
56389,0.9762194770445636
56390,0.9762432456831996
56391,0.9762669905650755
56392,0.975291211464061
56393,0.9753159079043767
56394,0.9753405796605943
56395,0.9753652267573854
56396,0.975389849219397
56397,0.9754144470712517
56398,0.9754390203375473
56399,0.975463569042857
56400,0.9754880932117297
56401,0.9755125928686895
56402,0.975537068038236
56403,0.9745620184949695
56404,0.9745874437638401
56405,0.9746128436201481
56406,0.9746382180892934
56407,0.9746635671966505
56408,0.9746888909675684
56409,0.9747141894273709
56410,0.9747394626013565
56411,0.9747647105147984
56412,0.9747899331929445
56413,0.9748151306610175
56414,0.974840302944215
56415,0.974865450067709
56416,0.9748905720566468
56417,0.9749156689361503
56418,0.9739412404814416
56419,0.9739672862180918
56420,0.9739933059220217
56421,0.974019299619251
56422,0.9740452673357736
56423,0.974071209097557
56424,0.9740971249305429
56425,0.9741230148606473
56426,0.9741488789137601
56427,0.9741747171157453
56428,0.9742005294924412
56429,0.9742263160696601
56430,0.9742520768731887
56431,0.9742778119287877
56432,0.9743035212621922
56433,0.9743292048991116
56434,0.9743548628652294
56435,0.9743804951862037
56436,0.9744061018876667
56437,0.9744316829952253
56438,0.9744572385344604
56439,0.9744827685309277
56440,0.9745082730101572
56441,0.9745337519976532
56442,0.974559205518895
56443,0.9745846335993359
56444,0.974610036264404
56445,0.974635413539502
56446,0.9746607654500072
56447,0.9746860920212715
56448,0.9747113932786216
56449,0.9747366692473586
56450,0.9747619199527585
56451,0.974787145420072
56452,0.9748123456745248
56453,0.9748375207413169
56454,0.9748626706456235
56455,0.9748877954125944
56456,0.9749128950673545
56457,0.9749379696350032
56458,0.9749630191406155
56459,0.9749880436092405
56460,0.975013043065903
56461,0.9750380175356023
56462,0.9750629670433129
56463,0.9750878916139842
56464,0.975112791272541
56465,0.9751376660438829
56466,0.9751625159528845
56467,0.9751873410243959
56468,0.9752121412832421
56469,0.9752369167542233
56470,0.9752616674621152
56471,0.9752863934316683
56472,0.9753110946876087
56473,0.9753357712546376
56474,0.9753604231574315
56475,0.9753850504206425
56476,0.9754096530688977
56477,0.9754342311267998
56478,0.975458784618927
56479,0.9754833135698326
56480,0.9755078180040457
56481,0.9755322979460707
56482,0.9755567534203874
56483,0.9755811844514515
56484,0.9756055910636939
56485,0.9756299732815213
56486,0.9756543311293159
56487,0.9756786646314355
56488,0.9757029738122137
56489,0.9757272586959597
56490,0.9757515193069582
56491,0.9757757556694701
56492,0.9757999678077315
56493,0.9758241557459546
56494,0.9758483195083275
56495,0.9758724591190139
56496,0.9758965746021533
56497,0.9759206659818613
56498,0.9759447332822293
56499,0.9759687765273245
56500,0.9759927957411902
56501,0.9760167909478458
56502,0.9760407621712862
56503,0.9760647094354828
56504,0.976088632764383
56505,0.9761125321819099
56506,0.9761364077119629
56507,0.9761602593784177
56508,0.9761840872051258
56509,0.9762078912159153
56510,0.9762316714345901
56511,0.9762554278849304
56512,0.9762791605906925
56513,0.9763028695756094
56514,0.9763265548633899
56515,0.9763502164777194
56516,0.9763738544422593
56517,0.9763974687806479
56518,0.9764210595164994
56519,0.9764446266734045
56520,0.9764681702749303
56521,0.9764916903446205
56522,0.9765151869059951
56523,0.9755391597326758
56524,0.9755636083486351
56525,0.9755880325281967
56526,0.9756124322957848
56527,0.975636807675799
56528,0.9756611586926147
56529,0.9756854853705831
56530,0.9757097877340308
56531,0.9757340658072602
56532,0.9757583196145493
56533,0.975782549180152
56534,0.9748072542784226
56535,0.9748324344340664
56536,0.9748575894221383
56537,0.9748827192677934
56538,0.9749078239961614
56539,0.9749329036323471
56540,0.9749579582014302
56541,0.9749829877284653
56542,0.9750079922384818
56543,0.9750329717564843
56544,0.9750579263074524
56545,0.9740833556664654
56546,0.9741092593589528
56547,0.9741351371606929
56548,0.9741609890975638
56549,0.9741868151954173
56550,0.9742126154800795
56551,0.9742383899773508
56552,0.9742641387130057
56553,0.9742898617127927
56554,0.9743155590024352
56555,0.9743412306076301
56556,0.9743668765540493
56557,0.9743924968673386
56558,0.9744180915731184
56559,0.9744436606969834
56560,0.9744692042645027
56561,0.9744947223012198
56562,0.9745202148326528
56563,0.9745456818842944
56564,0.9745711234816115
56565,0.9745965396500457
56566,0.9746219304150131
56567,0.9746472958019047
56568,0.9746726358360857
56569,0.9746979505428962
56570,0.974723239947651
56571,0.9747485040756393
56572,0.9747737429521254
56573,0.9747989566023482
56574,0.9748241450515213
56575,0.9748493083248331
56576,0.9748744464474469
56577,0.9748995594445009
56578,0.9749246473411081
56579,0.9749497101623563
56580,0.9749747479333085
56581,0.9749997606790024
56582,0.9750247484244506
56583,0.9750497111946411
56584,0.9750746490145366
56585,0.9750995619090748
56586,0.9751244499031686
56587,0.9751493130217062
56588,0.9751741512895505
56589,0.97519896473154
56590,0.975223753372488
56591,0.9742490169873081
56592,0.9742747551012638
56593,0.9743004674899682
56594,0.9743261541791337
56595,0.9743518151944469
56596,0.9743774505615689
56597,0.974403060306135
56598,0.9744286444537551
56599,0.9744542030300132
56600,0.9744797360604679
56601,0.9745052435706524
56602,0.974530725586074
56603,0.9745561821322148
56604,0.9745816132345315
56605,0.974607018918455
56606,0.9746323992093912
56607,0.97465775413272
56608,0.9746830837137967
56609,0.9747083879779509
56610,0.9747336669504867
56611,0.9747589206566831
56612,0.9747841491217939
56613,0.9748093523710475
56614,0.9748345304296472
56615,0.974859683322771
56616,0.9748848110755718
56617,0.9749099137131774
56618,0.9749349912606904
56619,0.9749600437431885
56620,0.974985071185724
56621,0.9750100736133245
56622,0.9750350510509923
56623,0.9750600035237049
56624,0.9750849310564149
56625,0.9751098336740497
56626,0.9751347114015119
56627,0.9751595642636792
56628,0.9751843922854047
56629,0.9752091954915162
56630,0.975233973906817
56631,0.9752587275560856
56632,0.9752834564640754
56633,0.9753081606555156
56634,0.9753328401551103
56635,0.975357494987539
56636,0.9753821251774565
56637,0.975406730749493
56638,0.9754313117282541
56639,0.9754558681383209
56640,0.9754804000042496
56641,0.9755049073505723
56642,0.9755293902017961
56643,0.975553848582404
56644,0.9755782825168544
56645,0.9756026920295812
56646,0.9756270771449939
56647,0.9756514378874777
56648,0.9756757742813932
56649,0.975700086351077
56650,0.975724374120841
56651,0.9757486376149731
56652,0.9757728768577367
56653,0.9757970918733712
56654,0.9758212826860915
56655,0.9758454493200884
56656,0.9758695917995286
56657,0.9758937101485545
56658,0.9759178043912846
56659,0.975941874551813
56660,0.9759659206542101
56661,0.9759899427225217
56662,0.9760139407807701
56663,0.9760379148529532
56664,0.9760618649630453
56665,0.9760857911349963
56666,0.9761096933927325
56667,0.976133571760156
56668,0.9761574262611453
56669,0.9761812569195549
56670,0.9762050637592156
56671,0.976228846803934
56672,0.9752531058276181
56673,0.975277840354527
56674,0.9753025501592701
56675,0.9753272352665572
56676,0.9753518957010734
56677,0.9753765314874792
56678,0.9754011426504102
56679,0.9754257292144778
56680,0.9754502912042684
56681,0.9754748286443441
56682,0.9754993415592423
56683,0.975523829973476
56684,0.9755482939115334
56685,0.9755727333978788
56686,0.9755971484569513
56687,0.9756215391131663
56688,0.9756459053909142
56689,0.9756702473145615
56690,0.9756945649084501
56691,0.9757188581968974
56692,0.9747436269543218
56693,0.9747688707054919
56694,0.9747940892255264
56695,0.9748192825396438
56696,0.9748444506730375
56697,0.9748695936508756
56698,0.974894711498301
56699,0.9749198042404316
56700,0.9749448719023601
56701,0.9749699145091544
56702,0.9749949320858569
56703,0.9750199246574852
56704,0.9750448922490319
56705,0.9750698348854646
56706,0.9750947525917261
56707,0.9751196453927339
56708,0.9751445133133808
56709,0.9751693563785349
56710,0.975194174613039
56711,0.9752189680417117
56712,0.9752437366893462
56713,0.9752684805807111
56714,0.9752931997405505
56715,0.9753178941935834
56716,0.9753425639645044
56717,0.9753672090779831
56718,0.9753918295586648
56719,0.9754164254311698
56720,0.9754409967200942
56721,0.9754655434500091
56722,0.9754900656454614
56723,0.9755145633309732
56724,0.9755390365310422
56725,0.9755634852701417
56726,0.9755879095727202
56727,0.9756123094632023
56728,0.9756366849659878
56729,0.9756610361054521
56730,0.9756853629059463
56731,0.9757096653917975
56732,0.9757339435873079
56733,0.9757581975167559
56734,0.9757824272043952
56735,0.9758066326744558
56736,0.975830813951143
56737,0.9758549710586382
56738,0.9758791040210983
56739,0.9759032128626565
56740,0.9759272976074215
56741,0.975951358279478
56742,0.9759753949028868
56743,0.9759994075016845
56744,0.9760233960998836
56745,0.9750478604715979
56746,0.9750728001412914
56747,0.9750977148837788
56748,0.9751226047239749
56749,0.9751474696867696
56750,0.9751723097970276
56751,0.9751971250795893
56752,0.97522191555927
56753,0.9752466812608599
56754,0.9752714222091249
56755,0.9752961384288059
56756,0.9753208299446192
56757,0.9753454967812563
56758,0.975370138963384
56759,0.9753947565156444
56760,0.9754193494626553
56761,0.9754439178290094
56762,0.9754684616392753
56763,0.9754929809179966
56764,0.9755174756896928
56765,0.9755419459788586
56766,0.9755663918099642
56767,0.9755908132074554
56768,0.9756152101957538
56769,0.9756395827992563
56770,0.9756639310423355
56771,0.9756882549493396
56772,0.9757125545445927
56773,0.9757368298523942
56774,0.9757610808970195
56775,0.9757853077027197
56776,0.9758095102937214
56777,0.9758336886942275
56778,0.9758578429284162
56779,0.9758819730204418
56780,0.9749065787445593
56781,0.9749316596253743
56782,0.9749567154378427
56783,0.9749817462070203
56784,0.9750067519579378
56785,0.9750317327156011
56786,0.9750566885049907
56787,0.9750816193510627
56788,0.9751065252787479
56789,0.975131406312952
56790,0.9751562624785562
56791,0.9751810938004167
56792,0.9752059003033648
56793,0.9752306820122071
56794,0.9752554389517252
56795,0.975280171146676
56796,0.9753048786217917
56797,0.97532956140178
56798,0.9753542195113234
56799,0.9753788529750802
56800,0.9754034618176838
56801,0.9754280460637431
56802,0.9754526057378423
56803,0.9754771408645411
56804,0.9755016514683746
56805,0.9755261375738535
56806,0.9755505992054638
56807,0.9755750363876673
56808,0.975599449144901
56809,0.9756238375015778
56810,0.975648201482086
56811,0.9756725411107895
56812,0.9756968564120281
56813,0.975721147410117
56814,0.9757454141293472
56815,0.9757696565939855
56816,0.9757938748282744
56817,0.9758180688564321
56818,0.9758422387026525
56819,0.9758663843911056
56820,0.9758905059459371
56821,0.9759146033912685
56822,0.9759386767511973
56823,0.9759627260497967
56824,0.9759867513111162
56825,0.9760107525591811
56826,0.9760347298179926
56827,0.9760586831115278
56828,0.9760826124637402
56829,0.9761065178985591
56830,0.9761303994398899
56831,0.9761542571116141
56832,0.9761780909375894
56833,0.9762019009416498
56834,0.9762256871476052
56835,0.9762494495792418
56836,0.976273188260322
56837,0.9762969032145845
56838,0.9763205944657444
56839,0.9763442620374928
56840,0.9763679059534973
56841,0.9763915262374019
56842,0.9764151229128267
56843,0.9764386960033686
56844,0.9764622455326006
56845,0.9764857715240723
56846,0.9765092740013096
56847,0.9765327529878151
56848,0.9765562085070676
56849,0.9765796405825228
56850,0.9766030492376128
56851,0.976626434495746
56852,0.976649796380308
56853,0.9766731349146606
56854,0.9766964501221421
56855,0.976719742026068
56856,0.9767430106497301
56857,0.9767662560163971
56858,0.9767894781493143
56859,0.9768126770717037
56860,0.9768358528067644
56861,0.9768590053776722
56862,0.9768821348075796
56863,0.976905241119616
56864,0.9769283243368877
56865,0.976951384482478
56866,0.976974421579447
56867,0.9769974356508319
56868,0.9770204267196466
56869,0.9770433948088824
56870,0.9770663399415072
56871,0.9770892621404662
56872,0.9771121614286816
56873,0.9771350378290528
56874,0.977157891364456
56875,0.9771807220577449
56876,0.9772035299317501
56877,0.9772263150092796
56878,0.9772490773131184
56879,0.9772718168660288
56880,0.9772945336907505
56881,0.9773172278100001
56882,0.9773398992464718
56883,0.9773625480228372
56884,0.9773851741617449
56885,0.976408277435946
56886,0.9764318573685438
56887,0.976455413732993
56888,0.9764789465528502
56889,0.976502455851648
56890,0.9765259416528957
56891,0.9765494039800793
56892,0.9765728428566609
56893,0.9765962583060795
56894,0.9756201501018755
56895,0.9756445177679406
56896,0.9746693608286423
56897,0.9746946788088235
56898,0.9747199714836773
56899,0.9747452388784962
56900,0.9747704810185477
56901,0.9747956979290738
56902,0.9748208896352917
56903,0.9748460561623928
56904,0.9748711975355439
56905,0.9748963137798862
56906,0.9749214049205359
56907,0.9749464709825844
56908,0.9749715119910976
56909,0.9749965279711165
56910,0.9750215189476571
56911,0.9750464849457104
56912,0.9750714259902424
56913,0.9750963421061942
56914,0.9751212333184819
56915,0.9751460996519966
56916,0.9751709411316049
56917,0.975195757782148
56918,0.9752205496284426
56919,0.9752453166952808
56920,0.9752700590074295
56921,0.9752947765896309
56922,0.9753194694666029
56923,0.9753441376630381
56924,0.9753687812036047
56925,0.9753934001129464
56926,0.9754179944156821
56927,0.9754425641364061
56928,0.975467109299688
56929,0.9754916299300732
56930,0.9755161260520822
56931,0.975540597690211
56932,0.9755650448689314
56933,0.9755894676126905
56934,0.9756138659459112
56935,0.9756382398929917
56936,0.9756625894783061
56937,0.9756869147262038
56938,0.9757112156610103
56939,0.9757354923070263
56940,0.9757597446885286
56941,0.9757839728297694
56942,0.975808176754977
56943,0.9758323564883553
56944,0.9758565120540841
56945,0.9758806434763189
56946,0.9759047507791911
56947,0.9759288339868082
56948,0.9759528931232532
56949,0.9759769282125853
56950,0.9760009392788396
56951,0.9760249263460271
56952,0.9760488894381351
56953,0.9760728285791265
56954,0.9760967437929404
56955,0.9761206351034922
56956,0.9761445025346731
56957,0.9761683461103506
56958,0.9761921658543683
56959,0.9762159617905458
56960,0.9762397339426792
56961,0.9762634823345405
56962,0.9762872069898784
56963,0.9763109079324173
56964,0.9763345851858581
56965,0.9763582387738783
56966,0.9763818687201313
56967,0.9764054750482472
56968,0.9764290577818321
56969,0.9764526169444689
56970,0.9764761525597169
56971,0.9764996646511115
56972,0.9765231532421649
56973,0.9765466183563656
56974,0.9765700600171788
56975,0.9765934782480462
56976,0.976616873072386
56977,0.976640244513593
56978,0.9766635925950387
56979,0.9766869173400711
56980,0.976710218772015
56981,0.9767334969141719
56982,0.9767567517898199
56983,0.9767799834222138
56984,0.9768031918345854
56985,0.975826876800268
56986,0.9758510378429465
56987,0.9758751747366566
56988,0.9758992875055356
56989,0.975923376173696
56990,0.9759474407652265
56991,0.9759714813041919
56992,0.9759954978146325
56993,0.9760194903205649
56994,0.9760434588459816
56995,0.9760674034148512
56996,0.9760913240511182
56997,0.9761152207787033
56998,0.9761390936215032
56999,0.9761629426033908
57000,0.976186767748215
57001,0.976210569079801
57002,0.9762343466219501
57003,0.9762581003984399
57004,0.9762818304330241
57005,0.9763055367494329
57006,0.9763292193713725
57007,0.9763528783225256
57008,0.9763765136265511
57009,0.9764001253070843
57010,0.9764237133877369
57011,0.976447277892097
57012,0.976470818843729
57013,0.976494336266174
57014,0.9765178301829495
57015,0.9765413006175492
57016,0.9765647475934437
57017,0.9765881711340799
57018,0.9766115712628815
57019,0.9766349480032483
57020,0.9766583013785575
57021,0.9766816314121621
57022,0.9767049381273923
57023,0.9767282215475549
57024,0.9767514816959332
57025,0.9767747185957874
57026,0.9767979322703543
57027,0.9768211227428477
57028,0.976844290036458
57029,0.9768674341743526
57030,0.9768905551796756
57031,0.976913653075548
57032,0.9769367278850677
57033,0.9769597796313095
57034,0.9769828083373252
57035,0.9770058140261435
57036,0.97702879672077
57037,0.9770517564441875
57038,0.9770746932193557
57039,0.9770976070692114
57040,0.9771204980166686
57041,0.9771433660846179
57042,0.9771662112959276
57043,0.9771890336734429
57044,0.9772118332399862
57045,0.977234610018357
57046,0.9772573640313321
57047,0.9772800953016656
57048,0.9773028038520887
57049,0.97732548970531
57050,0.9773481528840153
57051,0.9763712931609928
57052,0.9763949100593826
57053,0.9764185033526765
57054,0.976442073064468
57055,0.9764656192183265
57056,0.9764891418377984
57057,0.9765126409464063
57058,0.9765361165676493
57059,0.9765595687250029
57060,0.9765829974419195
57061,0.9766064027418275
57062,0.9766297846481325
57063,0.9766531431842164
57064,0.9766764783734375
57065,0.9766997902391312
57066,0.9767230788046094
57067,0.9767463440931605
57068,0.9767695861280499
57069,0.9767928049325196
57070,0.9768160005297885
57071,0.976839172943052
57072,0.9768623221954827
57073,0.9768854483102299
57074,0.9769085513104196
57075,0.9769316312191548
57076,0.9769546880595155
57077,0.9769777218545584
57078,0.9770007326273175
57079,0.9770237204008034
57080,0.977046685198004
57081,0.977069627041884
57082,0.9770925459553854
57083,0.977115441961427
57084,0.9771383150829048
57085,0.977161165342692
57086,0.9771839927636389
57087,0.9772067973685727
57088,0.9772295791802983
57089,0.9772523382215973
57090,0.9772750745152289
57091,0.9772977880839293
57092,0.9773204789504122
57093,0.9773431471373683
57094,0.9773657926674658
57095,0.9773884155633504
57096,0.9774110158476449
57097,0.9774335935429496
57098,0.9774561486718422
57099,0.9774786812568778
57100,0.977501191320589
57101,0.977523678885486
57102,0.9775461439740561
57103,0.9775685866087648
57104,0.9775910068120544
57105,0.9776134046063452
57106,0.977635780014035
57107,0.9776581330574992
57108,0.9776804637590909
57109,0.9777027721411408
57110,0.9777250582259572
57111,0.9777473220358264
57112,0.9777695635930119
57113,0.9777917829197555
57114,0.9778139800382766
57115,0.977836154970772
57116,0.977858307739417
57117,0.9778804383663641
57118,0.977902546873744
57119,0.9779246332836653
57120,0.9779466976182144
57121,0.9779687398994555
57122,0.9779907601494311
57123,0.9780127583901613
57124,0.9780347346436444
57125,0.9780566889318567
57126,0.9780786212767524
57127,0.9781005317002639
57128,0.9781224202243016
57129,0.978144286870754
57130,0.9781661316614879
57131,0.978187954618348
57132,0.9782097557631572
57133,0.9782315351177168
57134,0.978253292703806
57135,0.9782750285431825
57136,0.9782967426575822
57137,0.978318435068719
57138,0.9783401057982855
57139,0.9783617548679523
57140,0.9783833822993686
57141,0.9784049881141619
57142,0.9784265723339378
57143,0.9784481349802807
57144,0.9784696760747532
57145,0.9784911956388964
57146,0.9785126936942299
57147,0.9785341702622516
57148,0.9785556253644383
57149,0.978577059022245
57150,0.9785984712571053
57151,0.9786198620904315
57152,0.9786412315436145
57153,0.9786625796380237
57154,0.9786839063950072
57155,0.9787052118358918
57156,0.9787264959819828
57157,0.9787477588545646
57158,0.9787690004748998
57159,0.9787902208642302
57160,0.9788114200437762
57161,0.978832598034737
57162,0.9788537548582905
57163,0.9788748905355936
57164,0.978896005087782
57165,0.9789170985359701
57166,0.9789381709012515
57167,0.9789592222046984
57168,0.9789802524673624
57169,0.9790012617102736
57170,0.9790222499544412
57171,0.9790432172208535
57172,0.9790641635304779
57173,0.9790850889042605
57174,0.9791059933631268
57175,0.9791268769279812
57176,0.9791477396197074
57177,0.979168581459168
57178,0.9791894024672048
57179,0.9792102026646389
57180,0.9792309820722704
57181,0.9792517407108788
57182,0.9792724786012228
57183,0.9792931957640402
57184,0.9793138922200482
57185,0.9793345679899431
57186,0.9793552230944009
57187,0.9793758575540766
57188,0.9793964713896048
57189,0.9794170646215993
57190,0.9794376372706531
57191,0.9794581893573392
57192,0.9794787209022094
57193,0.9794992319257955
57194,0.9795197224486083
57195,0.9795401924911384
57196,0.979560642073856
57197,0.9795810712172104
57198,0.9796014799416309
57199,0.9796218682675264
57200,0.979642236215285
57201,0.9796625838052747
57202,0.9796829110578431
57203,0.9797032179933175
57204,0.9797235046320049
57205,0.9797437709941917
57206,0.9797640171001446
57207,0.9797842429701095
57208,0.9798044486243123
57209,0.9798246340829586
57210,0.979844799366234
57211,0.9798649444943037
57212,0.9798850694873129
57213,0.9799051743653866
57214,0.9799252591486296
57215,0.9799453238571267
57216,0.9789658682610677
57217,0.9789868918809966
57218,0.9790078944878122
57219,0.9790288761025171
57220,0.9790498367460928
57221,0.9790707764395
57222,0.9790916952036784
57223,0.9791125930595468
57224,0.9781339697781279
57225,0.9781558248807984
57226,0.9781776581392884
57227,0.978199469575431
57228,0.9782212592110378
57229,0.9782430270678982
57230,0.9782647731677804
57231,0.9782864975324302
57232,0.9783082001835722
57233,0.978329881142909
57234,0.9783515404321215
57235,0.9783731780728689
57236,0.9783947940867891
57237,0.978416388495498
57238,0.9784379613205899
57239,0.9784595125836378
57240,0.9784810423061929
57241,0.978502550509785
57242,0.9785240372159221
57243,0.9785455024460911
57244,0.9785669462217571
57245,0.978588368564364
57246,0.9786097694953342
57247,0.9786311490360685
57248,0.9786525072079465
57249,0.9786738440323264
57250,0.978695159530545
57251,0.9787164537239178
57252,0.9787377266337389
57253,0.9777594780314064
57254,0.9777817074386713
57255,0.9778039146276382
57256,0.977826099620514
57257,0.9778482624394841
57258,0.977870403106711
57259,0.9778925216443355
57260,0.9779146180744761
57261,0.9769371921693542
57262,0.9769602434515438
57263,0.976983271693971
57264,0.9770062769196642
57265,0.9770292591516286
57266,0.9770522184128464
57267,0.9770751547262768
57268,0.9770980681148562
57269,0.9771209586014981
57270,0.9771438262090928
57271,0.977166670960508
57272,0.9771894928785885
57273,0.9772122919861561
57274,0.97723506830601
57275,0.9772578218609266
57276,0.9772805526736593
57277,0.9773032607669391
57278,0.9773259461634739
57279,0.9773486088859492
57280,0.9773712489570278
57281,0.9773938663993496
57282,0.9774164612355322
57283,0.9774390334881703
57284,0.9774615831798363
57285,0.9774841103330799
57286,0.9775066149704281
57287,0.9775290971143857
57288,0.9775515567874348
57289,0.977573994012035
57290,0.9775964088106237
57291,0.9776188012056156
57292,0.9776411712194031
57293,0.9776635188743562
57294,0.9776858441928227
57295,0.9777081471971277
57296,0.9767309276596994
57297,0.9767541851033179
57298,0.9767774193011157
57299,0.976800630276327
57300,0.9768238180521628
57301,0.9768469826518108
57302,0.9768701240984357
57303,0.9768932424151788
57304,0.9769163376251586
57305,0.9769394097514703
57306,0.976962458817186
57307,0.9769854848453547
57308,0.9770084878590025
57309,0.9770314678811325
57310,0.9770544249347246
57311,0.9770773590427358
57312,0.9771002702281004
57313,0.9771231585137296
57314,0.9771460239225114
57315,0.9761693662274364
57316,0.9761931849518468
57317,0.9762169798694361
57318,0.9762407510039994
57319,0.9762644983793077
57320,0.9762882220191085
57321,0.9763119219471253
57322,0.9763355981870583
57323,0.9763592507625835
57324,0.9763828796973535
57325,0.9764064850149973
57326,0.9764300667391203
57327,0.976453624893304
57328,0.9764771595011068
57329,0.9765006705860633
57330,0.9765241581716844
57331,0.9765476222814578
57332,0.9765710629388475
57333,0.9765944801672944
57334,0.9766178739902157
57335,0.9766412444310051
57336,0.9766645915130331
57337,0.9766879152596467
57338,0.9767112156941699
57339,0.9767344928399028
57340,0.9767577467201227
57341,0.9767809773580837
57342,0.9768041847770161
57343,0.9768273690001276
57344,0.9768505300506022
57345,0.9768736679516011
57346,0.9768967827262622
57347,0.9769198743977002
57348,0.9769429429890069
57349,0.9769659885232508
57350,0.9769890110234775
57351,0.9770120105127094
57352,0.9770349870139461
57353,0.977057940550164
57354,0.9760813708944418
57355,0.9761052775702095
57356,0.9761291603512487
57357,0.9761530192614424
57358,0.9761768543246493
57359,0.9762006655647046
57360,0.9762244530054196
57361,0.9762482166705816
57362,0.9762719565839543
57363,0.9762956727692776
57364,0.9763193652502679
57365,0.9763430340506174
57366,0.9763666791939951
57367,0.9763903007040461
57368,0.9764138986043919
57369,0.9764374729186304
57370,0.9764610236703359
57371,0.9764845508830592
57372,0.9765080545803275
57373,0.9765315347856446
57374,0.9765549915224905
57375,0.9765784248143221
57376,0.9766018346845726
57377,0.976625221156652
57378,0.9766485842539466
57379,0.9766719239998197
57380,0.976695240417611
57381,0.9767185335306369
57382,0.9767418033621904
57383,0.9767650499355416
57384,0.9767882732739368
57385,0.9768114734005995
57386,0.9768346503387298
57387,0.9768578041115047
57388,0.9768809347420779
57389,0.9769040422535801
57390,0.9769271266691187
57391,0.9769501880117782
57392,0.97697322630462
57393,0.9769962415706823
57394,0.9770192338329805
57395,0.9770422031145067
57396,0.9770651494382304
57397,0.9770880728270978
57398,0.9771109733040322
57399,0.9771338508919342
57400,0.9771567056136814
57401,0.9771795374921285
57402,0.9772023465501074
57403,0.9772251328104271
57404,0.9772478962958739
57405,0.9772706370292114
57406,0.9772933550331802
57407,0.9773160503304983
57408,0.9773387229438611
57409,0.9773613728959413
57410,0.9773840002093886
57411,0.9774066049068305
57412,0.9774291870108717
57413,0.9774517465440942
57414,0.9774742835290576
57415,0.9774967979882989
57416,0.9775192899443326
57417,0.9775417594196506
57418,0.9775642064367224
57419,0.977586631017995
57420,0.9776090331858931
57421,0.9776314129628187
57422,0.9776537703711518
57423,0.9776761054332496
57424,0.9776984181714472
57425,0.9777207086080575
57426,0.9777429767653708
57427,0.9777652226656552
57428,0.9777874463311569
57429,0.9778096477840993
57430,0.9778318270466839
57431,0.97785398414109
57432,0.9778761190894748
57433,0.9778982319139731
57434,0.9779203226366977
57435,0.9779423912797395
57436,0.9779644378651671
57437,0.977986462415027
57438,0.9780084649513437
57439,0.9780304454961201
57440,0.9780524040713363
57441,0.9780743406989512
57442,0.9780962554009013
57443,0.9781181481991013
57444,0.978140019115444
57445,0.9781618681718004
57446,0.9781836953900195
57447,0.9782055007919285
57448,0.9782272843993328
57449,0.9782490462340161
57450,0.9782707863177402
57451,0.9782925046722453
57452,0.9783142013192495
57453,0.9783358762804497
57454,0.9783575295775208
57455,0.978379161232116
57456,0.978400771265867
57457,0.9784223597003838
57458,0.978443926557255
57459,0.9784654718580473
57460,0.9784869956243062
57461,0.9785084978775552
57462,0.9785299786392968
57463,0.9785514379310116
57464,0.9785728757741591
57465,0.9785942921901769
57466,0.9786156872004815
57467,0.9786370608264681
57468,0.9786584130895101
57469,0.9786797440109598
57470,0.9787010536121482
57471,0.9787223419143849
57472,0.9787436089389582
57473,0.9787648547071351
57474,0.9787860792401615
57475,0.9788072825592617
57476,0.9788284646856393
57477,0.9788496256404763
57478,0.9788707654449336
57479,0.978891884120151
57480,0.9789129816872474
57481,0.9789340581673202
57482,0.9789551135814458
57483,0.9789761479506798
57484,0.9789971612960564
57485,0.9790181536385891
57486,0.9790391249992701
57487,0.979060075399071
57488,0.979081004858942
57489,0.9791019133998127
57490,0.9791228010425914
57491,0.9791436678081661
57492,0.9791645137174033
57493,0.979185338791149
57494,0.9792061430502284
57495,0.9792269265154455
57496,0.979247689207584
57497,0.9792684311474065
57498,0.979289152355655
57499,0.9793098528530506
57500,0.9793305326602939
57501,0.9793511917980647
57502,0.9793718302870222
57503,0.9793924481478048
57504,0.9794130454010304
57505,0.9794336220672962
57506,0.979454178167179
57507,0.9794747137212347
57508,0.9794952287499992
57509,0.9795157232739872
57510,0.9795361973136933
57511,0.9795566508895917
57512,0.9795770840221358
57513,0.9795974967317589
57514,0.9796178890388736
57515,0.9796382609638722
57516,0.9796586125271267
57517,0.9796789437489887
57518,0.9796992546497892
57519,0.9797195452498394
57520,0.9797398155694298
57521,0.9797600656288307
57522,0.9797802954482921
57523,0.979800505048044
57524,0.9798206944482958
57525,0.9798408636692371
57526,0.9798610127310369
57527,0.9798811416538444
57528,0.9799012504577886
57529,0.9799213391629783
57530,0.979941407789502
57531,0.9799614563574286
57532,0.9799814848868065
57533,0.9800014933976643
57534,0.9800214819100105
57535,0.9800414504438335
57536,0.980061399019102
57537,0.9800813276557646
57538,0.9801012363737499
57539,0.9801211251929666
57540,0.9801409941333035
57541,0.9801608432146295
57542,0.9801806724567937
57543,0.9802004818796255
57544,0.9802202715029342
57545,0.9802400413465095
57546,0.9802597914301212
57547,0.9802795217735194
57548,0.9802992323964345
57549,0.980318923318577
57550,0.9803385945596379
57551,0.9803582461392885
57552,0.9803778780771802
57553,0.9803974903929452
57554,0.9804170831061957
57555,0.9804366562365243
57556,0.9804562098035043
57557,0.9804757438266892
57558,0.9804952583256131
57559,0.9805147533197904
57560,0.9805342288287162
57561,0.9805536848718659
57562,0.9805731214686956
57563,0.9805925386386419
57564,0.9806119364011221
57565,0.9806313147755338
57566,0.9806506737812554
57567,0.9806700134376459
57568,0.9806893337640451
57569,0.9807086347797732
57570,0.9807279165041313
57571,0.980747178956401
57572,0.9807664221558449
57573,0.980785646121706
57574,0.9808048508732086
57575,0.9808240364295572
57576,0.9808432028099374
57577,0.9808623500335157
57578,0.9808814781194393
57579,0.9809005870868361
57580,0.9809196769548153
57581,0.9809387477424667
57582,0.9809577994688611
57583,0.9809768321530501
57584,0.9809958458140665
57585,0.981014840470924
57586,0.9810338161426172
57587,0.9800532725982468
57588,0.980073209357269
57589,0.9800931261894956
57590,0.9801130231148435
57591,0.9801329001532094
57592,0.9791532570745956
57593,0.9791740933993586
57594,0.9791949088982098
57595,0.9792157035919647
57596,0.9792364775014181
57597,0.9792572306473437
57598,0.9792779630504947
57599,0.9792986747316037
57600,0.9793193657113822
57601,0.9793400360105213
57602,0.9793606856496913
57603,0.9793813146495416
57604,0.9794019230307015
57605,0.9794225108137793
57606,0.9794430780193627
57607,0.9794636246680191
57608,0.9794841507802949
57609,0.9795046563767165
57610,0.9795251414777892
57611,0.9795456061039983
57612,0.9795660502758085
57613,0.9795864740136637
57614,0.9796068773379879
57615,0.9796272602691843
57616,0.979647622827636
57617,0.9796679650337052
57618,0.9786887866578594
57619,0.97871008722092
57620,0.9787313664940626
57621,0.9787526244985663
57622,0.9787738612556891
57623,0.9787950767866679
57624,0.9788162711127182
57625,0.9788374442550343
57626,0.9788585962347893
57627,0.9788797270731353
57628,0.9789008367912031
57629,0.9789219254101025
57630,0.978942992950922
57631,0.9779645391848542
57632,0.977986563633445
57633,0.978008566068594
57634,0.9780305465123036
57635,0.9780525049865542
57636,0.9770749412634292
57637,0.9770978548653648
57638,0.9771207455651496
57639,0.9771436133856742
57640,0.9771664583498065
57641,0.9771892804803914
57642,0.9772120798002512
57643,0.977234856332185
57644,0.9772576100989694
57645,0.9772803411233583
57646,0.9773030494280825
57647,0.9773257350358506
57648,0.977348397969348
57649,0.9773710382512377
57650,0.97739365590416
57651,0.9774162509507326
57652,0.9774388234135505
57653,0.9774613733151861
57654,0.9774839006781895
57655,0.9775064055250878
57656,0.9775288878783861
57657,0.9775513477605666
57658,0.9775737851940893
57659,0.9775962002013916
57660,0.9776185928048885
57661,0.9776409630269726
57662,0.9776633108900141
57663,0.977685636416361
57664,0.9777079396283386
57665,0.9777302205482503
57666,0.977752479198377
57667,0.9777747156009774
57668,0.9777969297782878
57669,0.9778191217525224
57670,0.9778412915458732
57671,0.97786343918051
57672,0.9778855646785805
57673,0.9779076680622101
57674,0.9779297493535022
57675,0.9779518085745381
57676,0.9779738457473771
57677,0.9779958608940564
57678,0.9780178540365911
57679,0.9780398251969744
57680,0.9780617743971773
57681,0.9780837016591492
57682,0.9771061067549421
57683,0.9771289892069612
57684,0.9771518487879638
57685,0.9771746855208094
57686,0.9771974994283349
57687,0.977220290533354
57688,0.977243058858658
57689,0.9772658044270152
57690,0.9772885272611711
57691,0.9773112273838486
57692,0.9773339048177477
57693,0.9773565595855461
57694,0.9773791917098984
57695,0.9774018012134368
57696,0.9774243881187706
57697,0.977446952448487
57698,0.9774694942251502
57699,0.977492013471302
57700,0.9775145102094616
57701,0.9775369844621258
57702,0.9775594362517689
57703,0.9775818656008426
57704,0.9776042725317763
57705,0.9776266570669769
57706,0.9776490192288291
57707,0.9776713590396948
57708,0.977693676521914
57709,0.9777159716978041
57710,0.9777382445896604
57711,0.9777604952197557
57712,0.9777827236103407
57713,0.9778049297836436
57714,0.9778271137618709
57715,0.9778492755672064
57716,0.9778714152218119
57717,0.9778935327478271
57718,0.9779156281673695
57719,0.9779377015025346
57720,0.9779597527753956
57721,0.9779817820080039
57722,0.9780037892223887
57723,0.9780257744405573
57724,0.9780477376844947
57725,0.9780696789761644
57726,0.9780915983375076
57727,0.9781134957904436
57728,0.9781353713568699
57729,0.9781572250586621
57730,0.9781790569176739
57731,0.9782008669557373
57732,0.9782226551946621
57733,0.9782444216562367
57734,0.9782661663622275
57735,0.9782878893343793
57736,0.9783095905944149
57737,0.9783312701640356
57738,0.9783529280649211
57739,0.9783745643187293
57740,0.9783961789470964
57741,0.978417771971637
57742,0.9784393434139442
57743,0.9784608932955895
57744,0.9784824216381226
57745,0.978503928463072
57746,0.9785254137919445
57747,0.9785468776462254
57748,0.9785683200473786
57749,0.9785897410168465
57750,0.97861114057605
57751,0.9786325187463888
57752,0.978653875549241
57753,0.9786752110059634
57754,0.9786965251378915
57755,0.9787178179663394
57756,0.9787390895125999
57757,0.9787603397979446
57758,0.9787815688436239
57759,0.9788027766708667
57760,0.9788239633008808
57761,0.978845128754853
57762,0.9788662730539486
57763,0.978887396219312
57764,0.9789084982720663
57765,0.9789295792333136
57766,0.9789506391241348
57767,0.9789716779655899
57768,0.9789926957787177
57769,0.9790136925845361
57770,0.9790346684040417
57771,0.9790556232582106
57772,0.9790765571679975
57773,0.9790974701543363
57774,0.9791183622381401
57775,0.9791392334403008
57776,0.9791600837816898
57777,0.9791809132831574
57778,0.979201721965533
57779,0.9792225098496254
57780,0.9792432769562225
57781,0.9792640233060913
57782,0.9792847489199783
57783,0.979305453818609
57784,0.9793261380226883
57785,0.9793468015529005
57786,0.9793674444299092
57787,0.9793880666743571
57788,0.9794086683068665
57789,0.979429249348039
57790,0.9794498098184558
57791,0.9794703497386772
57792,0.9794908691292432
57793,0.9795113680106733
57794,0.9795318464034662
57795,0.9795523043281005
57796,0.979572741805034
57797,0.9795931588547041
57798,0.979613555497528
57799,0.9796339317539023
57800,0.9796542876442033
57801,0.9796746231887867
57802,0.9796949384079884
57803,0.9797152333221233
57804,0.9797355079514865
57805,0.9797557623163525
57806,0.9797759964369759
57807,0.9797962103335905
57808,0.9798164040264106
57809,0.9798365775356296
57810,0.9798567308814211
57811,0.9798768640839385
57812,0.9798969771633148
57813,0.9799170701396633
57814,0.979937143033077
57815,0.9799571958636286
57816,0.9799772286513712
57817,0.9799972414163373
57818,0.9800172341785398
57819,0.9800372069579716
57820,0.9800571597746053
57821,0.9800770926483938
57822,0.98009700559927
57823,0.9801168986471468
57824,0.9801367718119173
57825,0.9801566251134546
57826,0.9801764585716121
57827,0.9801962722062232
57828,0.9802160660371015
57829,0.980235840084041
57830,0.9802555943668155
57831,0.9802753289051795
57832,0.9802950437188676
57833,0.9803147388275943
57834,0.980334414251055
57835,0.980354070008925
57836,0.9803737061208602
57837,0.9803933226064965
57838,0.9804129194854505
57839,0.9804324967773191
57840,0.9804520545016796
57841,0.9804715926780897
57842,0.9804911113260876
57843,0.980510610465192
57844,0.9805300901149019
57845,0.980549550294697
57846,0.9805689910240377
57847,0.9805884123223645
57848,0.9806078142090987
57849,0.9806271967036423
57850,0.9806465598253777
57851,0.9806659035936682
57852,0.9806852280278575
57853,0.9807045331472699
57854,0.9807238189712106
57855,0.9807430855189655
57856,0.9807623328098011
57857,0.9807815608629646
57858,0.9808007696976844
57859,0.9808199593331689
57860,0.980839129788608
57861,0.9808582810831721
57862,0.9808774132360125
57863,0.9808965262662613
57864,0.9809156201930317
57865,0.9809346950354174
57866,0.9809537508124935
57867,0.9809727875433155
57868,0.9809918052469204
57869,0.9810108039423258
57870,0.9810297836485303
57871,0.9810487443845138
57872,0.981067686169237
57873,0.9810866090216416
57874,0.9811055129606504
57875,0.9811243980051675
57876,0.9811432641740778
57877,0.9811621114862477
57878,0.9811809399605242
57879,0.9811997496157361
57880,0.9812185404706929
57881,0.9812373125441854
57882,0.9812560658549858
57883,0.9812748004218474
57884,0.9812935162635048
57885,0.9813122133986737
57886,0.9813308918460514
57887,0.9813495516243161
57888,0.9813681927521279
57889,0.9813868152481278
57890,0.9814054191309383
57891,0.9814240044191632
57892,0.981442571131388
57893,0.9814611192861792
57894,0.9814796489020851
57895,0.9814981599976352
57896,0.9815166525913408
57897,0.9815351267016943
57898,0.9815535823471698
57899,0.980572519296348
57900,0.9805919370681658
57901,0.9806113354319158
57902,0.9806307144069963
57903,0.9806500740127865
57904,0.9806694142686457
57905,0.9806887351939144
57906,0.9807080368079135
57907,0.9807273191299446
57908,0.98074658217929
57909,0.9807658259752128
57910,0.9807850505369567
57911,0.9808042558837464
57912,0.9808234420347871
57913,0.9808426090092651
57914,0.9808617568263474
57915,0.9808808855051816
57916,0.9808999950648966
57917,0.9809190855246018
57918,0.9809381569033878
57919,0.9809572092203259
57920,0.9809762424944686
57921,0.9809952567448489
57922,0.9810142519904812
57923,0.9810332282503608
57924,0.9810521855434639
57925,0.9810711238887477
57926,0.9810900433051508
57927,0.9811089438115924
57928,0.9811278254269732
57929,0.9811466881701746
57930,0.9811655320600595
57931,0.9811843571154718
57932,0.9812031633552365
57933,0.9812219507981598
57934,0.9812407194630292
57935,0.9812594693686133
57936,0.9812782005336622
57937,0.9812969129769069
57938,0.98131560671706
57939,0.981334281772815
57940,0.9803534379129721
57941,0.9803730746566873
57942,0.9803926917734722
57943,0.980412289282944
57944,0.9804318672047002
57945,0.9804514255583187
57946,0.9804709643633578
57947,0.9804904836393564
57948,0.9805099834058338
57949,0.9805294636822898
57950,0.9805489244882045
57951,0.9805683658430389
57952,0.9805877877662342
57953,0.9806071902772125
57954,0.9806265733953763
57955,0.9806459371401085
57956,0.980665281530773
57957,0.9806846065867143
57958,0.9807039123272573
57959,0.9807231987717078
57960,0.9807424659393522
57961,0.9807617138494578
57962,0.9807809425212723
57963,0.9808001519740247
57964,0.9808193422269242
57965,0.9808385132991612
57966,0.9808576652099066
57967,0.9808767979783125
57968,0.9808959116235116
57969,0.9809150061646176
57970,0.9809340816207249
57971,0.9809531380109091
57972,0.9809721753542265
57973,0.9809911936697145
57974,0.9810101929763915
57975,0.9810291732932567
57976,0.9810481346392904
57977,0.980067576783579
57978,0.9800874992455645
57979,0.9801074017950442
57980,0.9801272844519207
57981,0.9801471472360767
57982,0.980166990167375
57983,0.9801868132656585
57984,0.9802066165507503
57985,0.9802264000424536
57986,0.9802461637605522
57987,0.9802659077248095
57988,0.9802856319549695
57989,0.9803053364707567
57990,0.9803250212918754
57991,0.9803446864380104
57992,0.980364331928827
57993,0.9803839577839706
57994,0.980403564023067
57995,0.9804231506657226
57996,0.980442717731524
57997,0.9804622652400382
57998,0.9804817932108127
57999,0.9805013016633757
58000,0.9805207906172354
58001,0.9805402600918809
58002,0.9805597101067816
58003,0.9805791406813875
58004,0.9805985518351292
58005,0.9806179435874179
58006,0.9806373159576454
58007,0.980656668965184
58008,0.9806760026293867
58009,0.9806953169695872
58010,0.9807146120050999
58011,0.9797343875053447
58012,0.979754642990097
58013,0.9797748782294872
58014,0.9787955929938755
58015,0.9788167868039767
58016,0.9788379594308593
58017,0.978859110895696
58018,0.9788802412196383
58019,0.9789013504238167
58020,0.97892243852934
58021,0.9789435055572967
58022,0.9789645515287537
58023,0.9789855764647569
58024,0.9790065803863314
58025,0.9790275633144809
58026,0.9790485252701886
58027,0.9790694662744163
58028,0.979090386348105
58029,0.9791112855121749
58030,0.979132163787525
58031,0.9791530211950337
58032,0.9791738577555583
58033,0.9791946734899356
58034,0.9792154684189811
58035,0.9792362425634898
58036,0.979256995944236
58037,0.9792777285819729
58038,0.9792984404974332
58039,0.9793191317113288
58040,0.9793398022443509
58041,0.9793604521171702
58042,0.9783815811005613
58043,0.9784031887156531
58044,0.9784247747339283
58045,0.9784463391769729
58046,0.9784678820663513
58047,0.9774899031737312
58048,0.9775124020211338
58049,0.9775348783809328
58050,0.9775573322756045
58051,0.9775797637276029
58052,0.9776021727593595
58053,0.9776245593932832
58054,0.9776469236517606
58055,0.9776692655571562
58056,0.9776915851318116
58057,0.9777138823980467
58058,0.9777361573781586
58059,0.9777584100944222
58060,0.9777806405690904
58061,0.9778028488243937
58062,0.9778250348825402
58063,0.9778471987657161
58064,0.9778693404960852
58065,0.9778914600957893
58066,0.977913557586948
58067,0.9779356329916586
58068,0.9779576863319969
58069,0.9779797176300159
58070,0.978001726907747
58071,0.9780237141871996
58072,0.9780456794903608
58073,0.978067622839196
58074,0.9780895442556486
58075,0.97811144376164
58076,0.9781333213790697
58077,0.9781551771298153
58078,0.9781770110357325
58079,0.9781988231186554
58080,0.9782206134003958
58081,0.9782423819027443
58082,0.9782641286474691
58083,0.9782858536563173
58084,0.9783075569510136
58085,0.9783292385532615
58086,0.9783508984847424
58087,0.9783725367671166
58088,0.978394153422022
58089,0.9784157484710754
58090,0.9774378216859968
58091,0.9774603725888593
58092,0.9774829009520889
58093,0.9775054067982137
58094,0.9775278901497397
58095,0.9775503510291503
58096,0.9775727894589064
58097,0.9775952054614462
58098,0.9776175990591859
58099,0.977639970274519
58100,0.9776623191298168
58101,0.9776846456474282
58102,0.9777069498496797
58103,0.9777292317588754
58104,0.9777514913972973
58105,0.977773728787205
58106,0.977795943950836
58107,0.9778181369104054
58108,0.9778403076881061
58109,0.977862456306109
58110,0.9778845827865627
58111,0.9779066871515936
58112,0.9779287694233061
58113,0.9779508296237825
58114,0.9779728677750831
58115,0.9779948838992459
58116,0.9780168780182872
58117,0.9780388501542009
58118,0.9780608003289593
58119,0.9780827285645125
58120,0.9781046348827889
58121,0.9781265193056946
58122,0.9781483818551142
58123,0.9781702225529102
58124,0.9781920414209233
58125,0.9782138384809723
58126,0.9782356137548545
58127,0.9782573672643449
58128,0.9782790990311971
58129,0.978300809077143
58130,0.9783224974238924
58131,0.978344164093134
58132,0.9783658091065341
58133,0.978387432485738
58134,0.9784090342523689
58135,0.9784306144280287
58136,0.9784521730342975
58137,0.978473710092734
58138,0.9784952256248752
58139,0.9785167196522366
58140,0.9785381921963123
58141,0.9785596432785749
58142,0.9785810729204754
58143,0.9786024811434434
58144,0.9786238679688872
58145,0.9786452334181936
58146,0.9786665775127282
58147,0.9786879002738349
58148,0.9787092017228366
58149,0.9787304818810346
58150,0.9787517407697093
58151,0.9787729784101193
58152,0.9787941948235025
58153,0.9788153900310752
58154,0.9788365640540326
58155,0.9788577169135488
58156,0.9788788486307767
58157,0.9788999592268479
58158,0.978921048722873
58159,0.9789421171399416
58160,0.9789631644991221
58161,0.9789841908214618
58162,0.9790051961279871
58163,0.9790261804397032
58164,0.9790471437775946
58165,0.9790680861626245
58166,0.9790890076157354
58167,0.9791099081578486
58168,0.9791307878098647
58169,0.9791516465926635
58170,0.9791724845271036
58171,0.9791933016340231
58172,0.979214097934239
58173,0.9792348734485475
58174,0.9792556281977244
58175,0.9792763622025242
58176,0.9792970754836812
58177,0.9793177680619084
58178,0.9793384399578985
58179,0.9793590911923233
58180,0.9793797217858342
58181,0.9794003317590617
58182,0.9794209211326159
58183,0.979441489927086
58184,0.979462038163041
58185,0.979482565861029
58186,0.9795030730415777
58187,0.9795235597251943
58188,0.9795440259323656
58189,0.9795644716835576
58190,0.9795848969992162
58191,0.9796053018997668
58192,0.9796256864056141
58193,0.9796460505371427
58194,0.9796663943147168
58195,0.9796867177586801
58196,0.9797070208893561
58197,0.979727303727048
58198,0.9797475662920384
58199,0.9797678086045901
58200,0.9797880306849454
58201,0.9798082325533262
58202,0.9798284142299345
58203,0.9798485757349521
58204,0.9798687170885404
58205,0.9798888383108407
58206,0.9799089394219743
58207,0.9799290204420423
58208,0.9799490813911258
58209,0.9799691222892856
58210,0.9799891431565626
58211,0.9800091440129778
58212,0.980029124878532
58213,0.9800490857732062
58214,0.9800690267169611
58215,0.9800889477297378
58216,0.9801088488314572
58217,0.9801287300420205
58218,0.9801485913813088
58219,0.9801684328691835
58220,0.9801882545254862
58221,0.9802080563700384
58222,0.980227838422642
58223,0.9802476007030791
58224,0.9802673432311121
58225,0.9802870660264833
58226,0.9803067691089156
58227,0.980326452498112
58228,0.9803461162137561
58229,0.9803657602755115
58230,0.9803853847030222
58231,0.9804049895159127
58232,0.9804245747337879
58233,0.9804441403762328
58234,0.9804636864628133
58235,0.9804832130130754
58236,0.9805027200465456
58237,0.980522207582731
58238,0.980541675641119
58239,0.9805611242411779
58240,0.9805805534023562
58241,0.9805999631440829
58242,0.980619353485768
58243,0.9806387244468017
58244,0.980658076046555
58245,0.9806774083043795
58246,0.9806967212396076
58247,0.980716014871552
58248,0.9807352892195065
58249,0.9797550440528703
58250,0.9797752788913981
58251,0.9797954935051999
58252,0.97981568791449
58253,0.979835862139463
58254,0.9798560162002932
58255,0.9798761501171345
58256,0.9798962639101209
58257,0.9799163575993661
58258,0.979936431204964
58259,0.979956484746988
58260,0.9799765182454918
58261,0.9799965317205088
58262,0.9800165251920525
58263,0.9800364986801164
58264,0.9800564522046741
58265,0.9800763857856789
58266,0.9800962994430645
58267,0.9801161931967446
58268,0.9801360670666129
58269,0.9801559210725433
58270,0.9801757552343899
58271,0.9801955695719867
58272,0.9802153641051482
58273,0.9802351388536688
58274,0.9802548938373232
58275,0.9802746290758666
58276,0.9802943445890342
58277,0.9803140403965414
58278,0.980333716518084
58279,0.9803533729733382
58280,0.9803730097819606
58281,0.9803926269635879
58282,0.9804122245378372
58283,0.9804318025243061
58284,0.9804513609425726
58285,0.9804708998121952
58286,0.9804904191527127
58287,0.9805099189836446
58288,0.9805293993244906
58289,0.980548860194731
58290,0.9805683016138267
58291,0.9805877236012192
58292,0.9806071261763304
58293,0.980626509358563
58294,0.9806458731673
58295,0.9806652176219054
58296,0.9806845427417236
58297,0.9807038485460796
58298,0.9807231350542794
58299,0.9807424022856095
58300,0.979762150009462
58301,0.9797823777455844
58302,0.9798025852640796
58303,0.9798227725851549
58304,0.9798429397289978
58305,0.9798630867157755
58306,0.9798832135656348
58307,0.9799033202987026
58308,0.9799234069350857
58309,0.9789439732449957
58310,0.9789650187489987
58311,0.9789860432180152
58312,0.9790070466730696
58313,0.9790280291351655
58314,0.9790489906252853
58315,0.9790699311643905
58316,0.9790908507734215
58317,0.9791117494732982
58318,0.979132627284919
58319,0.9791534842291619
58320,0.9791743203268839
58321,0.979195135598921
58322,0.9792159300660885
58323,0.9792367037491809
58324,0.9792574566689719
58325,0.9792781888462143
58326,0.9792989003016404
58327,0.9793195910559616
58328,0.9793402611298686
58329,0.9793609105440316
58330,0.9793815393191001
58331,0.9794021474757028
58332,0.9794227350344477
58333,0.9794433020159224
58334,0.9794638484406941
58335,0.9794843743293091
58336,0.9795048797022933
58337,0.979525364580152
58338,0.9795458289833703
58339,0.9795662729324124
58340,0.9795866964477223
58341,0.9796070995497236
58342,0.9796274822588193
58343,0.9796478445953922
58344,0.9796681865798046
58345,0.9796885082323985
58346,0.9797088095734956
58347,0.9797290906233972
58348,0.9797493514023843
58349,0.9797695919307178
58350,0.9797898122286381
58351,0.9798100123163657
58352,0.9788306919642253
58353,0.9788518506928968
58354,0.9788729882734136
58355,0.9788941047269134
58356,0.9789152000745127
58357,0.9789362743373068
58358,0.97895732753637
58359,0.9789783596927555
58360,0.9789993708274953
58361,0.9790203609616008
58362,0.979041330116062
58363,0.979062278311848
58364,0.9790832055699071
58365,0.9791041119111666
58366,0.9791249973565328
58367,0.9791458619268911
58368,0.9791667056431061
58369,0.9791875285260215
58370,0.9792083305964603
58371,0.9792291118752244
58372,0.9792498723830952
58373,0.9792706121408333
58374,0.9782918309193033
58375,0.9783135282397237
58376,0.978335203873667
58377,0.9783568578428088
58378,0.978378490168803
58379,0.9784001008732819
58380,0.9784216899778563
58381,0.9784432575041153
58382,0.9784648034736264
58383,0.9784863279079357
58384,0.9785078308285674
58385,0.9785293122570246
58386,0.9785507722147887
58387,0.9785722107233197
58388,0.978593627804056
58389,0.9786150234784148
58390,0.9786363977677917
58391,0.978657750693561
58392,0.9786790822770757
58393,0.9787003925396673
58394,0.9787216815026462
58395,0.9787429491873012
58396,0.9787641956149001
58397,0.9787854208066893
58398,0.978806624783894
58399,0.9788278075677183
58400,0.9788489691793447
58401,0.978870109639935
58402,0.9788912289706297
58403,0.9789123271925482
58404,0.9789334043267885
58405,0.9789544603944279
58406,0.9789754954165224
58407,0.9789965094141071
58408,0.979017502408196
58409,0.979038474419782
58410,0.9790594254698372
58411,0.9790803555793126
58412,0.9791012647691384
58413,0.9791221530602237
58414,0.9791430204734568
58415,0.9791638670297053
58416,0.9791846927498155
58417,0.9792054976546133
58418,0.9792262817649036
58419,0.9792470451014704
58420,0.9792677876850772
58421,0.9792885095364664
58422,0.97930921067636
58423,0.9793298911254591
58424,0.9793505509044441
58425,0.9793711900339749
58426,0.9793918085346905
58427,0.9794124064272096
58428,0.97943298373213
58429,0.9794535404700289
58430,0.9794740766614631
58431,0.9794945923269689
58432,0.9795150874870618
58433,0.9795355621622371
58434,0.9795560163729695
58435,0.9795764501397132
58436,0.9795968634829019
58437,0.979617256422949
58438,0.9796376289802473
58439,0.9796579811751696
58440,0.979678313028068
58441,0.9796986245592743
58442,0.9797189157891001
58443,0.9797391867378367
58444,0.9797594374257549
58445,0.9797796678731054
58446,0.9797998781001188
58447,0.9798200681270053
58448,0.9798402379739548
58449,0.9798603876611373
58450,0.9798805172087023
58451,0.9799006266367796
58452,0.9799207159654785
58453,0.9799407852148883
58454,0.9799608344050783
58455,0.9799808635560977
58456,0.9800008726879756
58457,0.9800208618207213
58458,0.9800408309743238
58459,0.9800607801687523
58460,0.980080709423956
58461,0.9801006187598641
58462,0.980120508196386
58463,0.9801403777534111
58464,0.980160227450809
58465,0.9801800573084294
58466,0.9801998673461021
58467,0.9802196575836373
58468,0.9802394280408251
58469,0.980259178737436
58470,0.9802789096932206
58471,0.9802986209279101
58472,0.9803183124612155
58473,0.9803379843128285
58474,0.9803576365024208
58475,0.9803772690496447
58476,0.9803968819741329
58477,0.980416475295498
58478,0.9804360490333336
58479,0.9804556032072134
58480,0.9804751378366914
58481,0.9804946529413023
58482,0.9805141485405614
58483,0.9805336246539641
58484,0.9805530813009866
58485,0.9805725185010856
58486,0.9805919362736982
58487,0.9806113346382422
58488,0.980630713614116
58489,0.9806500732206986
58490,0.9806694134773496
58491,0.9806887344034092
58492,0.9807080360181984
58493,0.9807273183410189
58494,0.9807465813911528
58495,0.9807658251878633
58496,0.9807850497503942
58497,0.98080425509797
58498,0.9808234412497961
58499,0.9808426082250588
58500,0.9808617560429248
58501,0.9808808847225421
58502,0.9808999942830393
58503,0.9809190847435261
58504,0.9809381561230928
58505,0.9809572084408108
58506,0.9809762417157325
58507,0.9809952559668912
58508,0.9810142512133011
58509,0.9810332274739575
58510,0.9810521847678366
58511,0.9810711231138958
58512,0.9810900425310732
58513,0.9811089430382886
58514,0.9811278246544421
58515,0.9811466873984157
58516,0.9811655312890719
58517,0.9811843563452548
58518,0.9812031625857893
58519,0.9812219500294816
58520,0.9812407186951193
58521,0.9812594686014711
58522,0.9812781997672867
58523,0.9812969122112974
58524,0.9813156059522157
58525,0.9813342810087352
58526,0.9813529373995311
58527,0.9813715751432597
58528,0.9813901942585588
58529,0.9814087947640475
58530,0.9814273766783264
58531,0.9814459400199772
58532,0.9814644848075634
58533,0.9814830110596299
58534,0.9815015187947027
58535,0.9815200080312897
58536,0.9815384787878801
58537,0.9815569310829447
58538,0.9815753649349358
58539,0.9815937803622872
58540,0.9816121773834143
58541,0.9816305560167142
58542,0.9816489162805656
58543,0.9816672581933287
58544,0.9816855817733453
58545,0.9817038870389392
58546,0.9817221740084155
58547,0.9817404427000613
58548,0.9817586931321453
58549,0.9817769253229177
58550,0.9817951392906109
58551,0.9818133350534389
58552,0.9818315126295974
58553,0.981849672037264
58554,0.981867813294598
58555,0.9818859364197409
58556,0.9819040414308156
58557,0.9819221283459272
58558,0.9819401971831626
58559,0.9819582479605907
58560,0.9819762806962623
58561,0.98199429540821
58562,0.9820122921144487
58563,0.982030270832975
58564,0.9820482315817677
58565,0.9820661743787874
58566,0.982084099241977
58567,0.9821020061892615
58568,0.9821198952385476
58569,0.9821377664077244
58570,0.9821556197146633
58571,0.9821734551772173
58572,0.9821912728132222
58573,0.9822090726404953
58574,0.9822268546768366
58575,0.9822446189400281
58576,0.9822623654478342
58577,0.9822800942180012
58578,0.982297805268258
58579,0.9823154986163157
58580,0.9823331742798677
58581,0.9823508322765895
58582,0.9823684726241391
58583,0.982386095340157
58584,0.9824037004422658
58585,0.9814217876981955
58586,0.9814403566260335
58587,0.9814589069942233
58588,0.9814774388213156
58589,0.981495952125842
58590,0.9815144469263158
58591,0.9815329232412321
58592,0.9815513810890669
58593,0.9815698204882782
58594,0.9815882414573054
58595,0.9816066440145694
58596,0.9816250281784729
58597,0.9816433939674
58598,0.9816617413997164
58599,0.9816800704937697
58600,0.9816983812678889
58601,0.9817166737403847
58602,0.9817349479295497
58603,0.9817532038536582
58604,0.9817714415309658
58605,0.9817896609797105
58606,0.9818078622181117
58607,0.9818260452643705
58608,0.9818442101366699
58609,0.981862356853175
58610,0.9818804854320324
58611,0.9818985958913707
58612,0.9819166882493005
58613,0.9819347625239139
58614,0.9819528187332853
58615,0.9819708568954709
58616,0.9819888770285089
58617,0.9820068791504194
58618,0.9820248632792046
58619,0.9820428294328486
58620,0.9820607776293175
58621,0.9820787078865596
58622,0.9820966202225051
58623,0.9821145146550663
58624,0.9821323912021377
58625,0.9821502498815958
58626,0.9821680907112994
58627,0.9821859137090893
58628,0.9822037188927883
58629,0.9812220060303268
58630,0.9812407746399917
58631,0.9812595244904265
58632,0.9812782556003812
58633,0.9812969679885867
58634,0.9813156616737555
58635,0.9813343366745814
58636,0.9813529930097392
58637,0.9813716306978854
58638,0.9813902497576575
58639,0.9814088502076749
58640,0.9814274320665378
58641,0.9814459953528282
58642,0.9804650398352341
58643,0.9804845650328001
58644,0.9805040707149263
58645,0.9805235569011183
58646,0.9805430236108623
58647,0.980562470863625
58648,0.9805818986788538
58649,0.9806013070759764
58650,0.9806206960744012
58651,0.9806400656935172
58652,0.9806594159526941
58653,0.9806787468712821
58654,0.9806980584686121
58655,0.9807173507639958
58656,0.9807366237767254
58657,0.9807558775260741
58658,0.9807751120312954
58659,0.980794327311624
58660,0.980813523386275
58661,0.9808327002744447
58662,0.9808518579953098
58663,0.9808709965680281
58664,0.9808901160117383
58665,0.9809092163455596
58666,0.9809282975885926
58667,0.9809473597599183
58668,0.980966402878599
58669,0.9809854269636779
58670,0.981004432034179
58671,0.9810234181091073
58672,0.981042385207449
58673,0.9810613333481712
58674,0.9810802625502221
58675,0.9810991728325307
58676,0.9811180642140074
58677,0.9811369367135436
58678,0.9811557903500119
58679,0.9811746251422657
58680,0.98119344110914
58681,0.9812122382694507
58682,0.981231016641995
58683,0.9812497762455512
58684,0.981268517098879
58685,0.9812872392207191
58686,0.9813059426297939
58687,0.9813246273448065
58688,0.9813432933844419
58689,0.981361940767366
58690,0.9813805695122263
58691,0.9813991796376513
58692,0.9814177711622514
58693,0.9814363441046179
58694,0.9814548984833239
58695,0.9814734343169238
58696,0.9814919516239533
58697,0.9815104504229298
58698,0.9815289307323521
58699,0.9815473925707007
58700,0.9815658359564371
58701,0.9815842609080049
58702,0.981602667443829
58703,0.9816210555823159
58704,0.9816394253418539
58705,0.9816577767408126
58706,0.9816761097975434
58707,0.9816944245303795
58708,0.9817127209576355
58709,0.9817309990976079
58710,0.9817492589685748
58711,0.9817675005887961
58712,0.9817857239765135
58713,0.9818039291499503
58714,0.9818221161273116
58715,0.9818402849267845
58716,0.9818584355665378
58717,0.9818765680647222
58718,0.9818946824394701
58719,0.9819127787088959
58720,0.9819308568910959
58721,0.9809494167542733
58722,0.9809684578169876
58723,0.980987479848155
58724,0.9810064828667976
58725,0.9810254668919183
58726,0.981044431942501
58727,0.981063378037511
58728,0.9810823051958942
58729,0.981101213436578
58730,0.9811201027784704
58731,0.981138973240461
58732,0.98115782484142
58733,0.9811766576001992
58734,0.9811954715356314
58735,0.9812142666665303
58736,0.9812330430116912
58737,0.9812518005898905
58738,0.9812705394198856
58739,0.9812892595204155
58740,0.9813079609102001
58741,0.9813266436079411
58742,0.981345307632321
58743,0.9813639530020039
58744,0.981382579735635
58745,0.9814011878518413
58746,0.9814197773692307
58747,0.9814383483063929
58748,0.9814569006818987
58749,0.9814754345143006
58750,0.9814939498221324
58751,0.9815124466239095
58752,0.9815309249381284
58753,0.9815493847832677
58754,0.9815678261777872
58755,0.9815862491401282
58756,0.9816046536887137
58757,0.9816230398419484
58758,0.9816414076182184
58759,0.9816597570358914
58760,0.9816780881133168
58761,0.9816964008688257
58762,0.981714695320731
58763,0.981732971487327
58764,0.9817512293868899
58765,0.9817694690376776
58766,0.9817876904579298
58767,0.9818058936658679
58768,0.9818240786796951
58769,0.9818422455175965
58770,0.9818603941977389
58771,0.9818785247382709
58772,0.9818966371573231
58773,0.9819147314730079
58774,0.9819328077034197
58775,0.9819508658666347
58776,0.9819689059807111
58777,0.9819869280636889
58778,0.9820049321335903
58779,0.9820229182084192
58780,0.9820408863061619
58781,0.9820588364447864
58782,0.9820767686422429
58783,0.9820946829164635
58784,0.9821125792853626
58785,0.9821304577668365
58786,0.9821483183787637
58787,0.9821661611390048
58788,0.9821839860654026
58789,0.9822017931757819
58790,0.98221958248795
58791,0.9822373540196963
58792,0.982255107788792
58793,0.9822728438129911
58794,0.9822905621100295
58795,0.9823082626976257
58796,0.9823259455934802
58797,0.9823436108152758
58798,0.9823612583806778
58799,0.9823788883073338
58800,0.9823965006128736
58801,0.9824140953149098
58802,0.9824316724310368
58803,0.9824492319788318
58804,0.9824667739758545
58805,0.9824842984396467
58806,0.982501805387733
58807,0.9825192948376203
58808,0.9825367668067981
58809,0.9825542213127384
58810,0.9825716583728956
58811,0.9825890780047069
58812,0.9826064802255917
58813,0.9826238650529524
58814,0.9826412325041738
58815,0.9826585825966234
58816,0.9826759153476513
58817,0.9826932307745901
58818,0.9827105288947555
58819,0.9827278097254454
58820,0.9827450732839407
58821,0.9827623195875049
58822,0.9827795486533845
58823,0.9827967604988084
58824,0.9828139551409885
58825,0.9828311325971194
58826,0.9828482928843787
58827,0.9828654360199265
58828,0.9828825620209061
58829,0.9828996709044434
58830,0.9829167626876474
58831,0.9829338373876098
58832,0.9829508950214052
58833,0.9829679356060914
58834,0.982984959158709
58835,0.9830019656962815
58836,0.9830189552358155
58837,0.9830359277943005
58838,0.983052883388709
58839,0.9830698220359967
58840,0.9830867437531021
58841,0.9831036485569471
58842,0.9831205364644364
58843,0.9831374074924579
58844,0.9831542616578828
58845,0.983171098977565
58846,0.983187919468342
58847,0.9832047231470343
58848,0.9832215100304456
58849,0.9832382801353626
58850,0.9832550334785557
58851,0.983271770076778
58852,0.9832884899467662
58853,0.9833051931052402
58854,0.9833218795689032
58855,0.9833385493544415
58856,0.983355202478525
58857,0.9833718389578069
58858,0.9833884588089236
58859,0.9834050620484949
58860,0.9834216486931241
58861,0.9834382187593979
58862,0.9834547722638862
58863,0.9834713092231427
58864,0.9834878296537043
58865,0.9835043335720914
58866,0.983520820994808
58867,0.9835372919383414
58868,0.9835537464191626
58869,0.9835701844537261
58870,0.98358660605847
58871,0.9836030112498159
58872,0.9836194000441689
58873,0.9836357724579179
58874,0.9836521285074352
58875,0.9836684682090769
58876,0.9826852913293077
58877,0.9827025973849506
58878,0.9827198861431865
58879,0.9827371576213043
58880,0.9827544118365754
58881,0.982771648806254
58882,0.9827888685475771
58883,0.9828060710777644
58884,0.9828232564140185
58885,0.9828404245735247
58886,0.9828575755734512
58887,0.982874709430949
58888,0.982891826163152
58889,0.9829089257871768
58890,0.9829260083201231
58891,0.9829430737790735
58892,0.9829601221810934
58893,0.9829771535432312
58894,0.9829941678825184
58895,0.9830111652159691
58896,0.9830281455605808
58897,0.9830451089333339
58898,0.9830620553511916
58899,0.9830789848311005
58900,0.9830958973899899
58901,0.9831127930447725
58902,0.9831296718123439
58903,0.9831465337095829
58904,0.9831633787533515
58905,0.9831802069604946
58906,0.9831970183478405
58907,0.9832138129322004
58908,0.9832305907303691
58909,0.9832473517591244
58910,0.9832640960352272
58911,0.9832808235754219
58912,0.983297534396436
58913,0.9833142285149803
58914,0.983330905947749
58915,0.9833475667114194
58916,0.9833642108226524
58917,0.983380838298092
58918,0.9833974491543658
58919,0.9834140434080846
58920,0.9834306210758427
58921,0.9834471821742177
58922,0.9834637267197707
58923,0.9834802547290462
58924,0.9834967662185724
58925,0.9835132612048607
58926,0.983529739704406
58927,0.983546201733687
58928,0.9835626473091655
58929,0.9835790764472873
58930,0.9835954891644814
58931,0.9836118854771605
58932,0.9836282654017211
58933,0.983644628954543
58934,0.9836609761519897
58935,0.9836773070104085
58936,0.9836936215461302
58937,0.9837099197754694
58938,0.9837262017147244
58939,0.9837424673801769
58940,0.9837587167880928
58941,0.9837749499547214
58942,0.9837911668962959
58943,0.9838073676290332
58944,0.9838235521691341
58945,0.9838397205327831
58946,0.9838558727361486
58947,0.9838720087953828
58948,0.9838881287266218
58949,0.9839042325459855
58950,0.9839203202695777
58951,0.9829368916636111
58952,0.9829539462446569
58953,0.9829709837796448
58954,0.9829880042856122
58955,0.9830050077795796
58956,0.9830219942785505
58957,0.9830389637995115
58958,0.983055916359432
58959,0.9830728519752646
58960,0.983089770663945
58961,0.9831066724423918
58962,0.9831235573275069
58963,0.9831404253361751
58964,0.9831572764852643
58965,0.9831741107916259
58966,0.983190928272094
58967,0.9832077289434862
58968,0.9832245128226031
58969,0.9832412799262288
58970,0.9832580302711301
58971,0.9832747638740575
58972,0.9832914807517447
58973,0.9833081809209083
58974,0.9833248643982487
58975,0.9833415312004494
58976,0.9833581813441771
58977,0.9833748148460819
58978,0.9833914317227975
58979,0.9834080319909406
58980,0.9834246156671116
58981,0.983441182767894
58982,0.9834577333098552
58983,0.9834742673095455
58984,0.9834907847834989
58985,0.9835072857482331
58986,0.9835237702202488
58987,0.9835402382160306
58988,0.9835566897520466
58989,0.9835731248447481
58990,0.9835895435105705
58991,0.9836059457659322
58992,0.9836223316272356
58993,0.9826392008609914
58994,0.982656552984069
58995,0.982673887763695
58996,0.9826912052172045
58997,0.982708505361915
58998,0.9827257882151265
58999,0.9827430537941219
59000,0.9827603021161667
59001,0.9827775331985094
59002,0.9827947470583809
59003,0.9828119437129952
59004,0.982829123179549
59005,0.9828462854752216
59006,0.9828634306171754
59007,0.9828805586225555
59008,0.98289766950849
59009,0.9829147632920897
59010,0.9829318399904484
59011,0.9829488996206429
59012,0.9829659421997328
59013,0.9829829677447606
59014,0.9829999762727518
59015,0.9830169678007151
59016,0.9830339423456419
59017,0.9830508999245068
59018,0.9830678405542674
59019,0.9830847642518644
59020,0.9831016710342214
59021,0.9831185609182452
59022,0.9831354339208257
59023,0.9831522900588359
59024,0.9831691293491319
59025,0.9831859518085531
59026,0.9832027574539218
59027,0.9832195463020439
59028,0.983236318369708
59029,0.9832530736736863
59030,0.9832698122307341
59031,0.9832865340575899
59032,0.9833032391709756
59033,0.9833199275875963
59034,0.9833365993241405
59035,0.9833532543972798
59036,0.9833698928236694
59037,0.9833865146199475
59038,0.9834031198027362
59039,0.9834197083886406
59040,0.9834362803942491
59041,0.983452835836134
59042,0.9834693747308505
59043,0.9834858970949376
59044,0.9835024029449176
59045,0.9835188922972965
59046,0.9835353651685635
59047,0.9835518215751917
59048,0.9835682615336373
59049,0.9835846850603404
59050,0.9836010921717243
59051,0.9836174828841964
59052,0.9836338572141472
59053,0.9836502151779511
59054,0.9836665567919662
59055,0.983682882072534
59056,0.9826996907861046
59057,0.9827169824494868
59058,0.9827342568298472
59059,0.98275151394446
59060,0.9827687538105825
59061,0.9817864761955795
59062,0.9818046806171731
59063,0.9818228668434428
59064,0.9818410348925748
59065,0.9818591847827371
59066,0.9818773165320798
59067,0.9818954301587344
59068,0.9819135256808146
59069,0.9819316031164159
59070,0.9819496624836159
59071,0.9819677038004739
59072,0.9819857270850312
59073,0.982003732355311
59074,0.9820217196293187
59075,0.9820396889250416
59076,0.9820576402604488
59077,0.9820755736534919
59078,0.982093489122104
59079,0.9821113866842008
59080,0.9821292663576799
59081,0.9821471281604209
59082,0.9821649721102855
59083,0.9821827982251178
59084,0.9822006065227439
59085,0.982218397020972
59086,0.9822361697375928
59087,0.9822539246903788
59088,0.982271661897085
59089,0.9822893813754487
59090,0.9823070831431894
59091,0.9823247672180088
59092,0.982342433617591
59093,0.9823600823596024
59094,0.9823777134616917
59095,0.9823953269414901
59096,0.9824129228166111
59097,0.9824305011046505
59098,0.9814485615733115
59099,0.9814671037406545
59100,0.9814856273750966
59101,0.9815041324951614
59102,0.9815226191193542
59103,0.9815410872661615
59104,0.9815595369540514
59105,0.9815779682014737
59106,0.9815963810268595
59107,0.9816147754486217
59108,0.9816331514851548
59109,0.9816515091548349
59110,0.9816698484760195
59111,0.981688169467048
59112,0.9817064721462413
59113,0.9817247565319023
59114,0.9817430226423152
59115,0.9817612704957461
59116,0.981779500110443
59117,0.9817977115046355
59118,0.9818159046965349
59119,0.9818340797043345
59120,0.9818522365462091
59121,0.9818703752403158
59122,0.9818884958047933
59123,0.981906598257762
59124,0.9819246826173245
59125,0.981942748901565
59126,0.9819607971285499
59127,0.9819788273163275
59128,0.9819968394829278
59129,0.9820148336463632
59130,0.9820328098246277
59131,0.9820507680356976
59132,0.982068708297531
59133,0.9820866306280682
59134,0.9821045350452315
59135,0.9821224215669254
59136,0.9821402902110364
59137,0.9821581409954332
59138,0.9811764736880915
59139,0.9811952878073438
59140,0.9812140831218792
59141,0.981232859650493
59142,0.9812516174119618
59143,0.9802708561751682
59144,0.9802905754593509
59145,0.9803102750341042
59146,0.9803299549191276
59147,0.9803496151341009
59148,0.9803692556986845
59149,0.980388876632519
59150,0.9804084779552251
59151,0.9804280596864043
59152,0.9804476218456383
59153,0.9804671644524892
59154,0.9804866875264997
59155,0.9805061910871928
59156,0.9805256751540722
59157,0.9805451397466218
59158,0.9805645848843063
59159,0.9805840105865709
59160,0.9806034168728411
59161,0.9806228037625234
59162,0.9806421712750046
59163,0.9806615194296523
59164,0.9806808482458146
59165,0.9797006574929452
59166,0.9797209466908533
59167,0.9797412156097031
59168,0.9797614642697633
59169,0.9797816926912828
59170,0.9798019008944899
59171,0.9798220888995929
59172,0.9798422567267797
59173,0.9798624043962182
59174,0.9798825319280561
59175,0.9799026393424208
59176,0.9799227266594199
59177,0.9799427938991406
59178,0.9799628410816502
59179,0.9799828682269959
59180,0.9800028753552048
59181,0.980022862486284
59182,0.9800428296402207
59183,0.9800627768369821
59184,0.9800827040965153
59185,0.9801026114387477
59186,0.9801224988835865
59187,0.9801423664509192
59188,0.9801622141606134
59189,0.9801820420325169
59190,0.9802018500864574
59191,0.9802216383422431
59192,0.9802414068196621
59193,0.980261155538483
59194,0.9802808845184545
59195,0.9803005937793057
59196,0.9803202833407456
59197,0.980339953222464
59198,0.9803596034441308
59199,0.980379234025396
59200,0.9803988449858904
59201,0.9804184363452249
59202,0.9804380081229908
59203,0.9804575603387599
59204,0.9804770930120844
59205,0.9804966061624971
59206,0.9805160998095112
59207,0.98053557397262
59208,0.9805550286712981
59209,0.9805744639249999
59210,0.9805938797531608
59211,0.9806132761751967
59212,0.9806326532105039
59213,0.9806520108784593
59214,0.9806713491984209
59215,0.9806906681897268
59216,0.9807099678716962
59217,0.9807292482636285
59218,0.9807485093848043
59219,0.9807677512544847
59220,0.9807869738919115
59221,0.9798066770664323
59222,0.9798268602977502
59223,0.9798470233559234
59224,0.9798671662611149
59225,0.9798872890334677
59226,0.9799073916931044
59227,0.9799274742601277
59228,0.9799475367546203
59229,0.9799675791966447
59230,0.9799876016062432
59231,0.9800076040034383
59232,0.9800275864082325
59233,0.9800475488406081
59234,0.9800674913205275
59235,0.9800874138679333
59236,0.980107316502748
59237,0.9801271992448741
59238,0.9801470621141946
59239,0.9801669051305721
59240,0.9801867283138499
59241,0.9802065316838511
59242,0.980226315260379
59243,0.9802460790632171
59244,0.9802658231121295
59245,0.98028554742686
59246,0.980305252027133
59247,0.9803249369326531
59248,0.9803446021631053
59249,0.9803642477381547
59250,0.9803838736774468
59251,0.9804034800006078
59252,0.9804230667272439
59253,0.9804426338769417
59254,0.9804621814692687
59255,0.9804817095237721
59256,0.9805012180599803
59257,0.9805207070974016
59258,0.9805401766555251
59259,0.9805596267538204
59260,0.9805790574117376
59261,0.9805984686487074
59262,0.9806178604841409
59263,0.9806372329374301
59264,0.9806565860279474
59265,0.9806759197750459
59266,0.9806952341980593
59267,0.9807145293163021
59268,0.9807338051490694
59269,0.980753061715637
59270,0.9807722990352615
59271,0.9797920168773052
59272,0.9798122147614858
59273,0.9798323924578761
59274,0.9798525499866538
59275,0.9798726873679765
59276,0.9798928046219815
59277,0.9799129017687861
59278,0.9799329788284875
59279,0.9799530358211627
59280,0.9799730727668686
59281,0.9799930896856424
59282,0.9800130865975007
59283,0.9800330635224408
59284,0.9800530204804394
59285,0.9800729574914535
59286,0.98009287457542
59287,0.9801127717522562
59288,0.9801326490418591
59289,0.9801525064641061
59290,0.9801723440388547
59291,0.9801921617859423
59292,0.9802119597251867
59293,0.980231737876386
59294,0.9802514962593181
59295,0.9802712348937416
59296,0.980290953799395
59297,0.9803106529959973
59298,0.9803303325032476
59299,0.9803499923408256
59300,0.980369632528391
59301,0.9803892530855841
59302,0.9804088540320253
59303,0.9804284353873156
59304,0.9804479971710365
59305,0.9804675394027496
59306,0.9804870621019972
59307,0.980506565288302
59308,0.9805260489811674
59309,0.9805455132000768
59310,0.9805649579644945
59311,0.9805843832938653
59312,0.9806037892076146
59313,0.9806231757251482
59314,0.9806425428658527
59315,0.9806618906490953
59316,0.9806812190942236
59317,0.9807005282205662
59318,0.9807198180474322
59319,0.9807390885941115
59320,0.9807583398798745
59321,0.9807775719239725
59322,0.9807967847456377
59323,0.9808159783640829
59324,0.9808351527985015
59325,0.9808543080680683
59326,0.9808734441919382
59327,0.9808925611892476
59328,0.9809116590791135
59329,0.9809307378806336
59330,0.9809497976128868
59331,0.9809688382949329
59332,0.9809878599458125
59333,0.9810068625845473
59334,0.9810258462301399
59335,0.981044810901574
59336,0.9810637566178143
59337,0.9810826833978065
59338,0.9811015912604774
59339,0.9811204802247347
59340,0.9811393503094676
59341,0.9811582015335462
59342,0.9811770339158215
59343,0.981195847475126
59344,0.9812146422302733
59345,0.9812334182000582
59346,0.9812521754032565
59347,0.9812709138586255
59348,0.9812896335849037
59349,0.9813083346008109
59350,0.981327016925048
59351,0.9813456805762973
59352,0.9813643255732226
59353,0.9813829519344688
59354,0.9814015596786623
59355,0.9814201488244108
59356,0.9814387193903034
59357,0.9814572713949108
59358,0.981475804856785
59359,0.9814943197944593
59360,0.9815128162264489
59361,0.9815312941712501
59362,0.9815497536473408
59363,0.9815681946731805
59364,0.9815866172672103
59365,0.9816050214478528
59366,0.981623407233512
59367,0.981641774642574
59368,0.9816601236934059
59369,0.9816784544043571
59370,0.9816967667937581
59371,0.9817150608799212
59372,0.9817333366811407
59373,0.9817515942156922
59374,0.9817698335018334
59375,0.9807885543079286
59376,0.9808077561526982
59377,0.9808269388052192
59378,0.9808461022846743
59379,0.9808652466102268
59380,0.9808843718010212
59381,0.9809034778761826
59382,0.979923064604942
59383,0.9799431315068862
59384,0.9799631783519568
59385,0.9799832051602007
59386,0.9800032119516447
59387,0.9800231987462957
59388,0.9800431655641405
59389,0.9800631124251459
59390,0.9800830393492587
59391,0.9801029463564058
59392,0.9801228334664944
59393,0.9801427006994115
59394,0.9801625480750242
59395,0.9801823756131801
59396,0.9802021833337067
59397,0.9802219712564116
59398,0.980241739401083
59399,0.9802614877874887
59400,0.9802812164353772
59401,0.9803009253644773
59402,0.9803206145944978
59403,0.980340284145128
59404,0.9803599340360374
59405,0.9803795642868759
59406,0.9803991749172738
59407,0.9804187659468417
59408,0.9794388371452957
59409,0.9794593880327067
59410,0.9794799183795007
59411,0.9795004282062078
59412,0.979520917533338
59413,0.9795413863813807
59414,0.9795618347708046
59415,0.9795822627220582
59416,0.9796026702555694
59417,0.9796230573917457
59418,0.9796434241509744
59419,0.9796637705536221
59420,0.9796840966200353
59421,0.97970440237054
59422,0.979724687825442
59423,0.9797449530050267
59424,0.9797651979295594
59425,0.97878592236941
59426,0.9788071258453026
59427,0.9788283081283158
59428,0.9788494692396318
59429,0.9788706092004118
59430,0.9788917280317957
59431,0.9789128257549023
59432,0.9789339023908294
59433,0.9789549579606537
59434,0.9789759924854307
59435,0.9789970059861949
59436,0.9790179984839598
59437,0.979038969999718
59438,0.9790599205544409
59439,0.9790808501690792
59440,0.9791017588645624
59441,0.9791226466617993
59442,0.9791435135816775
59443,0.9791643596450641
59444,0.9791851848728051
59445,0.9792059892857259
59446,0.9792267729046307
59447,0.9792475357503032
59448,0.9792682778435063
59449,0.9792889992049821
59450,0.9793096998554519
59451,0.9793303798156163
59452,0.9793510391061554
59453,0.9793716777477285
59454,0.978392795511099
59455,0.9784143919173848
59456,0.9784359667380571
59457,0.9784575199946908
59458,0.978479051708839
59459,0.9785005619020335
59460,0.9785220505957846
59461,0.9775440175617058
59462,0.9775664623217641
59463,0.9775888846482791
59464,0.9776112845636731
59465,0.9776336620903461
59466,0.9776560172506755
59467,0.9776783500670166
59468,0.9777006605617022
59469,0.9777229487570429
59470,0.9777452146753267
59471,0.9777674583388196
59472,0.9777896797697653
59473,0.9778118789903852
59474,0.9778340560228787
59475,0.9778562108894225
59476,0.9778783436121717
59477,0.977900454213259
59478,0.977922542714795
59479,0.9779446091388682
59480,0.977966653507545
59481,0.9779886758428697
59482,0.9780106761668649
59483,0.9780326545015307
59484,0.9780546108688455
59485,0.9780765452907657
59486,0.9780984577892257
59487,0.9781203483861379
59488,0.9781422171033931
59489,0.9781640639628599
59490,0.9781858889863853
59491,0.9782076921957942
59492,0.9782294736128898
59493,0.9782512332594536
59494,0.9782729711572453
59495,0.9782946873280027
59496,0.978316381793442
59497,0.9783380545752577
59498,0.9783597056951225
59499,0.9783813351746876
59500,0.9784029430355825
59501,0.978424529299415
59502,0.9784460939877715
59503,0.9784676371222165
59504,0.9784891587242932
59505,0.9785106588155233
59506,0.9785321374174069
59507,0.9785535945514224
59508,0.9785750302390273
59509,0.978596444501657
59510,0.9786178373607257
59511,0.9786392088376266
59512,0.9786605589537308
59513,0.9786818877303888
59514,0.9787031951889291
59515,0.9787244813506594
59516,0.9787457462368656
59517,0.9787669898688127
59518,0.9787882122677445
59519,0.9788094134548831
59520,0.97883059345143
59521,0.978851752278565
59522,0.978872889957447
59523,0.9788940065092137
59524,0.9789151019549815
59525,0.9789361763158462
59526,0.9789572296128818
59527,0.9789782618671418
59528,0.9789992730996584
59529,0.9790202633314429
59530,0.9790412325834854
59531,0.9790621808767553
59532,0.9790831082322009
59533,0.9791040146707495
59534,0.9791249002133074
59535,0.9791457648807604
59536,0.9791666086939731
59537,0.9791874316737892
59538,0.9792082338410317
59539,0.979229015216503
59540,0.9792497758209843
59541,0.9792705156752362
59542,0.9792912347999986
59543,0.9793119332159906
59544,0.9793326109439107
59545,0.9793532680044365
59546,0.9793739044182251
59547,0.9793945202059131
59548,0.9794151153881161
59549,0.9794356899854293
59550,0.9794562440184273
59551,0.9794767775076643
59552,0.9794972904736736
59553,0.9795177829369683
59554,0.9795382549180408
59555,0.9795587064373631
59556,0.9795791375153867
59557,0.9795995481725428
59558,0.9796199384292419
59559,0.9796403083058743
59560,0.97966065782281
59561,0.9796809870003984
59562,0.9797012958589687
59563,0.9797215844188298
59564,0.9797418527002703
59565,0.9797621007235583
59566,0.9797823285089421
59567,0.9798025360766492
59568,0.9798227234468875
59569,0.9798428906398441
59570,0.9798630376756863
59571,0.9798831645745611
59572,0.9799032713565956
59573,0.9799233580418963
59574,0.9799434246505501
59575,0.9799634712026235
59576,0.9799834977181631
59577,0.9800035042171954
59578,0.9800234907197269
59579,0.9800434572457442
59580,0.9800634038152137
59581,0.980083330448082
59582,0.9801032371642758
59583,0.9801231239837018
59584,0.9801429909262469
59585,0.9801628380117778
59586,0.9801826652601419
59587,0.9802024726911662
59588,0.9802222603246583
59589,0.9802420281804057
59590,0.9802617762781765
59591,0.9802815046377185
59592,0.9803012132787602
59593,0.9803209022210103
59594,0.9803405714841578
59595,0.9803602210878718
59596,0.9803798510518019
59597,0.9803994613955782
59598,0.980419052138811
59599,0.980438623301091
59600,0.9804581749019895
59601,0.980477706961058
59602,0.9804972194978285
59603,0.9805167125318137
59604,0.9805361860825066
59605,0.9795561399195056
59606,0.9795765735627645
59607,0.9795969867825919
59608,0.9796173795994009
59609,0.9796377520335844
59610,0.9796581041055148
59611,0.9796784358355443
59612,0.9796987472440045
59613,0.9797190383512069
59614,0.9797393091774426
59615,0.9797595597429823
59616,0.9797797900680768
59617,0.9798000001729563
59618,0.9798201900778309
59619,0.9798403598028906
59620,0.979860509368305
59621,0.9798806387942238
59622,0.9799007481007763
59623,0.9799208373080719
59624,0.9799409064361998
59625,0.9799609555052291
59626,0.9799809845352089
59627,0.9800009935461682
59628,0.979021482308241
59629,0.979042450341916
59630,0.9790633974180359
59631,0.9790843235575482
59632,0.9791052287813787
59633,0.9791261131104328
59634,0.9791469765655948
59635,0.9791678191677281
59636,0.9791886409376754
59637,0.9792094418962585
59638,0.9792302220642782
59639,0.9792509814625149
59640,0.9792717201117278
59641,0.9792924380326556
59642,0.9793131352460163
59643,0.979333811772507
59644,0.9793544676328043
59645,0.9793751028475641
59646,0.9793957174374216
59647,0.9794163114229913
59648,0.9794368848248675
59649,0.9794574376636233
59650,0.9794779699598115
59651,0.9794984817339646
59652,0.9795189730065943
59653,0.9795394437981919
59654,0.9795598941292282
59655,0.9795803240201535
59656,0.9796007334913978
59657,0.9796211225633704
59658,0.9796414912564605
59659,0.9796618395910367
59660,0.9796821675874474
59661,0.9797024752660207
59662,0.9797227626470641
59663,0.9797430297508651
59664,0.9797632765976908
59665,0.9797835032077881
59666,0.9798037096013835
59667,0.9798238957986835
59668,0.9798440618198742
59669,0.9798642076851216
59670,0.9798843334145718
59671,0.9799044390283503
59672,0.9799245245465629
59673,0.9799445899892949
59674,0.9799646353766119
59675,0.9799846607285594
59676,0.9800046660651626
59677,0.9800246514064268
59678,0.9800446167723375
59679,0.9800645621828599
59680,0.9790849874080644
59681,0.9791058919683762
59682,0.9791267756345747
59683,0.9791476384275437
59684,0.9791684803681459
59685,0.9791893014772232
59686,0.9792101017755968
59687,0.9792308812840669
59688,0.9792516400234131
59689,0.9792723780143943
59690,0.9792930952777482
59691,0.9793137918341922
59692,0.9793344677044229
59693,0.9793551229091161
59694,0.979375757468927
59695,0.9793963714044903
59696,0.9794169647364198
59697,0.9794375374853089
59698,0.9794580896717304
59699,0.9794786213162364
59700,0.9794991324393586
59701,0.9795196230616081
59702,0.9795400932034756
59703,0.9795605428854312
59704,0.9795809721279245
59705,0.9796013809513848
59706,0.979621769376221
59707,0.9796421374228215
59708,0.9796624851115543
59709,0.9796828124627671
59710,0.9797031194967873
59711,0.979723406233922
59712,0.9797436726944577
59713,0.9797639188986612
59714,0.9797841448667785
59715,0.9798043506190356
59716,0.9798245361756382
59717,0.9798447015567721
59718,0.9798648467826023
59719,0.9798849718732744
59720,0.9799050768489133
59721,0.979925161729624
59722,0.9799452265354914
59723,0.9799652712865804
59724,0.9799852960029356
59725,0.9800053007045818
59726,0.9800252854115238
59727,0.9800452501437461
59728,0.9800651949212136
59729,0.980085119763871
59730,0.9801050246916433
59731,0.9801249097244352
59732,0.9801447748821319
59733,0.9801646201845986
59734,0.9801844456516805
59735,0.979204751053328
59736,0.9792255359098465
59737,0.9792462999918956
59738,0.9792670433202395
59739,0.9792877659156216
59740,0.9793084677987645
59741,0.9793291489903699
59742,0.9793498095111192
59743,0.9793704493816727
59744,0.9793910686226706
59745,0.9794116672547318
59746,0.9794322452984552
59747,0.9794528027744187
59748,0.97947333970318
59749,0.9794938561052757
59750,0.9795143520012225
59751,0.9795348274115161
59752,0.979555282356632
59753,0.9795757168570252
59754,0.97959613093313
59755,0.9796165246053608
59756,0.979636897894111
59757,0.9796572508197541
59758,0.9796775834026429
59759,0.97969789566311
59760,0.9797181876214678
59761,0.9797384592980081
59762,0.9797587107130026
59763,0.9797789418867028
59764,0.9797991528393397
59765,0.9798193435911244
59766,0.9798395141622478
59767,0.9798596645728802
59768,0.9798797948431722
59769,0.979899904993254
59770,0.9799199950432357
59771,0.9799400650132074
59772,0.9799601149232392
59773,0.9799801447933809
59774,0.9800001546436624
59775,0.9800201444940936
59776,0.9800401143646642
59777,0.9800600642753442
59778,0.9800799942460835
59779,0.980099904296812
59780,0.9801197944474399
59781,0.9801396647178573
59782,0.9801595151279344
59783,0.9801793456975217
59784,0.9801991564464497
59785,0.9802189473945292
59786,0.9802387185615512
59787,0.9802584699672868
59788,0.9802782016314875
59789,0.9802979135738848
59790,0.9803176058141908
59791,0.9803372783720976
59792,0.980356931267278
59793,0.9803765645193846
59794,0.9803961781480509
59795,0.9804157721728904
59796,0.9804353466134973
59797,0.9804549014894458
59798,0.9804744368202909
59799,0.9804939526255679
59800,0.9805134489247928
59801,0.9805329257374616
59802,0.9805523830830514
59803,0.9805718209810194
59804,0.9805912394508034
59805,0.9806106385118221
59806,0.9806300181834744
59807,0.9806493784851401
59808,0.9806687194361795
59809,0.9806880410559334
59810,0.9807073433637236
59811,0.9807266263788522
59812,0.9807458901206025
59813,0.9807651346082381
59814,0.9807843598610035
59815,0.980803565898124
59816,0.9808227527388056
59817,0.9808419204022351
59818,0.9808610689075802
59819,0.9808801982739894
59820,0.9808993085205922
59821,0.9809183996664986
59822,0.9809374717307999
59823,0.9809565247325682
59824,0.9809755586908565
59825,0.9809945736246988
59826,0.9810135695531099
59827,0.9810325464950859
59828,0.9810515044696035
59829,0.9810704434956209
59830,0.981089363592077
59831,0.981108264777892
59832,0.9811271470719671
59833,0.9811460104931845
59834,0.9811648550604077
59835,0.9811836807924813
59836,0.9812024877082309
59837,0.9812212758264636
59838,0.9812400451659673
59839,0.9812587957455116
59840,0.9812775275838469
59841,0.9812962406997051
59842,0.9813149351117993
59843,0.9813336108388241
59844,0.981352267899455
59845,0.981370906312349
59846,0.9813895260961448
59847,0.981408127269462
59848,0.9814267098509019
59849,0.9814452738590469
59850,0.9814638193124612
59851,0.9814823462296901
59852,0.9815008546292606
59853,0.9805198442798061
59854,0.9805393147003161
59855,0.9805587656601359
59856,0.9805781971787164
59857,0.9805976092754893
59858,0.9806170019698667
59859,0.9806363752812411
59860,0.980655729228986
59861,0.9806750638324553
59862,0.9806943791109836
59863,0.9807136750838861
59864,0.9807329517704589
59865,0.9807522091899787
59866,0.9807714473617029
59867,0.9797911660549945
59868,0.9798113647895722
59869,0.9798315433355097
59870,0.9798517017129854
59871,0.9798718399421579
59872,0.9798919580431652
59873,0.9799120560361255
59874,0.9799321339411369
59875,0.9799521917782772
59876,0.9799722295676042
59877,0.9799922473291558
59878,0.9800122450829497
59879,0.9800322228489837
59880,0.9800521806472356
59881,0.9800721184976632
59882,0.9800920364202043
59883,0.9801119344347767
59884,0.9801318125612787
59885,0.9801516708195882
59886,0.9801715092295636
59887,0.9801913278110433
59888,0.9802111265838459
59889,0.9802309055677701
59890,0.9802506647825949
59891,0.9802704042480795
59892,0.9802901239839635
59893,0.9803098240099666
59894,0.9803295043457887
59895,0.9803491650111102
59896,0.9803688060255918
59897,0.9803884274088747
59898,0.9804080291805799
59899,0.9804276113603094
59900,0.9804471739676455
59901,0.9804667170221506
59902,0.9804862405433679
59903,0.9805057445508207
59904,0.9805252290640133
59905,0.9805446941024301
59906,0.9805641396855361
59907,0.980583565832777
59908,0.9806029725635788
59909,0.9806223598973483
59910,0.9806417278534728
59911,0.9806610764513204
59912,0.9806804057102396
59913,0.9806997156495597
59914,0.9807190062885907
59915,0.980738277646623
59916,0.9807575297429283
59917,0.9807767625967585
59918,0.9807959762273465
59919,0.9808151706539059
59920,0.9808343458956311
59921,0.9808535019716974
59922,0.980872638901261
59923,0.9808917567034586
59924,0.9809108553974082
59925,0.9809299350022084
59926,0.9809489955369388
59927,0.98096803702066
59928,0.9809870594724135
59929,0.9810060629112217
59930,0.9810250473560881
59931,0.9810440128259971
59932,0.9810629593399142
59933,0.9810818869167858
59934,0.9811007955755396
59935,0.9811196853350843
59936,0.9811385562143096
59937,0.9811574082320864
59938,0.9811762414072668
59939,0.9811950557586838
59940,0.9812138513051519
59941,0.9812326280654666
59942,0.9812513860584047
59943,0.9812701253027241
59944,0.9812888458171641
59945,0.9813075476204454
59946,0.9813262307312695
59947,0.9813448951683197
59948,0.9813635409502603
59949,0.9813821680957373
59950,0.9814007766233778
59951,0.9814193665517902
59952,0.9814379378995645
59953,0.9814564906852721
59954,0.9814750249274657
59955,0.9814935406446796
59956,0.9815120378554296
59957,0.9815305165782128
59958,0.9815489768315079
59959,0.9815674186337753
59960,0.9815858420034567
59961,0.9816042469589754
59962,0.9816226335187366
59963,0.9816410017011267
59964,0.9816593515245139
59965,0.981677683007248
59966,0.9816959961676606
59967,0.9817142910240647
59968,0.9817325675947554
59969,0.981750825898009
59970,0.9817690659520839
59971,0.9817872877752203
59972,0.9818054913856399
59973,0.9818236768015463
59974,0.981841844041125
59975,0.9818599931225431
59976,0.9818781240639499
59977,0.9818962368834762
59978,0.9819143315992348
59979,0.9819324082293205
59980,0.98195046679181
59981,0.9819685073047617
59982,0.9819865297862163
59983,0.9820045342541961
59984,0.9820225207267056
59985,0.9820404892217314
59986,0.9820584397572418
59987,0.9820763723511876
59988,0.9820942870215013
59989,0.9821121837860974
59990,0.982130062662873
59991,0.9821479236697067
59992,0.9821657668244597
59993,0.982183592144975
59994,0.9822013996490779
59995,0.9822191893545761
59996,0.9822369612792592
59997,0.9822547154408992
59998,0.9822724518572501
59999,0.9822901705460484
60000,0.9823078715250129
60001,0.9823255548118445
60002,0.9823432204242264
60003,0.9823608683798244
60004,0.9823784986962864
60005,0.9823961113912426
60006,0.9824137064823059
60007,0.9824312839870711
60008,0.982448843923116
60009,0.9824663863080005
60010,0.9824839111592669
60011,0.9825014184944401
60012,0.9825189083310273
60013,0.9825363806865185
60014,0.982553835578386
60015,0.9825712730240848
60016,0.9825886930410522
60017,0.9816065953968333
60018,0.9816249796093302
60019,0.9816433454468021
60020,0.9816616929276148
60021,0.981680022070116
60022,0.9816983328926345
60023,0.9817166254134815
60024,0.9817348996509493
60025,0.9817531556233121
60026,0.981771393348826
60027,0.9817896128457287
60028,0.9818078141322397
60029,0.9818259972265603
60030,0.9818441621468735
60031,0.9818623089113444
60032,0.9818804375381197
60033,0.981898548045328
60034,0.9819166404510797
60035,0.9819347147734675
60036,0.9819527710305654
60037,0.9819708092404299
60038,0.9819888294210991
60039,0.9820068315905932
60040,0.9820248157669145
60041,0.982042781968047
60042,0.982060730211957
60043,0.9820786605165926
60044,0.9820965728998844
60045,0.9821144673797446
60046,0.9821323439740677
60047,0.9821502027007303
60048,0.9821680435775911
60049,0.9821858666224911
60050,0.9822036718532532
60051,0.9822214592876827
60052,0.9822392289435671
60053,0.982256980838676
60054,0.9822747149907612
60055,0.9822924314175571
60056,0.9823101301367799
60057,0.9823278111661284
60058,0.9823454745232837
60059,0.9823631202259091
60060,0.9823807482916503
60061,0.9823983587381354
60062,0.9824159515829749
60063,0.9824335268437615
60064,0.9824510845380706
60065,0.9824686246834599
60066,0.9824861472974694
60067,0.9825036523976218
60068,0.9825211400014223
60069,0.9825386101263585
60070,0.9825560627899004
60071,0.9825734980095007
60072,0.9825909158025946
60073,0.9826083161866
60074,0.9826256991789173
60075,0.9826430647969293
60076,0.9826604130580019
60077,0.9826777439794832
60078,0.982695057578704
60079,0.9827123538729782
60080,0.9827296328796019
60081,0.9827468946158542
60082,0.9827641390989967
60083,0.9827813663462741
60084,0.9827985763749135
60085,0.982815769202125
60086,0.9828329448451014
60087,0.9828501033210184
60088,0.9828672446470343
60089,0.9828843688402907
60090,0.9829014759179117
60091,0.9829185658970042
60092,0.9829356387946584
60093,0.9829526946279471
60094,0.9829697334139261
60095,0.9829867551696343
60096,0.9830037599120934
60097,0.9830207476583083
60098,0.9830377184252664
60099,0.9830546722299388
60100,0.9830716090892792
60101,0.9830885290202244
60102,0.9821059317898193
60103,0.9821238169154667
60104,0.9821416841649265
60105,0.982159533556066
60106,0.9821773651067346
60107,0.9821951788347638
60108,0.9822129747579674
60109,0.9822307528941414
60110,0.9822485132610638
60111,0.982266255876495
60112,0.9822839807581776
60113,0.9823016879238365
60114,0.982319377391179
60115,0.9823370491778944
60116,0.9823547033016546
60117,0.9823723397801137
60118,0.9823899586309083
60119,0.982407559871657
60120,0.9824251435199611
60121,0.9824427095934044
60122,0.982460258109553
60123,0.9824777890859552
60124,0.9824953025401422
60125,0.9825127984896272
60126,0.9825302769519065
60127,0.9825477379444584
60128,0.9825651814847438
60129,0.9825826075902063
60130,0.9826000162782721
60131,0.9816179073164747
60132,0.9816362802227051
60133,0.9816546347652112
60134,0.9816729709623474
60135,0.98169128883245
60136,0.9817095883938369
60137,0.9817278696648076
60138,0.9817461326636434
60139,0.9817643774086073
60140,0.981782603917944
60141,0.9818008122098801
60142,0.9808195020527488
60143,0.9808386729652399
60144,0.980857824716399
60145,0.9808769573253782
60146,0.9808960708113098
60147,0.9809151651933075
60148,0.9809342404904656
60149,0.9809532967218595
60150,0.9809723339065453
60151,0.9809913520635603
60152,0.9810103512119225
60153,0.9810293313706312
60154,0.9810482925586665
60155,0.9810672347949897
60156,0.9810861580985429
60157,0.9811050624882496
60158,0.9811239479830139
60159,0.9811428146017216
60160,0.9811616623632391
60161,0.9811804912864143
60162,0.981199301390076
60163,0.9812180926930345
60164,0.9812368652140809
60165,0.9812556189719879
60166,0.9812743539855091
60167,0.9812930702733796
60168,0.9813117678543158
60169,0.9813304467470152
60170,0.9813491069701566
60171,0.9813677485424004
60172,0.9813863714823879
60173,0.9814049758087424
60174,0.981423561540068
60175,0.9814421286949505
60176,0.9814606772919571
60177,0.9814792073496362
60178,0.9814977188865182
60179,0.9815162119211144
60180,0.9815346864719179
60181,0.9815531425574032
60182,0.9815715801960265
60183,0.9815899994062254
60184,0.981608400206419
60185,0.9816267826150084
60186,0.9816451466503756
60187,0.981663492330885
60188,0.9816818196748821
60189,0.9817001287006943
60190,0.9817184194266306
60191,0.9817366918709818
60192,0.9817549460520203
60193,0.9817731819880002
60194,0.9817913996971577
60195,0.9818095991977103
60196,0.9818277805078575
60197,0.9818459436457806
60198,0.9818640886296429
60199,0.9818822154775892
60200,0.9819003242077465
60201,0.9819184148382235
60202,0.9819364873871108
60203,0.981954541872481
60204,0.9819725783123886
60205,0.98199059672487
60206,0.9820085971279436
60207,0.9820265795396098
60208,0.9820445439778511
60209,0.9820624904606319
60210,0.9820804190058986
60211,0.9820983296315798
60212,0.9821162223555863
60213,0.9821340971958106
60214,0.9821519541701276
60215,0.9821697932963943
60216,0.9821876145924499
60217,0.9822054180761156
60218,0.982223203765195
60219,0.9822409716774737
60220,0.9822587218307196
60221,0.982276454242683
60222,0.9822941689310961
60223,0.9823118659136737
60224,0.9823295452081128
60225,0.9823472068320926
60226,0.982364850803275
60227,0.9823824771393037
60228,0.9824000858578051
60229,0.982417676976388
60230,0.9824352505126436
60231,0.9824528064841452
60232,0.982470344908449
60233,0.9824878658030932
60234,0.9825053691855988
60235,0.9825228550734693
60236,0.9825403234841904
60237,0.9815582741853557
60238,0.9815767066949156
60239,0.9815951207811775
60240,0.9816135164625557
60241,0.9816318937574456
60242,0.9816502526842248
60243,0.981668593261252
60244,0.9806874152569929
60245,0.9807067181902692
60246,0.9807260018302589
60247,0.9807452661962457
60248,0.9807645113074939
60249,0.9807837371832485
60250,0.9808029438427355
60251,0.9808221313051615
60252,0.980841299589714
60253,0.9808604487155613
60254,0.9808795787018526
60255,0.9808986895677179
60256,0.9809177813322679
60257,0.9809368540145945
60258,0.9809559076337704
60259,0.9809749422088491
60260,0.9809939577588652
60261,0.9810129543028344
60262,0.9810319318597531
60263,0.981050890448599
60264,0.9810698300883305
60265,0.9810887507978874
60266,0.9811076525961904
60267,0.9801270352522662
60268,0.9801468982854973
60269,0.9801667414656218
60270,0.9801865648124827
60271,0.9802063683459035
60272,0.9802261520856876
60273,0.980245916051619
60274,0.9802656602634615
60275,0.9802853847409593
60276,0.9803050895038369
60277,0.980324774571799
60278,0.9803444399645308
60279,0.9803640857016976
60280,0.9803837118029454
60281,0.9804033182879
60282,0.9804229051761679
60283,0.9804424724873362
60284,0.9804620202409721
60285,0.9804815484566233
60286,0.9805010571538181
60287,0.9805205463520651
60288,0.9805400160708536
60289,0.9805594663296534
60290,0.9805788971479146
60291,0.9805983085450681
60292,0.9806177005405253
60293,0.9806370731536782
60294,0.9806564264038994
60295,0.9806757603105422
60296,0.9806950748929404
60297,0.9807143701704087
60298,0.9807336461622425
60299,0.9807529028877174
60300,0.9797726401162155
60301,0.9797928573674736
60302,0.9798130544115841
60303,0.9798332312687439
60304,0.9798533879591299
60305,0.9798735245028989
60306,0.9798936409201874
60307,0.9799137372311117
60308,0.9799338134557684
60309,0.9799538696142334
60310,0.979973905726563
60311,0.9799939218127933
60312,0.9800139178929405
60313,0.9800338939870005
60314,0.9800538501149495
60315,0.9800737862967437
60316,0.9800937025523192
60317,0.9801135989015922
60318,0.9801334753644592
60319,0.9801533319607966
60320,0.9801731687104609
60321,0.980192985633289
60322,0.9802127827490978
60323,0.9802325600776844
60324,0.9802523176388261
60325,0.9802720554522806
60326,0.9802917735377855
60327,0.9803114719150591
60328,0.9803311506037996
60329,0.9803508096236858
60330,0.9803704489943768
60331,0.9803900687355118
60332,0.9804096688667107
60333,0.9804292494075735
60334,0.9804488103776808
60335,0.9804683517965938
60336,0.9794883734339784
60337,0.9785093745599814
60338,0.9785308544454787
60339,0.9785523128618251
60340,0.978573749830479
60341,0.9785951653728773
60342,0.9786165595104356
60343,0.9786379322645481
60344,0.9786592836565875
60345,0.9786806137079053
60346,0.9787019224398315
60347,0.9787232098736747
60348,0.9777449757808474
60349,0.9777672196831154
60350,0.9777894413525976
60351,0.9778116408115155
60352,0.9778338180820687
60353,0.9778559731864345
60354,0.9778781061467678
60355,0.9779002169852019
60356,0.9779223057238474
60357,0.9779443723847931
60358,0.9779664169901057
60359,0.9779884395618297
60360,0.9780104401219878
60361,0.9780324186925805
60362,0.9780543752955865
60363,0.9780763099529622
60364,0.9780982226866425
60365,0.9781201135185399
60366,0.9781419824705454
60367,0.9781638295645279
60368,0.9781856548223344
60369,0.9782074582657904
60370,0.9782292399166991
60371,0.9782509997968423
60372,0.9782727379279799
60373,0.9782944543318499
60374,0.978316149030169
60375,0.9783378220446316
60376,0.9783594733969109
60377,0.9783811031086581
60378,0.978402711201503
60379,0.9784242976970537
60380,0.9784458626168968
60381,0.9784674059825971
60382,0.978488927815698
60383,0.9785104281377213
60384,0.9785319069701673
60385,0.978553364334515
60386,0.9785748002522217
60387,0.9785962147447231
60388,0.9786176078334341
60389,0.9786389795397475
60390,0.9786603298850352
60391,0.9786816588906473
60392,0.978702966577913
60393,0.97872425296814
60394,0.9787455180826147
60395,0.978766761942602
60396,0.978787984569346
60397,0.9788091859840693
60398,0.9788303662079733
60399,0.9788515252622382
60400,0.978872663168023
60401,0.9788937799464658
60402,0.9789148756186832
60403,0.978935950205771
60404,0.9789570037288037
60405,0.9789780362088348
60406,0.9789990476668969
60407,0.9790200381240015
60408,0.979041007601139
60409,0.9790619561192788
60410,0.9790828836993695
60411,0.9791037903623386
60412,0.9791246761290929
60413,0.9791455410205181
60414,0.9791663850574791
60415,0.97918720826082
60416,0.9792080106513639
60417,0.9792287922499132
60418,0.9792495530772496
60419,0.9792702931541339
60420,0.9792910125013062
60421,0.9793117111394858
60422,0.9793323890893714
60423,0.9793530463716409
60424,0.9793736830069516
60425,0.9793942990159401
60426,0.9794148944192225
60427,0.9794354692373941
60428,0.9794560234910299
60429,0.979476557200684
60430,0.9794970703868903
60431,0.9795175630701617
60432,0.9795380352709911
60433,0.9795584870098507
60434,0.9795789183071922
60435,0.9795993291834469
60436,0.9796197196590257
60437,0.979640089754319
60438,0.979660439489697
60439,0.9796807688855095
60440,0.9797010779620857
60441,0.9797213667397348
60442,0.9797416352387455
60443,0.9797618834793864
60444,0.9797821114819057
60445,0.9798023192665315
60446,0.9798225068534715
60447,0.9798426742629133
60448,0.9798628215150244
60449,0.9798829486299518
60450,0.979903055627823
60451,0.9799231425287447
60452,0.9799432093528039
60453,0.9799632561200674
60454,0.9799832828505821
60455,0.9800032895643747
60456,0.9800232762814517
60457,0.9800432430218
60458,0.9800631898053864
60459,0.9800831166521576
60460,0.9801030235820405
60461,0.980122910614942
60462,0.9801427777707491
60463,0.980162625069329
60464,0.9801824525305292
60465,0.9802022601741768
60466,0.9802220480200796
60467,0.9802418160880255
60468,0.9802615643977827
60469,0.9802812929690993
60470,0.9803010018217039
60471,0.9803206909753054
60472,0.9803403604495929
60473,0.980360010264236
60474,0.9803796404388845
60475,0.9803992509931685
60476,0.9804188419466986
60477,0.9804384133190657
60478,0.9804579651298412
60479,0.9804774973985769
60480,0.9804970101448053
60481,0.9805165033880389
60482,0.980535977147771
60483,0.9805554314434753
60484,0.9805748662946063
60485,0.9805942817205987
60486,0.9806136777408679
60487,0.9806330543748101
60488,0.9806524116418017
60489,0.9796722493113251
60490,0.9796925669032178
60491,0.9797128641876723
60492,0.979733141184986
60493,0.9797533979154358
60494,0.9797736343992784
60495,0.9797938506567504
60496,0.979814046708068
60497,0.9798342225734273
60498,0.9798543782730041
60499,0.9798745138269541
60500,0.9798946292554129
60501,0.9799147245784959
60502,0.9799347998162985
60503,0.9799548549888959
60504,0.9799748901163433
60505,0.9799949052186758
60506,0.9800149003159085
60507,0.9800348754280366
60508,0.9800548305750351
60509,0.9800747657768591
60510,0.980094681053444
60511,0.9801145764247049
60512,0.9801344519105373
60513,0.9801543075308166
60514,0.9801741433053984
60515,0.9801939592541187
60516,0.9802137553967932
60517,0.9802335317532183
60518,0.98025328834317
60519,0.9802730251864052
60520,0.9802927423026607
60521,0.9803124397116536
60522,0.9803321174330812
60523,0.9803517754866213
60524,0.980371413891932
60525,0.9803910326686518
60526,0.9804106318363993
60527,0.9804302114147737
60528,0.9804497714233547
60529,0.9804693118817022
60530,0.9804888328093566
60531,0.980508334225839
60532,0.9805278161506508
60533,0.9805472786032738
60534,0.9805667216031706
60535,0.9805861451697842
60536,0.980605549322538
60537,0.9806249340808363
60538,0.9806442994640638
60539,0.980663645491586
60540,0.9806829721827488
60541,0.9807022795568789
60542,0.9807215676332839
60543,0.9807408364312517
60544,0.980760085970051
60545,0.9807793162689316
60546,0.9807985273471236
60547,0.9808177192238381
60548,0.979837391668392
60549,0.9798575442004576
60550,0.9798776765900623
60551,0.9798977888573386
60552,0.9799178810223987
60553,0.9799379531053348
60554,0.979958005126219
60555,0.9799780371051033
60556,0.9799980490620198
60557,0.9800180410169803
60558,0.9800380129899768
60559,0.9800579650009814
60560,0.980077897069946
60561,0.9790983089669275
60562,0.9791192002123379
60563,0.9791400705769433
60564,0.979160920081614
60565,0.9791817487471997
60566,0.9792025565945288
60567,0.9792233436444093
60568,0.9792441099176283
60569,0.979264855434952
60570,0.9782860799672509
60571,0.9783077830357494
60572,0.9783294644120255
60573,0.9773516238678855
60574,0.9773742609254888
60575,0.9773968753573474
60576,0.9774194671860758
60577,0.9774420364342655
60578,0.9774645831244861
60579,0.9774871072792842
60580,0.977509608921184
60581,0.9775320880726871
60582,0.9775545447562726
60583,0.9775769789943972
60584,0.9775993908094953
60585,0.9776217802239786
60586,0.9776441472602365
60587,0.977666491940636
60588,0.977688814287522
60589,0.9777111143232166
60590,0.97773339207002
60591,0.9777556475502098
60592,0.9777778807860417
60593,0.9778000917997488
60594,0.9778222806135421
60595,0.9778444472496106
60596,0.9778665917301208
60597,0.9778887140772171
60598,0.977910814313022
60599,0.9779328924596357
60600,0.9779549485391362
60601,0.9779769825735799
60602,0.9779989945850006
60603,0.9780209845954104
60604,0.9780429526267993
60605,0.9780648987011353
60606,0.9780868228403646
60607,0.9781087250664112
60608,0.9781306054011775
60609,0.9781524638665436
60610,0.9781743004843682
60611,0.9781961152764878
60612,0.9782179082647171
60613,0.9782396794708493
60614,0.9772619286667805
60615,0.9772846553747597
60616,0.9773073593673887
60617,0.9773300406673713
60618,0.9773526992973889
60619,0.9773753352801001
60620,0.977397948638141
60621,0.9774205393941249
60622,0.9774431075706425
60623,0.977465653190262
60624,0.976488676025654
60625,0.9765121755998413
60626,0.9765356516861983
60627,0.976559104308201
60628,0.9765825334893022
60629,0.9766059392529312
60630,0.9766293216224935
60631,0.9766526806213716
60632,0.9766760162729244
60633,0.9766993286004877
60634,0.9767226176273738
60635,0.9757463831269966
60636,0.9757706246231215
60637,0.975794841889865
60638,0.9758190349514443
60639,0.9758432038320526
60640,0.9758673485558587
60641,0.9758914691470072
60642,0.9759155656296189
60643,0.9759396380277902
60644,0.9759636863655935
60645,0.9759877106670771
60646,0.9760117109562655
60647,0.9760356872571587
60648,0.9760596395937333
60649,0.9760835679899414
60650,0.9761074724697116
60651,0.9761313530569483
60652,0.976155209775532
60653,0.9761790426493197
60654,0.9762028517021439
60655,0.976226636957814
60656,0.976250398440115
60657,0.9762741361728084
60658,0.9762978501796322
60659,0.9763215404843002
60660,0.9763452071105028
60661,0.9763688500819065
60662,0.9763924694221545
60663,0.976416065154866
60664,0.9764396373036368
60665,0.976463185892039
60666,0.9764867109436212
60667,0.9765102124819084
60668,0.9765336905304023
60669,0.9765571451125808
60670,0.9765805762518986
60671,0.9766039839717868
60672,0.9766273682956531
60673,0.9766507292468818
60674,0.976674066848834
60675,0.9766973811248472
60676,0.9767206720982357
60677,0.9767439397922903
60678,0.9767671842302791
60679,0.9767904054354463
60680,0.976813603431013
60681,0.9768367782401773
60682,0.9768599298861141
60683,0.9768830583919751
60684,0.9769061637808887
60685,0.9769292460759602
60686,0.9769523053002721
60687,0.9769753414768835
60688,0.9769983546288307
60689,0.9770213447791267
60690,0.9770443119507618
60691,0.9770672561667031
60692,0.9770901774498948
60693,0.9761135755733832
60694,0.9761374500605662
60695,0.9761613006851934
60696,0.9761851274711152
60697,0.9762089304421585
60698,0.9762327096221264
60699,0.9762564650347979
60700,0.9762801967039285
60701,0.9763039046532499
60702,0.9763275889064701
60703,0.9763512494872733
60704,0.9763748864193199
60705,0.9763984997262471
60706,0.9764220894316682
60707,0.9764456555591727
60708,0.976469198132327
60709,0.9764927171746736
60710,0.9765162127097313
60711,0.976539684760996
60712,0.9765631333519394
60713,0.9765865585060105
60714,0.9766099602466342
60715,0.9766333385972122
60716,0.9766566935811231
60717,0.9766800252217216
60718,0.9767033335423395
60719,0.9767266185662852
60720,0.9767498803168436
60721,0.9767731188172766
60722,0.9767963340908226
60723,0.9768195261606968
60724,0.9768426950500914
60725,0.9768658407821752
60726,0.976888963380094
60727,0.9769120628669705
60728,0.976935139265904
60729,0.9769581925999711
60730,0.976981222892225
60731,0.976004729915821
60732,0.976028713194266
60733,0.9760526725014181
60734,0.9760766078612368
60735,0.9761005192976574
60736,0.9761244068345912
60737,0.976148270495926
60738,0.9761721103055253
60739,0.976195926287229
60740,0.9762197184648529
60741,0.9762434868621894
60742,0.9762672315030069
60743,0.9752914521611747
60744,0.9753161483609137
60745,0.9753408198767949
60746,0.9753654667334898
60747,0.9743905887057701
60748,0.9744161853187578
60749,0.9744417563479245
60750,0.9744673018188411
60751,0.9744928217570532
60752,0.9745183161880806
60753,0.9745437851374179
60754,0.974569228630534
60755,0.9745946466928722
60756,0.9736205390999758
60757,0.9736469053777369
60758,0.9736732453023969
60759,0.9736995589002955
60760,0.9737258461977465
60761,0.9737521072210371
60762,0.9737783419964284
60763,0.9738045505501551
60764,0.9738307329084258
60765,0.9738568890974229
60766,0.9738830191433024
60767,0.9739091230721947
60768,0.9739352009102035
60769,0.9739612526834066
60770,0.9739872784178559
60771,0.9740132781395772
60772,0.9740392518745701
60773,0.9740651996488083
60774,0.9740911214882398
60775,0.9741170174187863
60776,0.9731433872164686
60777,0.9731702304076566
60778,0.9731970467690683
60779,0.97322383632752
60780,0.9732505991098013
60781,0.973277335142675
60782,0.9723045442030022
60783,0.9723322258179916
60784,0.9723598797652
60785,0.9723875060722813
60786,0.9724151047668618
60787,0.9724426758765401
60788,0.9724702194288873
60789,0.9724977354514471
60790,0.9725252239717356
60791,0.9725526850172411
60792,0.9725801186154248
60793,0.9726075247937203
60794,0.9726349035795336
60795,0.9726622550002437
60796,0.972689579083202
60797,0.9727168758557325
60798,0.9727441453451321
60799,0.9727713875786702
60800,0.9727986025835891
60801,0.9728257903871037
60802,0.9728529510164019
60803,0.9728800844986444
60804,0.9729071908609646
60805,0.9729342701304688
60806,0.9729613223342365
60807,0.9729883474993197
60808,0.9730153456527437
60809,0.9730423168215065
60810,0.9730692610325795
60811,0.9730961783129067
60812,0.9731230686894056
60813,0.9731499321889664
60814,0.9731767688384527
60815,0.9732035786647012
60816,0.9732303616945216
60817,0.9732571179546969
60818,0.9732838474719836
60819,0.9733105502731111
60820,0.9733372263847822
60821,0.9733638758336729
60822,0.9733904986464329
60823,0.9734170948496849
60824,0.9734436644700251
60825,0.973470207534023
60826,0.9734967240682219
60827,0.9735232140991382
60828,0.9735496776532621
60829,0.9735761147570569
60830,0.9736025254369598
60831,0.9736289097193817
60832,0.9736552676307066
60833,0.9736815991972927
60834,0.9737079044454713
60835,0.9737341834015478
60836,0.9737604360918012
60837,0.973786662542484
60838,0.9738128627798228
60839,0.9738390368300179
60840,0.9738651847192433
60841,0.9738913064736469
60842,0.9739174021193504
60843,0.9739434716824495
60844,0.9739695151890139
60845,0.9739955326650869
60846,0.974021524136686
60847,0.9740474896298027
60848,0.9740734291704026
60849,0.9740993427844252
60850,0.9741252304977841
60851,0.974151092336367
60852,0.9741769283260358
60853,0.9732032382427513
60854,0.9732300216128236
60855,0.9732567782129107
60856,0.9732835080697694
60857,0.9733102112101294
60858,0.9733368876606939
60859,0.9733635374481395
60860,0.9733901605991159
60861,0.9734167571402462
60862,0.9734433270981271
60863,0.9734698704993283
60864,0.9734963873703935
60865,0.9725233774879642
60866,0.9725508403790307
60867,0.9725782758209307
60868,0.9726056838410997
60869,0.9726330644669456
60870,0.9726604177258492
60871,0.9726877436451637
60872,0.9727150422522151
60873,0.9727423135743017
60874,0.9727695576386952
60875,0.9727967744726396
60876,0.9728239641033516
60877,0.9728511265580209
60878,0.97287826186381
60879,0.9729053700478542
60880,0.9729324511372616
60881,0.9729595051591133
60882,0.9729865321404636
60883,0.9730135321083392
60884,0.9730405050897402
60885,0.9730674511116395
60886,0.9730943702009832
60887,0.9731212623846904
60888,0.9731481276896533
60889,0.9731749661427371
60890,0.9732017777707803
60891,0.9732285626005946
60892,0.9732553206589649
60893,0.9732820519726492
60894,0.9733087565683787
60895,0.9733354344728581
60896,0.9733620857127653
60897,0.9733887103147515
60898,0.9734153083054414
60899,0.973441879711433
60900,0.9734684245592977
60901,0.9734949428755802
60902,0.9735214346867991
60903,0.9735479000194459
60904,0.9735743388999862
60905,0.9736007513548588
60906,0.9736271374104761
60907,0.9736534970932242
60908,0.9736798304294629
60909,0.9737061374455255
60910,0.9737324181677188
60911,0.9737586726223239
60912,0.9737849008355949
60913,0.9738111028337602
60914,0.9738372786430217
60915,0.9738634282895554
60916,0.9738895517995109
60917,0.9739156491990116
60918,0.9739417205141551
60919,0.9739677657710125
60920,0.9739937849956292
60921,0.9740197782140243
60922,0.9740457454521912
60923,0.9740716867360971
60924,0.9740976020916833
60925,0.974123491544865
60926,0.9741493551215318
60927,0.9741751928475473
60928,0.9742010047487492
60929,0.9742267908509493
60930,0.9742525511799339
60931,0.9742782857614632
60932,0.9743039946212719
60933,0.9743296777850687
60934,0.9743553352785369
60935,0.974380967127334
60936,0.9744065733570918
60937,0.9744321539934165
60938,0.9744577090618889
60939,0.974483238588064
60940,0.9745087425974712
60941,0.9745342211156147
60942,0.974559674167973
60943,0.974585101779999
60944,0.9746105039771205
60945,0.9746358807847395
60946,0.974661232228233
60947,0.9746865583329524
60948,0.9747118591242238
60949,0.974737134627348
60950,0.9747623848676006
60951,0.9747876098702317
60952,0.9748128096604664
60953,0.9748379842635043
60954,0.9748631337045203
60955,0.9748882580086636
60956,0.9739138569511837
60957,0.9739399300576793
60958,0.9739659771040984
60959,0.9739919981164881
60960,0.9740179931208693
60961,0.9740439621432373
60962,0.9740699052095609
60963,0.9740958223457833
60964,0.9741217135778215
60965,0.9741475789315668
60966,0.9741734184328845
60967,0.9741992321076143
60968,0.9742250199815697
60969,0.9742507820805387
60970,0.9742765184302833
60971,0.9743022290565398
60972,0.9743279139850191
60973,0.9743535732414058
60974,0.9743792068513595
60975,0.9744048148405136
60976,0.9744303972344761
60977,0.9744559540588295
60978,0.9744814853391305
60979,0.9745069911009104
60980,0.9745324713696751
60981,0.9745579261709049
60982,0.9745833555300544
60983,0.9746087594725531
60984,0.9746341380238049
60985,0.9746594912091885
60986,0.9746848190540569
60987,0.974710121583738
60988,0.9737358985736594
60989,0.9737621495495977
60990,0.9737883742876791
60991,0.9738145728141282
60992,0.9738407451551435
60993,0.9738668913368975
60994,0.9738930113855363
60995,0.9729196050773049
60996,0.9729466719387968
60997,0.9729737117469539
60998,0.973000724528816
60999,0.9730277103113959
61000,0.9730546691216794
61001,0.9730816009866252
61002,0.9731085059331653
61003,0.9731353839882046
61004,0.9731622351786212
61005,0.9731890595312662
61006,0.9732158570729641
61007,0.9732426278305124
61008,0.9732693718306819
61009,0.9732960891002164
61010,0.9733227796658334
61011,0.9733494435542234
61012,0.9733760807920502
61013,0.9734026914059511
61014,0.9734292754225369
61015,0.9734558328683914
61016,0.9734823637700722
61017,0.9735088681541102
61018,0.9735353460470096
61019,0.9735617974752485
61020,0.9735882224652782
61021,0.9736146210435238
61022,0.9736409932363839
61023,0.9736673390702305
61024,0.9736936585714097
61025,0.9737199517662408
61026,0.9737462186810172
61027,0.9737724593420056
61028,0.9737986737754469
61029,0.9738248620075555
61030,0.9738510240645194
61031,0.9738771599725009
61032,0.9739032697576359
61033,0.973929353446034
61034,0.9739554110637791
61035,0.9739814426369288
61036,0.9740074481915145
61037,0.974033427753542
61038,0.9740593813489907
61039,0.9740853090038143
61040,0.9741112107439405
61041,0.9741370865952709
61042,0.9741629365836814
61043,0.974188760735022
61044,0.974214559075117
61045,0.9742403316297645
61046,0.9742660784247373
61047,0.974291799485782
61048,0.9743174948386198
61049,0.9743431645089461
61050,0.9743688085224304
61051,0.9743944269047168
61052,0.9744200196814237
61053,0.9744455868781439
61054,0.9744711285204446
61055,0.9744966446338674
61056,0.9745221352439285
61057,0.9745476003761184
61058,0.9745730400559024
61059,0.97459845430872
61060,0.9746238431599857
61061,0.9746492066350882
61062,0.974674544759391
61063,0.9746998575582322
61064,0.9747251450569246
61065,0.9747504072807558
61066,0.974775644254988
61067,0.974800856004858
61068,0.9748260425555778
61069,0.9748512039323338
61070,0.9748763401602875
61071,0.9749014512645751
61072,0.9749265372703076
61073,0.9749515982025712
61074,0.9749766340864267
61075,0.97500164494691
61076,0.9750266308090321
61077,0.9750515916977787
61078,0.9750765276381107
61079,0.9751014386549641
61080,0.97512632477325
61081,0.9751511860178544
61082,0.9751760224136387
61083,0.9752008339854391
61084,0.9752256207580674
61085,0.9752503827563103
61086,0.9752751200049297
61087,0.9752998325286628
61088,0.9753245203522224
61089,0.9753491835002961
61090,0.9753738219975472
61091,0.9753984358686141
61092,0.9754230251381107
61093,0.9754475898306264
61094,0.9754721299707257
61095,0.9754966455829489
61096,0.9745216364419365
61097,0.9745471020726791
61098,0.9735730420006425
61099,0.9735994557517663
61100,0.9736258431023392
61101,0.9736522040787486
61102,0.9736785387073555
61103,0.9737048470144947
61104,0.9737311290264742
61105,0.9737573847695762
61106,0.9737836142700563
61107,0.9738098175541442
61108,0.9738359946480432
61109,0.9738621455779302
61110,0.9738882703699562
61111,0.9739143690502461
61112,0.9739404416448986
61113,0.9739664881799861
61114,0.9739925086815553
61115,0.9740185031756267
61116,0.9740444716881947
61117,0.974070414245228
61118,0.974096330872669
61119,0.9741222215964345
61120,0.974148086442415
61121,0.9741739254364755
61122,0.9741997386044551
61123,0.9742255259721667
61124,0.9742512875653979
61125,0.9742770234099103
61126,0.9743027335314396
61127,0.974328417955696
61128,0.974354076708364
61129,0.9743797098151024
61130,0.974405317301544
61131,0.9744308991932966
61132,0.974456455515942
61133,0.9744819862950365
61134,0.9745074915561109
61135,0.9745329713246705
61136,0.97355892537632
61137,0.9735853532370133
61138,0.9736117546830533
61139,0.9736381297408413
61140,0.9736644784367525
61141,0.9736908007971355
61142,0.9737170968483129
61143,0.9737433666165805
61144,0.9737696101282081
61145,0.9737958274094393
61146,0.9738220184864913
61147,0.9738481833855552
61148,0.973874322132796
61149,0.9739004347543524
61150,0.973926521276337
61151,0.9739525817248365
61152,0.9739786161259111
61153,0.9740046245055953
61154,0.9740306068898976
61155,0.9740565633048003
61156,0.9740824937762598
61157,0.9741083983302066
61158,0.9741342769925452
61159,0.9741601297891543
61160,0.9741859567458868
61161,0.9742117578885696
61162,0.9742375332430039
61163,0.9742632828349649
61164,0.9742890066902024
61165,0.97431470483444
61166,0.9743403772933762
61167,0.9743660240926831
61168,0.9743916452580078
61169,0.9744172408149713
61170,0.9744428107891692
61171,0.9744683552061715
61172,0.9744938740915227
61173,0.9745193674707415
61174,0.9745448353693215
61175,0.9745702778127304
61176,0.9745956948264108
61177,0.9746210864357797
61178,0.9746464526662287
61179,0.974671793543124
61180,0.9746971090918066
61181,0.974722399337592
61182,0.9747476643057703
61183,0.9747729040216067
61184,0.9747981185103407
61185,0.974823307797187
61186,0.9748484719073347
61187,0.974873610865948
61188,0.974898724698166
61189,0.9749238134291023
61190,0.9749488770838458
61191,0.9749739156874602
61192,0.974998929264984
61193,0.9750239178414308
61194,0.9750488814417893
61195,0.9750738200910228
61196,0.9750987338140703
61197,0.9751236226358454
61198,0.9751484865812369
61199,0.9751733256751087
61200,0.9751981399423
61201,0.975222929407625
61202,0.9752476940958733
61203,0.9752724340318095
61204,0.9752971492401735
61205,0.9743223394958055
61206,0.9743480043238957
61207,0.9743736434999838
61208,0.9733997567998339
61209,0.9734263437495593
61210,0.9734529041256217
61211,0.9734794379545816
61212,0.9735059452629728
61213,0.9735324260773027
61214,0.973558880424052
61215,0.9735853083296752
61216,0.9736117098206
61217,0.973638084923228
61218,0.9736644336639344
61219,0.9736907560690679
61220,0.9737170521649509
61221,0.9737433219778795
61222,0.9737695655341235
61223,0.9737957828599265
61224,0.9738219739815058
61225,0.9738481389250525
61226,0.9738742777167316
61227,0.973900390382682
61228,0.9739264769490161
61229,0.9739525374418208
61230,0.9739785718871563
61231,0.9740045803110572
61232,0.9740305627395319
61233,0.9740565191985628
61234,0.9740824497141065
61235,0.9741083543120934
61236,0.9741342330184282
61237,0.9741600858589895
61238,0.9741859128596302
61239,0.9742117140461772
61240,0.9742374894444319
61241,0.9742632390801695
61242,0.9742889629791399
61243,0.9743146611670668
61244,0.9743403336696485
61245,0.9743659805125573
61246,0.9743916017214403
61247,0.9744171973219187
61248,0.9744427673395879
61249,0.9744683118000181
61250,0.9744938307287537
61251,0.9745193241513137
61252,0.9745447920931914
61253,0.9745702345798549
61254,0.9745956516367467
61255,0.9746210432892837
61256,0.9746464095628576
61257,0.9746717504828348
61258,0.9746970660745561
61259,0.9747223563633372
61260,0.9747476213744682
61261,0.9747728611332144
61262,0.9747980756648154
61263,0.9748232649944857
61264,0.9748484291474148
61265,0.9748735681487667
61266,0.9748986820236805
61267,0.97492377079727
61268,0.974948834494624
61269,0.9749738731408063
61270,0.9749988867608554
61271,0.9750238753797851
61272,0.9750488390225839
61273,0.9750737777142154
61274,0.9750986914796185
61275,0.9751235803437068
61276,0.9751484443313693
61277,0.9751732834674699
61278,0.9751980977768477
61279,0.9752228872843172
61280,0.9752476520146677
61281,0.975272391992664
61282,0.9752971072430462
61283,0.9753217977905294
61284,0.9753464636598043
61285,0.9753711048755366
61286,0.9753957214623676
61287,0.975420313444914
61288,0.9754448808477676
61289,0.9754694236954959
61290,0.9754939420126418
61291,0.9755184358237237
61292,0.9755429051532352
61293,0.9755673500256458
61294,0.9755917704654002
61295,0.9756161664969191
61296,0.9756405381445983
61297,0.9756648854328096
61298,0.9746897081360252
61299,0.9747150057790677
61300,0.9747402781371096
61301,0.9737660249855483
61302,0.9737922458501305
61303,0.9738184405069519
61304,0.9738446089822073
61305,0.9738707513020651
61306,0.9738968674926678
61307,0.9739229575801314
61308,0.973949021590546
61309,0.9739750595499758
61310,0.9740010714844586
61311,0.9740270574200064
61312,0.9740530173826051
61313,0.9740789513982147
61314,0.9741048594927691
61315,0.9741307416921767
61316,0.9741565980223195
61317,0.9741824285090538
61318,0.9742082331782101
61319,0.9742340120555932
61320,0.9732602649171069
61321,0.9732869912890039
61322,0.9733136909478854
61323,0.9733403639204513
61324,0.9733670102333744
61325,0.973393629913301
61326,0.9734202229868509
61327,0.9734467894806172
61328,0.9734733294211664
61329,0.9734998428350383
61330,0.9735263297487464
61331,0.9735527901887776
61332,0.9735792241815924
61333,0.9736056317536248
61334,0.9736320129312823
61335,0.9736583677409462
61336,0.9736846962089712
61337,0.973710998361686
61338,0.9737372742253925
61339,0.9737635238263666
61340,0.973789747190858
61341,0.97381594434509
61342,0.9738421153152598
61343,0.9738682601275384
61344,0.9738943788080705
61345,0.973920471382975
61346,0.9739465378783443
61347,0.973972578320245
61348,0.9739985927347174
61349,0.9740245811477762
61350,0.9740505435854097
61351,0.9740764800735802
61352,0.9741023906382242
61353,0.9741282753052525
61354,0.9741541341005496
61355,0.9741799670499743
61356,0.9742057741793597
61357,0.9742315555145128
61358,0.9742573110812149
61359,0.9742830409052217
61360,0.9743087450122629
61361,0.9743344234280428
61362,0.9743600761782396
61363,0.9743857032885063
61364,0.9744113047844698
61365,0.9744368806917317
61366,0.9734629307859929
61367,0.9734894545933033
61368,0.9735159518900616
61369,0.9735424227027651
61370,0.9735688670578848
61371,0.973595284981865
61372,0.9736216765011235
61373,0.9726485413921769
61374,0.9726758791818899
61375,0.9727031896474753
61376,0.9727304728162434
61377,0.9727577287154775
61378,0.9727849573724335
61379,0.9728121588143401
61380,0.9728393330683988
61381,0.9728664801617837
61382,0.9728936001216419
61383,0.9729206929750935
61384,0.9729477587492313
61385,0.9729747974711211
61386,0.9730018091678017
61387,0.9730287938662846
61388,0.9730557515935547
61389,0.9730826823765697
61390,0.9731095862422603
61391,0.9731364632175304
61392,0.9731633133292571
61393,0.9731901366042903
61394,0.9732169330694534
61395,0.9732437027515429
61396,0.9732704456773285
61397,0.973297161873553
61398,0.9733238513669328
61399,0.9733505141841572
61400,0.9733771503518892
61401,0.9734037598967649
61402,0.9734303428453938
61403,0.9734568992243589
61404,0.9734834290602166
61405,0.9735099323794967
61406,0.9735364092087025
61407,0.973562859574311
61408,0.9735892835027724
61409,0.9736156810205108
61410,0.9736420521539235
61411,0.9736683969293819
61412,0.9736947153732306
61413,0.9737210075117881
61414,0.9737472733713466
61415,0.9737735129781718
61416,0.9737997263585035
61417,0.973825913538555
61418,0.9738520745445134
61419,0.9738782094025399
61420,0.9739043181387692
61421,0.9739304007793101
61422,0.9739564573502454
61423,0.9739824878776314
61424,0.9740084923874989
61425,0.9740344709058522
61426,0.9740604234586699
61427,0.9740863500719047
61428,0.974112250771483
61429,0.9741381255833056
61430,0.9741639745332473
61431,0.9741897976471571
61432,0.9742155949508581
61433,0.9742413664701476
61434,0.9742671122307971
61435,0.9742928322585525
61436,0.9743185265791336
61437,0.974344195218235
61438,0.9743698382015251
61439,0.974395455554647
61440,0.9744210473032181
61441,0.9744466134728301
61442,0.9744721540890492
61443,0.974497669177416
61444,0.9745231587634455
61445,0.9745486228726274
61446,0.9745740615304259
61447,0.9745994747622796
61448,0.9746248625936017
61449,0.97465022504978
61450,0.9746755621561771
61451,0.97470087393813
61452,0.9747261604209504
61453,0.974751421629925
61454,0.9747766575903148
61455,0.974801868327356
61456,0.9748270538662592
61457,0.97485221423221
61458,0.9748773494503687
61459,0.9739029592959956
61460,0.9739290432947002
61461,0.9739551012224417
61462,0.9739811331052778
61463,0.9740071389692405
61464,0.9740331188403357
61465,0.9740590727445433
61466,0.9740850007078171
61467,0.9741109027560851
61468,0.9741367789152495
61469,0.9741626292111863
61470,0.9741884536697459
61471,0.9742142523167527
61472,0.9742400251780053
61473,0.9732662720294016
61474,0.9732929923971884
61475,0.9733196860579608
61476,0.9733463530384127
61477,0.9733729933652109
61478,0.9733996070649957
61479,0.973426194164381
61480,0.9734527546899538
61481,0.9734792886682747
61482,0.9735057961258776
61483,0.97353227708927
61484,0.9735587315849329
61485,0.9735851596393208
61486,0.9736115612788617
61487,0.9736379365299573
61488,0.9736642854189829
61489,0.9736906079722872
61490,0.973716904216193
61491,0.9737431741769964
61492,0.9737694178809674
61493,0.9737956353543498
61494,0.9738218266233609
61495,0.9738479917141921
61496,0.9738741306530085
61497,0.9739002434659491
61498,0.9739263301791266
61499,0.9739523908186277
61500,0.9739784254105132
61501,0.9740044339808175
61502,0.9740304165555493
61503,0.9740563731606913
61504,0.9740823038221998
61505,0.9741082085660058
61506,0.9741340874180138
61507,0.9741599404041027
61508,0.9741857675501255
61509,0.9742115688819095
61510,0.9742373444252559
61511,0.9742630942059403
61512,0.9742888182497125
61513,0.9743145165822965
61514,0.9743401892293907
61515,0.9743658362166676
61516,0.9743914575697744
61517,0.9744170533143324
61518,0.9744426234759372
61519,0.9744681680801592
61520,0.9744936871525429
61521,0.9745191807186073
61522,0.9745446488038461
61523,0.9745700914337273
61524,0.9745955086336936
61525,0.9746209004291622
61526,0.9746462668455248
61527,0.974671607908148
61528,0.9746969236423727
61529,0.9747222140735148
61530,0.9747474792268646
61531,0.9747727191276873
61532,0.9747979338012228
61533,0.9748231232726858
61534,0.9748482875672658
61535,0.9748734267101271
61536,0.9748985407264088
61537,0.97392412939135
61538,0.973950192230539
61539,0.9739762290199138
61540,0.974002239785511
61541,0.9740282245533416
61542,0.9740541833493902
61543,0.9740801161996157
61544,0.9741060231299509
61545,0.9741319041663028
61546,0.9741577593345524
61547,0.9741835886605549
61548,0.9742093921701396
61549,0.97423516988911
61550,0.9742609218432438
61551,0.974286648058293
61552,0.9743123485599838
61553,0.9743380233740169
61554,0.9743636725260668
61555,0.9743892960417829
61556,0.9744148939467886
61557,0.9744404662666819
61558,0.9744660130270351
61559,0.9734920340035198
61560,0.9735185287221569
61561,0.9735449969593162
61562,0.9735714387414658
61563,0.9735978540950475
61564,0.9736242430464768
61565,0.9736506056221425
61566,0.9736769418484071
61567,0.9737032517516071
61568,0.9737295353580523
61569,0.9737557926940262
61570,0.9737820237857864
61571,0.9738082286595637
61572,0.9738344073415631
61573,0.9738605598579634
61574,0.9738866862349169
61575,0.9739127864985502
61576,0.9739388606749634
61577,0.9739649087902308
61578,0.9739909308704005
61579,0.9740169269414946
61580,0.9740428970295091
61581,0.9740688411604141
61582,0.9740947593601539
61583,0.9741206516546465
61584,0.9741465180697843
61585,0.9741723586314336
61586,0.9741981733654351
61587,0.9732244620477286
61588,0.9732512242046024
61589,0.9732779596126938
61590,0.9733046682987381
61591,0.973331350289444
61592,0.9733580056114934
61593,0.9733846342915419
61594,0.973411236356218
61595,0.9734378118321237
61596,0.9734643607458348
61597,0.9734908831238999
61598,0.9735173789928415
61599,0.9735438483791555
61600,0.9735702913093113
61601,0.9735967078097517
61602,0.9736230979068934
61603,0.9736494616271264
61604,0.9736757989968144
61605,0.9737021100422949
61606,0.9737283947898788
61607,0.973754653265851
61608,0.9737808854964698
61609,0.9738070915079676
61610,0.9738332713265504
61611,0.973859424978398
61612,0.9738855524896639
61613,0.9739116538864758
61614,0.9739377291949352
61615,0.9739637784411171
61616,0.9739898016510711
61617,0.9740157988508201
61618,0.9740417700663615
61619,0.9740677153236665
61620,0.9740936346486804
61621,0.9741195280673224
61622,0.974145395605486
61623,0.9741712372890386
61624,0.9741970531438222
61625,0.9742228431956524
61626,0.9742486074703195
61627,0.9742743459935875
61628,0.9743000587911952
61629,0.9743257458888551
61630,0.9743514073122546
61631,0.9743770430870549
61632,0.9744026532388919
61633,0.9744282377933757
61634,0.974453796776091
61635,0.9744793302125967
61636,0.9745048381284261
61637,0.9745303205490874
61638,0.9745557775000628
61639,0.9745812090068094
61640,0.9746066150947587
61641,0.9746319957893166
61642,0.974657351115864
61643,0.9746826810997562
61644,0.9747079857663231
61645,0.9747332651408696
61646,0.9747585192486747
61647,0.9747837481149929
61648,0.9748089517650529
61649,0.9748341302240583
61650,0.9748592835171876
61651,0.9748844116695943
61652,0.9749095147064063
61653,0.9749345926527268
61654,0.9749596455336336
61655,0.9749846733741797
61656,0.9750096761993929
61657,0.9750346540342761
61658,0.9750596069038071
61659,0.9750845348329388
61660,0.975109437846599
61661,0.9751343159696908
61662,0.9741596689772174
61663,0.9741854963945316
61664,0.9742112979973356
61665,0.9742370738114312
61666,0.9742628238625942
61667,0.9742885481765746
61668,0.9743142467790968
61669,0.9743399196958593
61670,0.9743655669525351
61671,0.9743911885747714
61672,0.9744167845881899
61673,0.9744423550183866
61674,0.974467899890932
61675,0.9744934192313708
61676,0.9745189130652225
61677,0.9745443814179809
61678,0.9745698243151144
61679,0.9735957415321908
61680,0.9736221325951271
61681,0.9736484972801894
61682,0.9736748356137425
61683,0.9737011476221246
61684,0.9737274333316477
61685,0.9737536927685976
61686,0.9737799259592337
61687,0.9738061329297891
61688,0.9738323137064709
61689,0.97385846831546
61690,0.9728850965330357
61691,0.9729121978858263
61692,0.972939272150808
61693,0.9729663193550551
61694,0.9729933395256147
61695,0.9730203326895072
61696,0.9730472988737255
61697,0.9730742381052361
61698,0.973101150410978
61699,0.9731280358178636
61700,0.9731548943527782
61701,0.9731817260425806
61702,0.9732085309141022
61703,0.9732353089941481
61704,0.9732620603094962
61705,0.9732887848868981
61706,0.9733154827530781
61707,0.9733421539347342
61708,0.9733687984585376
61709,0.9733954163511328
61710,0.9734220076391377
61711,0.9734485723491435
61712,0.9734751105077151
61713,0.9735016221413905
61714,0.9735281072766814
61715,0.973554565940073
61716,0.9735809981580239
61717,0.9736074039569664
61718,0.9736337833633063
61719,0.973660136403423
61720,0.9736864631036695
61721,0.9737127634903724
61722,0.9737390375898323
61723,0.9737652854283232
61724,0.9737915070320929
61725,0.9738177024273632
61726,0.9738438716403294
61727,0.9738700146971606
61728,0.973896131624
61729,0.9739222224469646
61730,0.973948287192145
61731,0.9739743258856061
61732,0.9740003385533865
61733,0.9740263252214991
61734,0.9740522859159304
61735,0.9740782206626412
61736,0.9741041294875661
61737,0.974130012416614
61738,0.9741558694756679
61739,0.9741817006905847
61740,0.9742075060871959
61741,0.9732337854414316
61742,0.973260538279571
61743,0.9732872643782421
61744,0.9733139637641709
61745,0.9733406364640568
61746,0.9733672825045725
61747,0.9733939019123641
61748,0.9734204947140509
61749,0.9734470609362258
61750,0.973473600605455
61751,0.973500113748278
61752,0.9735266003912083
61753,0.9735530605607323
61754,0.9735794942833103
61755,0.973605901585376
61756,0.9736322824933366
61757,0.9736586370335731
61758,0.9736849652324401
61759,0.9737112671162658
61760,0.9737375427113519
61761,0.9737637920439742
61762,0.9737900151403821
61763,0.9738162120267985
61764,0.9728428824795453
61765,0.9728700260252929
61766,0.9728971424410597
61767,0.9729242317539623
61768,0.9729512939910897
61769,0.9729783291795044
61770,0.9730053373462416
61771,0.9730323185183093
61772,0.9730592727226888
61773,0.9730861999863343
61774,0.973113100336173
61775,0.9731399737991054
61776,0.9731668204020049
61777,0.973193640171718
61778,0.9732204331350647
61779,0.9732471993188377
61780,0.9732739387498034
61781,0.9733006514547011
61782,0.9733273374602437
61783,0.973353996793117
61784,0.9733806294799804
61785,0.9734072355474667
61786,0.9734338150221818
61787,0.9734603679307055
61788,0.9734868942995903
61789,0.9735133941553629
61790,0.9735398675245229
61791,0.9735663144335439
61792,0.9735927349088727
61793,0.9736191289769297
61794,0.9736454966641092
61795,0.9736718379967787
61796,0.9736981530012797
61797,0.9737244417039271
61798,0.9737507041310096
61799,0.9737769403087897
61800,0.9738031502635035
61801,0.9738293340213611
61802,0.9738554916085461
61803,0.9738816230512163
61804,0.9739077283755029
61805,0.9739338076075114
61806,0.973959860773321
61807,0.9739858878989848
61808,0.97401188901053
61809,0.9740378641339578
61810,0.9740638132952432
61811,0.9740897365203354
61812,0.9741156338351576
61813,0.9741415052656073
61814,0.9741673508375557
61815,0.9741931705768485
61816,0.9742189645093055
61817,0.9742447326607204
61818,0.9742704750568616
61819,0.9742961917234715
61820,0.9743218826862666
61821,0.974347547970938
61822,0.974373187603151
61823,0.9743988016085451
61824,0.9744243900127344
61825,0.9744499528413074
61826,0.9744754901198268
61827,0.97450100187383
61828,0.9745264881288287
61829,0.9745519489103092
61830,0.9745773842437322
61831,0.9746027941545331
61832,0.9746281786681218
61833,0.9746535378098828
61834,0.9746788716051753
61835,0.974704180079333
61836,0.9747294632576645
61837,0.9747547211654529
61838,0.9747799538279562
61839,0.9748051612704071
61840,0.9748303435180129
61841,0.9748555005959559
61842,0.9748806325293933
61843,0.9749057393434568
61844,0.9749308210632535
61845,0.9749558777138649
61846,0.9749809093203479
61847,0.9750059159077338
61848,0.9750308975010294
61849,0.9750558541252163
61850,0.9750807858052511
61851,0.9751056925660655
61852,0.9751305744325662
61853,0.9751554314296351
61854,0.9751802635821293
61855,0.9752050709148807
61856,0.975229853452697
61857,0.9752546112203604
61858,0.9752793442426289
61859,0.9753040525442355
61860,0.9753287361498884
61861,0.9753533950842713
61862,0.9753780293720432
61863,0.9754026390378383
61864,0.9754272241062663
61865,0.9754517846019122
61866,0.9754763205493365
61867,0.9755008319730754
61868,0.97552531889764
61869,0.9755497813475175
61870,0.9755742193471701
61871,0.975598632921036
61872,0.9756230220935287
61873,0.9756473868890374
61874,0.975671727331927
61875,0.9756960434465377
61876,0.9757203352571858
61877,0.9757446027881631
61878,0.9757688460637371
61879,0.9757930651081512
61880,0.9758172599456243
61881,0.9758414306003513
61882,0.9758655770965029
61883,0.9758896994582256
61884,0.9759137977096416
61885,0.9759378718748494
61886,0.975961921977923
61887,0.9759859480429126
61888,0.9760099500938443
61889,0.97603392815472
61890,0.9760578822495178
61891,0.9760818124021919
61892,0.9761057186366725
61893,0.9761296009768657
61894,0.976153459446654
61895,0.9761772940698957
61896,0.9762011048704256
61897,0.9762248918720543
61898,0.976248655098569
61899,0.9762723945737328
61900,0.9762961103212853
61901,0.9763198023649422
61902,0.9763434707283956
61903,0.9763671154353137
61904,0.9763907365093414
61905,0.9764143339740997
61906,0.9764379078531861
61907,0.9764614581701744
61908,0.976484984948615
61909,0.9765084882120347
61910,0.9765319679839367
61911,0.9765554242878008
61912,0.9765788571470834
61913,0.9766022665852172
61914,0.9766256526256117
61915,0.9766490152916532
61916,0.976672354606704
61917,0.9766956705941036
61918,0.9767189632771679
61919,0.9767422326791897
61920,0.9767654788234383
61921,0.97678870173316
61922,0.9768119014315777
61923,0.976835077941891
61924,0.9768582312872763
61925,0.9768813614908872
61926,0.9769044685758539
61927,0.9769275525652833
61928,0.9769506134822595
61929,0.9769736513498435
61930,0.9769966661910731
61931,0.9770196580289631
61932,0.9770426268865053
61933,0.9770655727866687
61934,0.9770884957523992
61935,0.9771113958066197
61936,0.9771342729722302
61937,0.977157127272108
61938,0.9771799587291075
61939,0.9772027673660598
61940,0.9772255532057739
61941,0.9772483162710355
61942,0.9772710565846077
61943,0.9772937741692308
61944,0.9773164690476224
61945,0.9773391412424773
61946,0.9763622905265928
61947,0.976385916423118
61948,0.9764095187055537
61949,0.9764330973975022
61950,0.9764566525225421
61951,0.9764801841042288
61952,0.9765036921660936
61953,0.9765271767316447
61954,0.9765506378243667
61955,0.9765740754677207
61956,0.9765974896851443
61957,0.9766208805000517
61958,0.9766442479358337
61959,0.9766675920158578
61960,0.9766909127634682
61961,0.9767142102019855
61962,0.9767374843547071
61963,0.9767607352449073
61964,0.9767839628958369
61965,0.9768071673307236
61966,0.9768303485727718
61967,0.9768535066451629
61968,0.9768766415710548
61969,0.9768997533735825
61970,0.9769228420758578
61971,0.9769459077009693
61972,0.9769689502719828
61973,0.9769919698119409
61974,0.977014966343863
61975,0.9770379398907457
61976,0.9770608904755625
61977,0.9770838181212641
61978,0.977106722850778
61979,0.9771296046870092
61980,0.9771524636528393
61981,0.9771752997711273
61982,0.9771981130647094
61983,0.9772209035563988
61984,0.9772436712689861
61985,0.977266416225239
61986,0.9772891384479024
61987,0.9773118379596987
61988,0.9773345147833271
61989,0.9773571689414647
61990,0.9773798004567656
61991,0.9774024093518613
61992,0.9774249956493607
61993,0.9774475593718501
61994,0.9774701005418932
61995,0.9774926191820312
61996,0.9775151153147829
61997,0.9775375889626441
61998,0.9775600401480887
61999,0.9775824688935679
62000,0.9776048752215104
62001,0.9776272591543225
62002,0.9776496207143881
62003,0.9776719599240689
62004,0.977694276805704
62005,0.9777165713816103
62006,0.9777388436740825
62007,0.9777610937053928
62008,0.9777833214977911
62009,0.9778055270735054
62010,0.9778277104547413
62011,0.9778498716636821
62012,0.977872010722489
62013,0.9778941276533011
62014,0.9779162224782353
62015,0.9779382952193865
62016,0.9779603458988274
62017,0.9779823745386087
62018,0.978004381160759
62019,0.9780263657872851
62020,0.9780483284401713
62021,0.9780702691413805
62022,0.9780921879128534
62023,0.9781140847765086
62024,0.9781359597542433
62025,0.9781578128679322
62026,0.9781796441394286
62027,0.9782014535905637
62028,0.9782232412431467
62029,0.9782450071189657
62030,0.9782667512397863
62031,0.9782884736273528
62032,0.9783101743033874
62033,0.9783318532895909
62034,0.9783535106076423
62035,0.9783751462791989
62036,0.9783967603258963
62037,0.9784183527693486
62038,0.9784399236311484
62039,0.9784614729328663
62040,0.9784830006960519
62041,0.9785045069422327
62042,0.9785259916929151
62043,0.9785474549695838
62044,0.9785688967937022
62045,0.978590317186712
62046,0.9786117161700336
62047,0.978633093765066
62048,0.9786544499931868
62049,0.9786757848757524
62050,0.9786970984340975
62051,0.9787183906895357
62052,0.9787396616633592
62053,0.9787609113768392
62054,0.9787821398512252
62055,0.9788033471077457
62056,0.9788245331676081
62057,0.9788456980519983
62058,0.9788668417820813
62059,0.9788879643790007
62060,0.9789090658638793
62061,0.9789301462578184
62062,0.9789512055818985
62063,0.978972243857179
62064,0.978993261104698
62065,0.9790142573454729
62066,0.9790352326004998
62067,0.9790561868907542
62068,0.9790771202371903
62069,0.9790980326607414
62070,0.9791189241823198
62071,0.9791397948228172
62072,0.9791606446031043
62073,0.9791814735440307
62074,0.9792022816664255
62075,0.9792230689910968
62076,0.9792438355388319
62077,0.9792645813303973
62078,0.9792853063865388
62079,0.9793060107279815
62080,0.9793266943754299
62081,0.9793473573495673
62082,0.979367999671057
62083,0.9793886213605413
62084,0.9794092224386417
62085,0.9794298029259594
62086,0.9794503628430749
62087,0.979470902210548
62088,0.9794914210489183
62089,0.9795119193787045
62090,0.979532397220405
62091,0.9795528545944975
62092,0.9795732915214395
62093,0.9795937080216679
62094,0.9796141041155992
62095,0.9796344798236296
62096,0.9796548351661347
62097,0.9796751701634699
62098,0.9796954848359702
62099,0.9797157792039503
62100,0.9797360532877044
62101,0.9797563071075068
62102,0.9797765406836113
62103,0.9797967540362513
62104,0.9798169471856404
62105,0.9798371201519716
62106,0.9798572729554179
62107,0.9798774056161321
62108,0.979897518154247
62109,0.9799176105898749
62110,0.9799376829431085
62111,0.9799577352340199
62112,0.9799777674826615
62113,0.9799977797090657
62114,0.9800177719332445
62115,0.9800377441751903
62116,0.9800576964548753
62117,0.9800776287922517
62118,0.9800975412072519
62119,0.9801174337197884
62120,0.9801373063497537
62121,0.9801571591170203
62122,0.980176992041441
62123,0.9801968051428489
62124,0.9802165984410569
62125,0.9802363719558584
62126,0.980256125707027
62127,0.9802758597143163
62128,0.9802955739974604
62129,0.9803152685761736
62130,0.9803349434701504
62131,0.9803545986990657
62132,0.9803742342825749
62133,0.9803938502403134
62134,0.9804134465918973
62135,0.980433023356923
62136,0.980452580554967
62137,0.9804721182055867
62138,0.9804916363283197
62139,0.9805111349426842
62140,0.9805306140681788
62141,0.9805500737242825
62142,0.9805695139304551
62143,0.9805889347061368
62144,0.9806083360707484
62145,0.9806277180436912
62146,0.9806470806443471
62147,0.9806664238920789
62148,0.9806857478062297
62149,0.9807050524061236
62150,0.980724337711065
62151,0.9807436037403393
62152,0.9807628505132125
62153,0.9807820780489315
62154,0.9808012863667236
62155,0.9808204754857973
62156,0.9808396454253417
62157,0.9808587962045268
62158,0.9808779278425033
62159,0.9808970403584029
62160,0.980916133771338
62161,0.9809352081004021
62162,0.9809542633646696
62163,0.9809732995831957
62164,0.9809923167750165
62165,0.9810113149591494
62166,0.9810302941545925
62167,0.9810492543803251
62168,0.9810681956553072
62169,0.9810871179984804
62170,0.9811060214287667
62171,0.9811249059650697
62172,0.9811437716262741
62173,0.9811626184312453
62174,0.9811814463988303
62175,0.981200255547857
62176,0.9812190458971345
62177,0.9812378174654532
62178,0.9812565702715847
62179,0.9812753043342818
62180,0.9812940196722785
62181,0.9813127163042902
62182,0.9813313942490135
62183,0.9813500535251264
62184,0.9813686941512881
62185,0.9813873161461394
62186,0.9814059195283021
62187,0.9814245043163798
62188,0.9814430705289572
62189,0.9814616181846004
62190,0.9814801473018572
62191,0.9814986578992566
62192,0.9815171499953094
62193,0.9815356236085074
62194,0.9815540787573245
62195,0.9815725154602157
62196,0.9815909337356178
62197,0.981609333601949
62198,0.9816277150776093
62199,0.9816460781809799
62200,0.9816644229304242
62201,0.9816827493442869
62202,0.9817010574408943
62203,0.9817193472385546
62204,0.9817376187555575
62205,0.9817558720101747
62206,0.9817741070206593
62207,0.9817923238052463
62208,0.9818105223821526
62209,0.9818287027695768
62210,0.9818468649856992
62211,0.981865009048682
62212,0.9818831349766693
62213,0.9819012427877871
62214,0.9819193325001432
62215,0.9819374041318272
62216,0.9819554577009107
62217,0.9819734932254476
62218,0.9819915107234731
62219,0.9820095102130049
62220,0.9820274917120423
62221,0.982045455238567
62222,0.9820634008105424
62223,0.9810818281960392
62224,0.9811007369134844
62225,0.9811196267316619
62226,0.9811384976694613
62227,0.9811573497457536
62228,0.981176182979391
62229,0.9811949973892067
62230,0.9812137929940151
62231,0.9812325698126118
62232,0.9812513278637736
62233,0.9812700671662585
62234,0.981288787738806
62235,0.9813074896001366
62236,0.9813261727689521
62237,0.9813448372639356
62238,0.9813634831037518
62239,0.9813821103070464
62240,0.9814007188924466
62241,0.9814193088785611
62242,0.9814378802839798
62243,0.9814564331272742
62244,0.981474967426997
62245,0.9814934832016827
62246,0.981511980469847
62247,0.981530459249987
62248,0.9815489195605818
62249,0.9805678611702163
62250,0.9805872835978323
62251,0.980606686612727
62252,0.9806260702343035
62253,0.9806454344819454
62254,0.980664779375017
62255,0.980684104932863
62256,0.9807034111748091
62257,0.9807226981201616
62258,0.9807419657882074
62259,0.9807612141982142
62260,0.9807804433694304
62261,0.9807996533210851
62262,0.9808188440723884
62263,0.9808380156425309
62264,0.9808571680506843
62265,0.980876301316001
62266,0.9808954154576142
62267,0.9809145104946381
62268,0.9809335864461677
62269,0.980952643331279
62270,0.9799721809191537
62271,0.9799921987293295
62272,0.979012696281824
62273,0.9790336730971345
62274,0.9790546289461128
62275,0.979075563849715
62276,0.9790964778288757
62277,0.979117370904509
62278,0.979138243097508
62279,0.9791590944287448
62280,0.9791799249190709
62281,0.9792007345893167
62282,0.9792215234602919
62283,0.9792422915527853
62284,0.9792630388875652
62285,0.9792837654853787
62286,0.9793044713669525
62287,0.9793251565529926
62288,0.979345821064184
62289,0.9793664649211913
62290,0.9793870881446584
62291,0.9794076907552084
62292,0.979428272773444
62293,0.9794488342199473
62294,0.9794693751152798
62295,0.9794898954799821
62296,0.9795103953345748
62297,0.9795308746995578
62298,0.9795513335954104
62299,0.9795717720425914
62300,0.9795921900615393
62301,0.9796125876726722
62302,0.9796329648963877
62303,0.979653321753063
62304,0.9796736582630549
62305,0.9796939744467
62306,0.9797142703243146
62307,0.9797345459161944
62308,0.9797548012426149
62309,0.9797750363238317
62310,0.9797952511800797
62311,0.9798154458315739
62312,0.9798356202985088
62313,0.979855774601059
62314,0.9798759087593788
62315,0.9798960227936023
62316,0.9799161167238436
62317,0.9799361905701965
62318,0.9799562443527351
62319,0.979976278091513
62320,0.979996291806564
62321,0.9800162855179018
62322,0.979036758995645
62323,0.979057711760267
62324,0.9790786435825956
62325,0.9790995544835625
62326,0.9791204444840786
62327,0.9791413136050341
62328,0.9791621618672979
62329,0.9791829892917183
62330,0.9792037958991229
62331,0.9792245817103181
62332,0.9792453467460899
62333,0.9792660910272032
62334,0.9782873143245273
62335,0.9783090161592854
62336,0.9783306963030542
62337,0.9783523547775139
62338,0.978373991604323
62339,0.9783956068051183
62340,0.9784172004015149
62341,0.9784387724151066
62342,0.9784603228674653
62343,0.9784818517801415
62344,0.978503359174664
62345,0.9785248450725405
62346,0.9785463094952566
62347,0.9785677524642767
62348,0.9785891740010441
62349,0.97861057412698
62350,0.9786319528634848
62351,0.9786533102319371
62352,0.9786746462536943
62353,0.9786959609500924
62354,0.978717254342446
62355,0.9787385264520488
62356,0.9787597773001727
62357,0.9787810069080686
62358,0.9788022152969661
62359,0.9788234024880735
62360,0.9788445685025782
62361,0.9788657133616461
62362,0.978886837086422
62363,0.9789079396980298
62364,0.978929021217572
62365,0.9789500816661301
62366,0.9789711210647646
62367,0.9789921394345149
62368,0.9790131367963995
62369,0.9790341131714155
62370,0.9790550685805396
62371,0.9780765027948519
62372,0.9780984153357866
62373,0.9781203059751311
62374,0.9781421747347762
62375,0.9781640216365904
62376,0.9781858467024209
62377,0.9782076499540927
62378,0.9782294314134089
62379,0.9782511911021511
62380,0.978272929042079
62381,0.9782946452549305
62382,0.9783163397624218
62383,0.9783380125862475
62384,0.9783596637480804
62385,0.9783812932695716
62386,0.9784029011723506
62387,0.9784244874780255
62388,0.9784460522081824
62389,0.9784675953843861
62390,0.9784891170281799
62391,0.9785106171610852
62392,0.9785320958046024
62393,0.9785535529802101
62394,0.9785749887093653
62395,0.9785964030135039
62396,0.9786177959140402
62397,0.978639167432367
62398,0.978660517589856
62399,0.978681846407857
62400,0.9787031539076992
62401,0.97872444011069
62402,0.9787457050381156
62403,0.9787669487112409
62404,0.9787881711513097
62405,0.9788093723795442
62406,0.9788305524171459
62407,0.9788517112852947
62408,0.9778733487552744
62409,0.9778954643487224
62410,0.9779175578376292
62411,0.9779396292440884
62412,0.9779616785901712
62413,0.9779837058979272
62414,0.9780057111893835
62415,0.9780276944865456
62416,0.9780496558113966
62417,0.9780715951858979
62418,0.978093512631989
62419,0.9781154081715872
62420,0.9781372818265881
62421,0.9781591336188654
62422,0.9781809635702708
62423,0.9782027717026344
62424,0.9782245580377642
62425,0.9782463225974466
62426,0.9782680654034461
62427,0.9782897864775056
62428,0.9783114858413462
62429,0.9783331635166672
62430,0.9783548195251464
62431,0.9783764538884395
62432,0.9783980666281812
62433,0.978419657765984
62434,0.9784412273234393
62435,0.9784627753221166
62436,0.9784843017835637
62437,0.9785058067293073
62438,0.9785272901808523
62439,0.978548752159682
62440,0.9785701926872585
62441,0.9785916117850224
62442,0.9786130094743927
62443,0.9786343857767671
62444,0.9786557407135219
62445,0.9786770743060121
62446,0.9786983865755714
62447,0.9787196775435119
62448,0.9787409472311246
62449,0.9787621956596791
62450,0.9787834228504241
62451,0.9788046288245865
62452,0.9788258136033725
62453,0.9788469772079669
62454,0.9788681196595331
62455,0.9788892409792137
62456,0.97891034118813
62457,0.9789314203073822
62458,0.9789524783580495
62459,0.9789735153611899
62460,0.9789945313378404
62461,0.979015526309017
62462,0.9790365002957147
62463,0.9790574533189074
62464,0.9790783853995482
62465,0.9790992965585691
62466,0.9791201868168814
62467,0.9791410561953753
62468,0.9791619047149202
62469,0.9791827323963646
62470,0.979203539260536
62471,0.9792243253282417
62472,0.9782455903703924
62473,0.978267333908253
62474,0.9782890557134422
62475,0.9783107558076816
62476,0.9783324342126714
62477,0.97835409095009
62478,0.9783757260415942
62479,0.978397339508819
62480,0.9784189313733779
62481,0.9784405016568628
62482,0.978462050380844
62483,0.9784835775668701
62484,0.9785050832364685
62485,0.9785265674111446
62486,0.9785480301123829
62487,0.9785694713616458
62488,0.9785908911803748
62489,0.9786122895899896
62490,0.9786336666118887
62491,0.978655022267449
62492,0.9786763565780263
62493,0.9786976695649549
62494,0.9787189612495476
62495,0.9787402316530963
62496,0.9787614807968713
62497,0.9787827087021218
62498,0.9788039153900757
62499,0.9788251008819397
62500,0.9788462651988993
62501,0.9788674083621187
62502,0.9788885303927413
62503,0.9789096313118889
62504,0.9789307111406627
62505,0.9789517699001422
62506,0.9789728076113865
62507,0.9789938242954331
62508,0.9790148199732988
62509,0.9790357946659791
62510,0.9790567483944489
62511,0.9790776811796619
62512,0.9780990927926757
62513,0.9781209827549019
62514,0.9781428508381054
62515,0.9781646970641542
62516,0.9781865214548947
62517,0.9782083240321512
62518,0.9782301048177262
62519,0.9782518638334007
62520,0.9782736011009335
62521,0.978295316642062
62522,0.9783170104785017
62523,0.9783386826319465
62524,0.9783603331240684
62525,0.9783819619765182
62526,0.9774040689610494
62527,0.977426653599769
62528,0.9774492156651365
62529,0.9774717551797141
62530,0.9774942721660412
62531,0.9775167666466349
62532,0.9775392386439896
62533,0.9775616881805773
62534,0.9775841152788476
62535,0.9776065199612276
62536,0.9776289022501219
62537,0.9776512621679129
62538,0.9776735997369604
62539,0.9776959149796022
62540,0.9777182079181533
62541,0.9777404785749068
62542,0.9777627269721333
62543,0.9777849531320811
62544,0.9778071570769766
62545,0.9778293388290237
62546,0.977851498410404
62547,0.9778736358432771
62548,0.9778957511497806
62549,0.9779178443520297
62550,0.9779399154721176
62551,0.9779619645321155
62552,0.9779839915540723
62553,0.9780059965600153
62554,0.9780279795719493
62555,0.9780499406118575
62556,0.9780718797017007
62557,0.9780937968634181
62558,0.9781156921189269
62559,0.9781375654901224
62560,0.978159416998878
62561,0.978181246667045
62562,0.9782030545164532
62563,0.9782248405689105
62564,0.9782466048462028
62565,0.9782683473700947
62566,0.9782900681623286
62567,0.9783117672446251
62568,0.9783334446386834
62569,0.978355100366181
62570,0.9783767344487735
62571,0.978398346908095
62572,0.9784199377657581
62573,0.9784415070433535
62574,0.9784630547624507
62575,0.9784845809445971
62576,0.9785060856113191
62577,0.9785275687841214
62578,0.978549030484487
62579,0.9785704707338778
62580,0.978591889553734
62581,0.9786132869654743
62582,0.9786346629904964
62583,0.9786560176501761
62584,0.978677350965868
62585,0.9786986629589056
62586,0.9787199536506008
62587,0.9787412230622444
62588,0.9787624712151057
62589,0.978783698130433
62590,0.9788049038294531
62591,0.9788260883333717
62592,0.9788472516633733
62593,0.9788683938406213
62594,0.9788895148862579
62595,0.9789106148214041
62596,0.9789316936671598
62597,0.9789527514446039
62598,0.9789737881747942
62599,0.9789948038787674
62600,0.9790157985775392
62601,0.9790367722921044
62602,0.9790577250434366
62603,0.9790786568524886
62604,0.9790995677401922
62605,0.9791204577274584
62606,0.9791413268351771
62607,0.9791621750842173
62608,0.9791830024954274
62609,0.9792038090896349
62610,0.9792245948876462
62611,0.9792453599102473
62612,0.979266104178203
62613,0.9792868277122578
62614,0.9793075305331351
62615,0.9783287124116627
62616,0.9783503728690224
62617,0.9783720116767495
62618,0.9783936288564828
62619,0.9784152244298396
62620,0.9784367984184155
62621,0.9784583508437844
62622,0.9784798817274988
62623,0.9785013910910895
62624,0.9785228789560659
62625,0.978544345343916
62626,0.978565790276106
62627,0.978587213774081
62628,0.9786086158592643
62629,0.9786299965530582
62630,0.9786513558768432
62631,0.9786726938519787
62632,0.9786940104998029
62633,0.9787153058416321
62634,0.978736579898762
62635,0.9787578326924663
62636,0.9787790642439981
62637,0.9788002745745887
62638,0.9788214637054488
62639,0.9788426316577672
62640,0.978863778452712
62641,0.9788849041114299
62642,0.9789060086550467
62643,0.9779275918547918
62644,0.9779496532322484
62645,0.9779716925593526
62646,0.9779937098581438
62647,0.9780157051506394
62648,0.9780376784588347
62649,0.978059629804703
62650,0.9780815592101955
62651,0.9781034666972418
62652,0.9781253522877493
62653,0.9781472160036037
62654,0.9781690578666685
62655,0.9781908778987858
62656,0.9782126761217755
62657,0.9782344525574359
62658,0.9782562072275435
62659,0.9782779401538527
62660,0.9782996513580967
62661,0.9783213408619866
62662,0.978343008687212
62663,0.9783646548554407
62664,0.9783862793883188
62665,0.9784078823074709
62666,0.9784294636344999
62667,0.9784510233909871
62668,0.9784725615984924
62669,0.9784940782785538
62670,0.9785155734526882
62671,0.9785370471423908
62672,0.978558499369135
62673,0.9785799301543732
62674,0.9786013395195362
62675,0.9786227274860334
62676,0.9786440940752528
62677,0.9786654393085609
62678,0.978686763207303
62679,0.9787080657928029
62680,0.9787293470863633
62681,0.9787506071092654
62682,0.9787718458827694
62683,0.978793063428114
62684,0.9788142597665167
62685,0.9788354349191739
62686,0.9788565889072607
62687,0.9788777217519311
62688,0.9788988334743179
62689,0.978919924095533
62690,0.9789409936366669
62691,0.9789620421187891
62692,0.9789830695629482
62693,0.9790040759901717
62694,0.9790250614214658
62695,0.9790460258778162
62696,0.9790669693801872
62697,0.9790878919495224
62698,0.9791087936067443
62699,0.9791296743727546
62700,0.979150534268434
62701,0.9791713733146424
62702,0.979192191532219
62703,0.9792129889419819
62704,0.9792337655647286
62705,0.9792545214212357
62706,0.979275256532259
62707,0.9792959709185336
62708,0.9793166646007739
62709,0.9793373375996737
62710,0.9793579899359058
62711,0.9793786216301228
62712,0.9793992327029563
62713,0.9794198231750173
62714,0.9794403930668963
62715,0.9794609423991633
62716,0.9794814711923675
62717,0.9795019794670378
62718,0.9795224672436824
62719,0.9795429345427892
62720,0.9795633813848253
62721,0.9795838077902378
62722,0.979604213779453
62723,0.9796245993728768
62724,0.9796449645908949
62725,0.9796653094538725
62726,0.9796856339821545
62727,0.9797059381960653
62728,0.9797262221159093
62729,0.9797464857619704
62730,0.9797667291545122
62731,0.9797869523137781
62732,0.9798071552599912
62733,0.9798273380133545
62734,0.9798475005940508
62735,0.9798676430222426
62736,0.9798877653180724
62737,0.9799078675016626
62738,0.9799279495931152
62739,0.9799480116125124
62740,0.9799680535799162
62741,0.9799880755153686
62742,0.9800080774388915
62743,0.9800280593704869
62744,0.9800480213301366
62745,0.9800679633378027
62746,0.9800878854134271
62747,0.9801077875769318
62748,0.9801276698482193
62749,0.9801475322471717
62750,0.9801673747936512
62751,0.9801871975075006
62752,0.9802070004085426
62753,0.98022678351658
62754,0.980246546851396
62755,0.9802662904327539
62756,0.9802860142803973
62757,0.9803057184140501
62758,0.9803254028534164
62759,0.9803450676181806
62760,0.9803647127280075
62761,0.9803843382025422
62762,0.9804039440614103
62763,0.9804235303242175
62764,0.9804430970105501
62765,0.9804626441399749
62766,0.9804821717320389
62767,0.9805016798062698
62768,0.9805211683821755
62769,0.9805406374792448
62770,0.9805600871169468
62771,0.9805795173147309
62772,0.9805989280920275
62773,0.9806183194682474
62774,0.9806376914627819
62775,0.980657044095003
62776,0.9806763773842634
62777,0.9806956913498963
62778,0.9807149860112158
62779,0.9807342613875164
62780,0.9807535174980736
62781,0.9807727543621435
62782,0.980791971998963
62783,0.9808111704277496
62784,0.9808303496677019
62785,0.980849509737999
62786,0.9808686506578012
62787,0.9808877724462491
62788,0.9809068751224648
62789,0.9809259587055508
62790,0.9809450232145907
62791,0.979964568418774
62792,0.9789850935877707
62793,0.9790060979919809
62794,0.9790270814022838
62795,0.9790480438396628
62796,0.9790689853250805
62797,0.9790899058794782
62798,0.9791108055237766
62799,0.9791316842788753
62800,0.978153041915778
62801,0.9781748779558422
62802,0.978196692170779
62803,0.9782184845824023
62804,0.9782402552125049
62805,0.9782620040828572
62806,0.9782837312152082
62807,0.9783054366312849
62808,0.9783271203527929
62809,0.9783487824014158
62810,0.9783704227988157
62811,0.978392041566633
62812,0.9784136387264863
62813,0.9784352142999732
62814,0.9784567683086688
62815,0.9784783007741273
62816,0.9784998117178814
62817,0.9785213011614416
62818,0.9785427691262978
62819,0.9785642156339177
62820,0.9785856407057478
62821,0.9786070443632133
62822,0.9786284266277179
62823,0.9786497875206437
62824,0.9786711270633517
62825,0.9786924452771815
62826,0.9787137421834512
62827,0.9787350178034577
62828,0.9787562721584767
62829,0.9787775052697626
62830,0.9787987171585485
62831,0.9788199078460462
62832,0.9788410773534465
62833,0.9788622257019188
62834,0.9788833529126115
62835,0.9789044590066519
62836,0.978925544005146
62837,0.9789466079291788
62838,0.9789676507998143
62839,0.9789886726380953
62840,0.9790096734650438
62841,0.9790306533016604
62842,0.9790516121689251
62843,0.9790725500877967
62844,0.9790934670792132
62845,0.9791143631640915
62846,0.9791352383633278
62847,0.9791560926977972
62848,0.9791769261883542
62849,0.9791977388558321
62850,0.9792185307210436
62851,0.9792393018047807
62852,0.9792600521278144
62853,0.979280781710895
62854,0.9793014905747522
62855,0.9793221787400949
62856,0.979342846227611
62857,0.9793634930579682
62858,0.9793841192518133
62859,0.9794047248297726
62860,0.9794253098124515
62861,0.979445874220435
62862,0.9794664180742877
62863,0.9794869413945533
62864,0.9795074442017552
62865,0.9795279265163961
62866,0.9795483883589584
62867,0.979568829749904
62868,0.9795892507096742
62869,0.97960965125869
62870,0.979630031417352
62871,0.9796503912060404
62872,0.9796707306451148
62873,0.9796910497549147
62874,0.9797113485557594
62875,0.9797316270679475
62876,0.9797518853117576
62877,0.979772123307448
62878,0.9797923410752567
62879,0.9798125386354014
62880,0.9798327160080796
62881,0.9798528732134688
62882,0.9798730102717262
62883,0.9798931272029889
62884,0.9799132240273738
62885,0.9799333007649776
62886,0.9799533574358772
62887,0.9799733940601292
62888,0.9799934106577702
62889,0.9800134072488169
62890,0.9800333838532659
62891,0.9800533404910937
62892,0.980073277182257
62893,0.9800931939466926
62894,0.9801130908043171
62895,0.9801329677750275
62896,0.9801528248787006
62897,0.9801726621351936
62898,0.9801924795643439
62899,0.9802122771859687
62900,0.9802320550198658
62901,0.9802518130858129
62902,0.9802715514035681
62903,0.98029126999287
62904,0.9803109688734368
62905,0.9803306480649676
62906,0.9803503075871416
62907,0.9803699474596183
62908,0.9803895677020374
62909,0.9804091683340194
62910,0.9804287493751648
62911,0.9804483108450547
62912,0.9804678527632505
62913,0.9804873751492943
62914,0.9805068780227083
62915,0.9805263614029954
62916,0.9805458253096391
62917,0.9805652697621032
62918,0.9805846947798322
62919,0.9806041003822512
62920,0.9806234865887657
62921,0.980642853418762
62922,0.9806622008916068
62923,0.9806815290266477
62924,0.9807008378432128
62925,0.9807201273606109
62926,0.9807393975981314
62927,0.9807586485750449
62928,0.9807778803106021
62929,0.9807970928240348
62930,0.9808162861345555
62931,0.9808354602613576
62932,0.9808546152236151
62933,0.980873751040483
62934,0.9808928677310972
62935,0.9809119653145744
62936,0.9809310438100121
62937,0.9809501032364888
62938,0.980969143613064
62939,0.980988164958778
62940,0.9810071672926524
62941,0.9810261506336891
62942,0.9810451150008719
62943,0.9810640604131649
62944,0.9810829868895136
62945,0.9811018944488444
62946,0.981120783110065
62947,0.981139652892064
62948,0.9811585038137111
62949,0.9801778356439822
62950,0.9801976479022091
62951,0.9802174403580789
62952,0.9802372130313841
62953,0.9802569659418975
62954,0.9802766991093719
62955,0.9802964125535404
62956,0.9803161062941166
62957,0.9803357803507942
62958,0.9803554347432472
62959,0.98037506949113
62960,0.9803946846140773
62961,0.9804142801317044
62962,0.9804338560636068
62963,0.9804534124293603
62964,0.9804729492485214
62965,0.9804924665406268
62966,0.9805119643251939
62967,0.9805314426217204
62968,0.9805509014496847
62969,0.9805703408285456
62970,0.9805897607777424
62971,0.9806091613166952
62972,0.9806285424648045
62973,0.9806479042414513
62974,0.9806672466659976
62975,0.9806865697577857
62976,0.9807058735361387
62977,0.9807251580203604
62978,0.9807444232297353
62979,0.9807636691835286
62980,0.9807828959009863
62981,0.9808021034013352
62982,0.9808212917037826
62983,0.980840460827517
62984,0.9808596107917074
62985,0.9808787416155037
62986,0.9808978533180369
62987,0.9809169459184187
62988,0.9809360194357416
62989,0.9809550738890792
62990,0.980974109297486
62991,0.9809931256799972
62992,0.9810121230556293
62993,0.9810311014433798
62994,0.981050060862227
62995,0.9810690013311303
62996,0.9810879228690302
62997,0.9811068254948483
62998,0.9811257092274871
62999,0.9811445740858304
63000,0.9811634200887431
63001,0.9811822472550712
63002,0.9812010556036418
63003,0.9812198451532633
63004,0.9812386159227253
63005,0.9812573679307985
63006,0.981276101196235
63007,0.981294815737768
63008,0.9813135115741121
63009,0.981332188723963
63010,0.981350847205998
63011,0.9813694870388755
63012,0.9813881082412355
63013,0.981406710831699
63014,0.9814252948288686
63015,0.9814438602513286
63016,0.9814624071176441
63017,0.9814809354463621
63018,0.9814994452560108
63019,0.9815179365651003
63020,0.9815364093921217
63021,0.9815548637555479
63022,0.9815732996738332
63023,0.9815917171654136
63024,0.9816101162487065
63025,0.9816284969421111
63026,0.981646859264008
63027,0.9816652032327596
63028,0.9816835288667098
63029,0.9817018361841844
63030,0.9817201252034905
63031,0.9817383959429173
63032,0.9817566484207355
63033,0.9817748826551975
63034,0.9817930986645377
63035,0.981811296466972
63036,0.9818294760806981
63037,0.9818476375238958
63038,0.9818657808147265
63039,0.9818839059713335
63040,0.9819020130118419
63041,0.9819201019543587
63042,0.981938172816973
63043,0.9819562256177556
63044,0.9819742603747594
63045,0.981992277106019
63046,0.9810107755796762
63047,0.9810297553142292
63048,0.9810487160785328
63049,0.9810676578915478
63050,0.9810865807722159
63051,0.98110548473946
63052,0.9811243698121842
63053,0.9811432360092734
63054,0.981162083349594
63055,0.9811809118519932
63056,0.9811997215352996
63057,0.9812185124183227
63058,0.9812372845198536
63059,0.9812560378586643
63060,0.9812747724535082
63061,0.9812934883231199
63062,0.9813121854862152
63063,0.9813308639614914
63064,0.9813495237676269
63065,0.9813681649232814
63066,0.9813867874470962
63067,0.9814053913576938
63068,0.9814239766736781
63069,0.9814425434136345
63070,0.9804615913462545
63071,0.9804811199905862
63072,0.9805006291160329
63073,0.9795206184922287
63074,0.979541087639163
63075,0.9795615363271799
63076,0.979581964576728
63077,0.9796023724082354
63078,0.9796227598421102
63079,0.9796431268987398
63080,0.9796634735984912
63081,0.978684299711836
63082,0.9787056047596003
63083,0.9787268885129641
63084,0.978748150993211
63085,0.9787693922216036
63086,0.9787906122193831
63087,0.9788118110077696
63088,0.9788329886079618
63089,0.9788541450411372
63090,0.9788752803284524
63091,0.9788963944910426
63092,0.9789174875500221
63093,0.9789385595264838
63094,0.9779601101916248
63095,0.9779821390669955
63096,0.9780041459244997
63097,0.9780261307861444
63098,0.9780480936739144
63099,0.9780700346097726
63100,0.9780919536156599
63101,0.9781138507134953
63102,0.978135725925176
63103,0.9781575792725771
63104,0.978179410777552
63105,0.9782012204619323
63106,0.9782230083475275
63107,0.9782447744561257
63108,0.9782665188094929
63109,0.9782882414293734
63110,0.97830994233749
63111,0.9783316215555435
63112,0.9783532791052132
63113,0.9783749150081565
63114,0.9783965292860095
63115,0.9784181219603864
63116,0.9784396930528797
63117,0.9784612425850607
63118,0.978482770578479
63119,0.9785042770546624
63120,0.9785257620351174
63121,0.9785472255413292
63122,0.9785686675947611
63123,0.9785900882168553
63124,0.9786114874290324
63125,0.9776333650028165
63126,0.9776557204600851
63127,0.9776780535730685
63128,0.9777003643640999
63129,0.976723152605615
63130,0.9767464178204021
63131,0.976769659781601
63132,0.976792878512454
63133,0.9768160740361796
63134,0.9768392463759735
63135,0.976862395555008
63136,0.9768855215964323
63137,0.9769086245233723
63138,0.9769317043589312
63139,0.9769547611261886
63140,0.9769777948482015
63141,0.9770008055480034
63142,0.9770237932486051
63143,0.9770467579729943
63144,0.9770696997441358
63145,0.9770926185849713
63146,0.9771155145184196
63147,0.9771383875673767
63148,0.9771612377547156
63149,0.9771840651032866
63150,0.977206869635917
63151,0.9772296513754113
63152,0.9772524103445513
63153,0.977275146566096
63154,0.9772978600627816
63155,0.9773205508573216
63156,0.9773432189724067
63157,0.9773658644307052
63158,0.9773884872548624
63159,0.9774110874675012
63160,0.9774336650912218
63161,0.9774562201486019
63162,0.9774787526621965
63163,0.9775012626545382
63164,0.9775237501481369
63165,0.97754621516548
63166,0.9775686577290328
63167,0.9775910778612377
63168,0.9776134755845148
63169,0.9776358509212619
63170,0.9776582038938544
63171,0.9776805345246451
63172,0.9777028428359648
63173,0.9777251288501217
63174,0.977747392589402
63175,0.9777696340760693
63176,0.9777918533323651
63177,0.9778140503805086
63178,0.977836225242697
63179,0.9778583779411051
63180,0.9778805084978855
63181,0.977902616935169
63182,0.9779247032750639
63183,0.9779467675396565
63184,0.9779688097510112
63185,0.9779908299311701
63186,0.9780128281021535
63187,0.9780348042859595
63188,0.9770572582546891
63189,0.9770801895307965
63190,0.9771030978870875
63191,0.9771259833464707
63192,0.9771488459318316
63193,0.9771716856660326
63194,0.9771945025719136
63195,0.9762177964224165
63196,0.9762415667408348
63197,0.976265313300814
63198,0.9762890361261005
63199,0.9763127352404173
63200,0.9763364106674634
63201,0.9763600624309141
63202,0.9763836905544214
63203,0.9764072950616134
63204,0.9764308759760946
63205,0.9764544333214458
63206,0.9764779671212245
63207,0.9765014773989644
63208,0.9765249641781758
63209,0.9765484274823455
63210,0.9765718673349368
63211,0.9765952837593896
63212,0.9766186767791204
63213,0.9766420464175221
63214,0.9766653926979643
63215,0.9766887156437933
63216,0.9767120152783323
63217,0.9767352916248807
63218,0.9767585447067149
63219,0.9767817745470879
63220,0.9768049811692298
63221,0.9768281645963469
63222,0.976851324851623
63223,0.976874461958218
63224,0.9768975759392693
63225,0.9769206668178907
63226,0.9769437346171732
63227,0.9769667793601845
63228,0.9769898010699695
63229,0.9770127997695497
63230,0.977035775481924
63231,0.977058728230068
63232,0.9770816580369345
63233,0.9771045649254533
63234,0.9771274489185313
63235,0.9771503100390525
63236,0.977173148309878
63237,0.9771959637538461
63238,0.9772187563937723
63239,0.9772415262524492
63240,0.9772642733526467
63241,0.9772869977171118
63242,0.9773096993685689
63243,0.9773323783297198
63244,0.9773550346232432
63245,0.9773776682717957
63246,0.9774002792980109
63247,0.9774228677244996
63248,0.9774454335738504
63249,0.9774679768686292
63250,0.9774904976313792
63251,0.9775129958846211
63252,0.9775354716508534
63253,0.9775579249525517
63254,0.9775803558121693
63255,0.9776027642521371
63256,0.9776251502948636
63257,0.9766480137128598
63258,0.9766713540289889
63259,0.9766946710164661
63260,0.9767179646986086
63261,0.9767412350987099
63262,0.9767644822400405
63263,0.9767877061458475
63264,0.9768109068393549
63265,0.9768340843437633
63266,0.9768572386822503
63267,0.9768803698779701
63268,0.9769034779540541
63269,0.9769265629336102
63270,0.9769496248397236
63271,0.976972663695456
63272,0.9769956795238464
63273,0.9770186723479105
63274,0.9770416421906413
63275,0.9760650888251334
63276,0.9760890117748334
63277,0.9761129108135392
63278,0.9761367859651499
63279,0.9761606372535405
63280,0.9761844647025625
63281,0.9762082683360431
63282,0.9762320481777862
63283,0.9762558042515715
63284,0.9762795365811552
63285,0.9763032451902695
63286,0.9763269301026231
63287,0.9763505913419008
63288,0.976374228931764
63289,0.9763978428958502
63290,0.9764214332577734
63291,0.976445000041124
63292,0.9764685432694687
63293,0.9764920629663508
63294,0.97651555915529
63295,0.9765390318597824
63296,0.9765624811033009
63297,0.9765859069092946
63298,0.9766093093011894
63299,0.9766326883023876
63300,0.9766560439362683
63301,0.9766793762261871
63302,0.9767026851954762
63303,0.9767259708674447
63304,0.9767492332653783
63305,0.9767724724125394
63306,0.976795688332167
63307,0.9768188810474772
63308,0.9768420505816626
63309,0.9768651969578929
63310,0.9768883201993143
63311,0.9769114203290501
63312,0.9769344973702004
63313,0.9769575513458424
63314,0.97698058227903
63315,0.977003590192794
63316,0.9770265751101426
63317,0.9770495370540605
63318,0.9770724760475097
63319,0.9770953921134292
63320,0.9771182852747351
63321,0.9771411555543206
63322,0.9771640029750559
63323,0.9771868275597885
63324,0.9772096293313429
63325,0.977232408312521
63326,0.9772551645261017
63327,0.9772778979948412
63328,0.9773006087414731
63329,0.977323296788708
63330,0.977345962159234
63331,0.9773686048757165
63332,0.9773912249607982
63333,0.9774138224370993
63334,0.9774363973272171
63335,0.9774589496537266
63336,0.9774814794391802
63337,0.9775039867061075
63338,0.977526471477016
63339,0.9775489337743903
63340,0.9775713736206928
63341,0.9775937910383633
63342,0.9776161860498193
63343,0.9776385586774556
63344,0.9776609089436451
63345,0.9776832368707379
63346,0.977705542481062
63347,0.977727825796923
63348,0.9777500868406042
63349,0.9777723256343667
63350,0.9777945422004493
63351,0.9778167365610685
63352,0.9778389087384187
63353,0.9778610587546722
63354,0.9778831866319789
63355,0.9779052923924667
63356,0.9779273760582413
63357,0.9779494376513865
63358,0.9779714771939638
63359,0.9779934947080129
63360,0.9780154902155511
63361,0.978037463738574
63362,0.9780594152990553
63363,0.9780813449189463
63364,0.9781032526201767
63365,0.9781251384246543
63366,0.9781470023542649
63367,0.9781688444308723
63368,0.9781906646763187
63369,0.9782124631124243
63370,0.9782342397609876
63371,0.9782559946437852
63372,0.978277727782572
63373,0.9782994391990812
63374,0.9783211289150242
63375,0.9783427969520907
63376,0.9783644433319487
63377,0.9783860680762446
63378,0.9784076712066032
63379,0.9784292527446276
63380,0.9784508127118993
63381,0.9784723511299783
63382,0.9784938680204032
63383,0.9785153634046906
63384,0.978536837304336
63385,0.9785582897408135
63386,0.9785797207355753
63387,0.9786011303100525
63388,0.9786225184856546
63389,0.9786438852837699
63390,0.9786652307257652
63391,0.9786865548329858
63392,0.9787078576267559
63393,0.9787291391283783
63394,0.9787503993591345
63395,0.9787716383402848
63396,0.9787928560930681
63397,0.9788140526387022
63398,0.9788352279983837
63399,0.9788563821932879
63400,0.9788775152445689
63401,0.97889862717336
63402,0.9789197180007729
63403,0.9789407877478986
63404,0.9789618364358068
63405,0.9789828640855461
63406,0.9790038707181443
63407,0.9790248563546079
63408,0.9790458210159226
63409,0.9790667647230531
63410,0.9790876874969431
63411,0.9791085893585153
63412,0.9791294703286717
63413,0.9791503304282932
63414,0.97917116967824
63415,0.9791919880993513
63416,0.9792127857124454
63417,0.9792335625383201
63418,0.979254318597752
63419,0.9792750539114974
63420,0.9792957685002915
63421,0.9793164623848489
63422,0.9793371355858635
63423,0.9793577881240086
63424,0.9793784200199367
63425,0.9793990312942796
63426,0.9794196219676486
63427,0.9794401920606345
63428,0.9794607415938072
63429,0.9794812705877165
63430,0.9795017790628912
63431,0.9795222670398398
63432,0.9795427345390504
63433,0.9795631815809903
63434,0.9795836081861068
63435,0.9796040143748264
63436,0.9796244001675551
63437,0.9796447655846791
63438,0.9796651106465635
63439,0.9796854353735535
63440,0.9797057397859738
63441,0.9797260239041287
63442,0.9797462877483024
63443,0.9797665313387589
63444,0.9787872544458666
63445,0.9788084565903484
63446,0.9788296375432816
63447,0.978850797325847
63448,0.9788719359592045
63449,0.9788930534644926
63450,0.978914149862829
63451,0.97893522517531
63452,0.9779567791731357
63453,0.9779788113778602
63454,0.9780008215613907
63455,0.9780228097457371
63456,0.9780447759528877
63457,0.9780667202048089
63458,0.9780886425234447
63459,0.9781105429307176
63460,0.978132421448528
63461,0.9781542780987543
63462,0.9781761129032533
63463,0.9781979258838598
63464,0.9782197170623866
63465,0.9782414864606251
63466,0.9782632341003447
63467,0.9782849600032928
63468,0.9783066641911955
63469,0.978328346685757
63470,0.9783500075086597
63471,0.9783716466815646
63472,0.9783932642261108
63473,0.9784148601639159
63474,0.9784364345165756
63475,0.9784579873056645
63476,0.9784795185527353
63477,0.9785010282793193
63478,0.9785225165069261
63479,0.9785439832570442
63480,0.97856542855114
63481,0.9785868524106591
63482,0.9786082548570253
63483,0.978629635911641
63484,0.9786509955958872
63485,0.9786723339311237
63486,0.9786936509386889
63487,0.9787149466398996
63488,0.9787362210560516
63489,0.9787574742084194
63490,0.9787787061182561
63491,0.9787999168067936
63492,0.9788211062952425
63493,0.9788422746047926
63494,0.9788634217566119
63495,0.9788845477718476
63496,0.9779061524217508
63497,0.977928235227926
63498,0.977950295962331
63499,0.9779723346470263
63500,0.9779943513040508
63501,0.9780163459554211
63502,0.9780383186231318
63503,0.9780602693291557
63504,0.9780821980954434
63505,0.9781041049439237
63506,0.9781259898965036
63507,0.9781478529750678
63508,0.9781696942014795
63509,0.9781915135975799
63510,0.9782133111851885
63511,0.9782350869861028
63512,0.9782568410220988
63513,0.9782785733149303
63514,0.9783002838863296
63515,0.9783219727580075
63516,0.9783436399516526
63517,0.9783652854889323
63518,0.977387409141617
63519,0.9774100104318303
63520,0.9774325891320483
63521,0.9774551452648499
63522,0.977477678852791
63523,0.9775001899184054
63524,0.977522678484204
63525,0.9775451445726756
63526,0.976568087956411
63527,0.9765915081583536
63528,0.9766149049517985
63529,0.9766382783601425
63530,0.9766616284067591
63531,0.9766849551149982
63532,0.9767082585081867
63533,0.9767315386096278
63534,0.9767547954426017
63535,0.9767780290303653
63536,0.975801739146277
63537,0.9758259253140469
63538,0.975850087307736
63539,0.9758742251515065
63540,0.975898338869496
63541,0.9759224284858183
63542,0.9759464940245631
63543,0.975970535509796
63544,0.9759945529655583
63545,0.9760185464158675
63546,0.9760425158847172
63547,0.9760664613960769
63548,0.976090382973892
63549,0.9761142806420839
63550,0.9761381544245507
63551,0.9761620043451658
63552,0.9761858304277793
63553,0.9752101324463422
63554,0.9752349099251565
63555,0.9752596626388744
63556,0.9752843906122488
63557,0.9753090938700076
63558,0.9753337724368542
63559,0.9753584263374669
63560,0.9753830555965
63561,0.9754076602385824
63562,0.975432240288319
63563,0.9754567957702897
63564,0.97548132670905
63565,0.9755058331291309
63566,0.9755303150550387
63567,0.9755547725112556
63568,0.9755792055222388
63569,0.9756036141124215
63570,0.9756279983062122
63571,0.9756523581279951
63572,0.974677193352255
63573,0.9747025035038269
63574,0.9747277883578961
63575,0.9747530479397473
63576,0.97477828227464
63577,0.9748034913878088
63578,0.9748286753044626
63579,0.9748538340497854
63580,0.9748789676489361
63581,0.9749040761270481
63582,0.97492915950923
63583,0.9749542178205651
63584,0.9749792510861118
63585,0.9750042593309033
63586,0.9750292425799478
63587,0.9750542008582287
63588,0.9750791341907042
63589,0.9751040426023078
63590,0.9751289261179477
63591,0.9751537847625075
63592,0.9751786185608458
63593,0.9752034275377964
63594,0.9752282117181684
63595,0.9752529711267459
63596,0.9752777057882884
63597,0.9753024157275305
63598,0.9753271009691822
63599,0.9753517615379286
63600,0.9753763974584304
63601,0.9754010087553235
63602,0.9754255954532193
63603,0.9754501575767043
63604,0.9754746951503408
63605,0.9754992081986663
63606,0.9755236967461939
63607,0.975548160817412
63608,0.975572600436785
63609,0.9755970156287522
63610,0.975621406417729
63611,0.975645772828106
63612,0.9756701148842498
63613,0.9756944326105025
63614,0.9757187260311816
63615,0.9757429951705807
63616,0.975767240052969
63617,0.9757914607025913
63618,0.9758156571436681
63619,0.9758398294003962
63620,0.9758639774969475
63621,0.9758881014574703
63622,0.9759122013060885
63623,0.975936277066902
63624,0.9759603287639865
63625,0.9759843564213938
63626,0.9760083600631515
63627,0.9760323397132633
63628,0.9760562953957088
63629,0.9760802271344438
63630,0.9761041349533999
63631,0.9761280188764849
63632,0.9761518789275829
63633,0.9761757151305539
63634,0.976199527509234
63635,0.9762233160874356
63636,0.9762470808889474
63637,0.9762708219375341
63638,0.9762945392569369
63639,0.9763182328708729
63640,0.976341902803036
63641,0.9763655490770959
63642,0.976389171716699
63643,0.976412770745468
63644,0.9764363461870017
63645,0.9764598980648758
63646,0.976483426402642
63647,0.9765069312238287
63648,0.9765304125519408
63649,0.9765538704104596
63650,0.976577304822843
63651,0.9766007158125253
63652,0.9766241034029176
63653,0.9766474676174074
63654,0.976670808479359
63655,0.9766941260121134
63656,0.9767174202389878
63657,0.9767406911832767
63658,0.9767639388682509
63659,0.9767871633171582
63660,0.976810364553223
63661,0.9768335425996466
63662,0.976856697479607
63663,0.976879829216259
63664,0.9769029378327345
63665,0.9769260233521421
63666,0.9769490857975672
63667,0.9769721251920724
63668,0.976995141558697
63669,0.9770181349204574
63670,0.977041105300347
63671,0.9770640527213362
63672,0.9770869772063724
63673,0.97710987877838
63674,0.9771327574602606
63675,0.9771556132748931
63676,0.9771784462451331
63677,0.9772012563938136
63678,0.9772240437437448
63679,0.9772468083177142
63680,0.977269550138486
63681,0.9772922692288024
63682,0.9773149656113823
63683,0.9773376393089221
63684,0.9773602903440957
63685,0.9773829187395539
63686,0.9774055245179251
63687,0.9774281077018152
63688,0.9774506683138074
63689,0.9774732063764623
63690,0.9774957219123179
63691,0.9775182149438898
63692,0.977540685493671
63693,0.9775631335841322
63694,0.9775855592377213
63695,0.977607962476864
63696,0.9776303433239636
63697,0.977652701801401
63698,0.9776750379315345
63699,0.9776973517367005
63700,0.9777196432392126
63701,0.9777419124613623
63702,0.9777641594254189
63703,0.9777863841536294
63704,0.9778085866682185
63705,0.9778307669913887
63706,0.9778529251453204
63707,0.9778750611521717
63708,0.9778971750340786
63709,0.977919266813155
63710,0.9779413365114926
63711,0.9779633841511612
63712,0.9779854097542086
63713,0.9780074133426602
63714,0.9780293949385196
63715,0.9780513545637685
63716,0.9780732922403664
63717,0.9780952079902511
63718,0.9781171018353383
63719,0.9781389737975219
63720,0.9781608238986738
63721,0.9781826521606442
63722,0.9782044586052612
63723,0.9782262432543314
63724,0.9782480061296394
63725,0.978269747252948
63726,0.9782914666459985
63727,0.9783131643305103
63728,0.978334840328181
63729,0.9783564946606865
63730,0.9783781273496813
63731,0.9783997384167981
63732,0.9784213278836479
63733,0.9784428957718202
63734,0.9784644421028829
63735,0.9784859668983822
63736,0.9785074701798431
63737,0.9785289519687688
63738,0.9785504122866411
63739,0.9785718511549203
63740,0.9785932685950454
63741,0.9786146646284336
63742,0.9786360392764811
63743,0.9786573925605626
63744,0.9786787245020313
63745,0.9787000351222191
63746,0.9787213244424369
63747,0.9787425924839737
63748,0.9787638392680976
63749,0.9787850648160555
63750,0.978806269149073
63751,0.9788274522883542
63752,0.9788486142550825
63753,0.9788697550704197
63754,0.9788908747555067
63755,0.9789119733314633
63756,0.9789330508193879
63757,0.978954107240358
63758,0.9789751426154302
63759,0.9789961569656397
63760,0.9790171503120009
63761,0.9790381226755072
63762,0.9790590740771309
63763,0.9790800045378234
63764,0.9791009140785152
63765,0.9791218027201158
63766,0.979142670483514
63767,0.9791635173895774
63768,0.9791843434591531
63769,0.979205148713067
63770,0.9792259331721244
63771,0.9792466968571097
63772,0.9792674397887868
63773,0.9792881619878985
63774,0.979308863475167
63775,0.9793295442712937
63776,0.9793502043969596
63777,0.9793708438728247
63778,0.9793914627195285
63779,0.9794120609576898
63780,0.9794326386079071
63781,0.9794531956907577
63782,0.9794737322267989
63783,0.9794942482365672
63784,0.9795147437405786
63785,0.9795352187593286
63786,0.9795556733132923
63787,0.9795761074229242
63788,0.9795965211086585
63789,0.9796169143909087
63790,0.9796372872900682
63791,0.9796576398265099
63792,0.9796779720205864
63793,0.9796982838926298
63794,0.979718575462952
63795,0.9797388467518446
63796,0.9797590977795789
63797,0.9797793285664059
63798,0.9797995391325565
63799,0.979819729498241
63800,0.97983989968365
63801,0.9798600497089537
63802,0.9798801795943021
63803,0.979900289359825
63804,0.9799203790256322
63805,0.9799404486118135
63806,0.9799604981384383
63807,0.9799805276255563
63808,0.9800005370931969
63809,0.9800205265613696
63810,0.9800404960500639
63811,0.9800604455792493
63812,0.9800803751688753
63813,0.9801002848388713
63814,0.9801201746091474
63815,0.980140044499593
63816,0.9801598945300782
63817,0.980179724720453
63818,0.9801995350905475
63819,0.9802193256601721
63820,0.9802390964491174
63821,0.9802588474771543
63822,0.9802785787640337
63823,0.9802982903294869
63824,0.9803179821932255
63825,0.9803376543749415
63826,0.9803573068943069
63827,0.9803769397709743
63828,0.9803965530245765
63829,0.9804161466747269
63830,0.980435720741019
63831,0.980455275243027
63832,0.9804748102003054
63833,0.980494325632389
63834,0.9805138215587934
63835,0.9805332979990145
63836,0.9805527549725287
63837,0.980572192498793
63838,0.980591610597245
63839,0.9806110092873027
63840,0.9806303885883649
63841,0.9806497485198108
63842,0.9806690891010004
63843,0.9806884103512742
63844,0.9807077122899536
63845,0.9807269949363404
63846,0.9807462583097174
63847,0.9807655024293479
63848,0.980784727314476
63849,0.9808039329843266
63850,0.9808231194581053
63851,0.9808422867549987
63852,0.9808614348941741
63853,0.9808805638947796
63854,0.9808996737759442
63855,0.9809187645567778
63856,0.9809378362563713
63857,0.9809568888937963
63858,0.9809759224881054
63859,0.9809949370583322
63860,0.9810139326234912
63861,0.9810329092025782
63862,0.9810518668145697
63863,0.9810708054784232
63864,0.9810897252130775
63865,0.9811086260374522
63866,0.9811275079704482
63867,0.9811463710309475
63868,0.9811652152378131
63869,0.9811840406098893
63870,0.9812028471660014
63871,0.9812216349249558
63872,0.9812404039055406
63873,0.9812591541265245
63874,0.981277885606658
63875,0.9812965983646723
63876,0.9813152924192803
63877,0.981333967789176
63878,0.981352624493035
63879,0.9813712625495137
63880,0.9803903817273752
63881,0.9804099815457387
63882,0.9804295617740788
63883,0.9804491224319758
63884,0.9804686635389903
63885,0.9804881851146635
63886,0.9805076871785169
63887,0.9805271697500526
63888,0.9805466328487532
63889,0.9805660764940818
63890,0.980585500705482
63891,0.9806049055023781
63892,0.9806242909041748
63893,0.9806436569302576
63894,0.9806630035999925
63895,0.9806823309327262
63896,0.980701638947786
63897,0.9807209276644798
63898,0.9807401971020966
63899,0.9807594472799056
63900,0.980778678217157
63901,0.9807978899330819
63902,0.9808170824468919
63903,0.9808362557777796
63904,0.9808554099449182
63905,0.980874544967462
63906,0.980893660864546
63907,0.9809127576552861
63908,0.980931835358779
63909,0.9809508939941026
63910,0.9809699335803154
63911,0.980988954136457
63912,0.9810079556815481
63913,0.98102693823459
63914,0.9810459018145654
63915,0.9810648464404379
63916,0.981083772131152
63917,0.9811026789056336
63918,0.9811215667827894
63919,0.9811404357815072
63920,0.9811592859206562
63921,0.9811781172190863
63922,0.981196929695629
63923,0.9812157233690967
63924,0.981234498258283
63925,0.9812532543819629
63926,0.9812719917588925
63927,0.9812907104078091
63928,0.9813094103474315
63929,0.9813280915964595
63930,0.9813467541735745
63931,0.980365897847564
63932,0.9803855221375715
63933,0.9804051268130961
63934,0.9804247118937427
63935,0.9804442773990962
63936,0.9804638233487223
63937,0.9804833497621669
63938,0.9805028566589563
63939,0.9805223440585975
63940,0.9805418119805779
63941,0.9805612604443654
63942,0.9805806894694086
63943,0.9806000990751363
63944,0.9806194892809583
63945,0.9806388601062647
63946,0.9806582115704263
63947,0.9806775436927947
63948,0.980696856492702
63949,0.9807161499894609
63950,0.9807354242023649
63951,0.9807546791506884
63952,0.9807739148536861
63953,0.980793131330594
63954,0.9808123286006284
63955,0.9808315066829866
63956,0.9808506655968466
63957,0.9808698053613676
63958,0.9808889259956891
63959,0.9809080275189318
63960,0.9809271099501973
63961,0.9809461733085679
63962,0.9809652176131071
63963,0.9809842428828591
63964,0.9810032491368492
63965,0.9810222363940837
63966,0.9810412046735499
63967,0.9810601539942161
63968,0.9810790843750314
63969,0.9810979958349264
63970,0.9811168883928125
63971,0.9811357620675824
63972,0.9811546168781095
63973,0.9811734528432488
63974,0.9811922699818362
63975,0.9812110683126889
63976,0.9812298478546052
63977,0.9812486086263648
63978,0.9802678503968532
63979,0.9802875726853121
63980,0.9803072752613388
63981,0.9803269581446358
63982,0.980346621354886
63983,0.9803662649117527
63984,0.9803858888348794
63985,0.98040549314389
63986,0.9804250778583888
63987,0.9804446429979606
63988,0.9804641885821705
63989,0.9804837146305642
63990,0.9805032211626675
63991,0.9805227081979871
63992,0.9805421757560101
63993,0.980561623856204
63994,0.980581052518017
63995,0.9806004617608776
63996,0.9806198516041951
63997,0.9806392220673593
63998,0.9806585731697408
63999,0.9806779049306906
64000,0.9806972173695405
64001,0.9807165105056029
64002,0.980735784358171
64003,0.9807550389465186
64004,0.9807742742899004
64005,0.9807934904075517
64006,0.9808126873186885
64007,0.980831865042508
64008,0.9808510235981877
64009,0.9808701630048862
64010,0.9808892832817429
64011,0.9809083844478781
64012,0.9809274665223929
64013,0.9809465295243696
64014,0.9809655734728709
64015,0.9809845983869411
64016,0.9810036042856048
64017,0.9810225911878682
64018,0.9810415591127178
64019,0.9810605080791219
64020,0.9810794381060294
64021,0.9810983492123702
64022,0.9811172414170555
64023,0.9811361147389774
64024,0.9811549691970094
64025,0.9811738048100059
64026,0.9811926215968025
64027,0.981211419576216
64028,0.9812301987670444
64029,0.9812489591880669
64030,0.9812677008580438
64031,0.981286423795717
64032,0.9813051280198092
64033,0.9813238135490248
64034,0.9813424804020492
64035,0.9813611285975494
64036,0.9813797581541736
64037,0.9813983690905512
64038,0.9814169614252933
64039,0.9814355351769922
64040,0.9814540903642216
64041,0.9814726270055367
64042,0.9814911451194742
64043,0.9815096447245522
64044,0.9815281258392703
64045,0.9815465884821096
64046,0.9815650326715328
64047,0.981583458425984
64048,0.9816018657638891
64049,0.9816202547036553
64050,0.9816386252636716
64051,0.9816569774623086
64052,0.9816753113179185
64053,0.9816936268488351
64054,0.981711924073374
64055,0.9817302030098325
64056,0.9817484636764894
64057,0.9817667060916053
64058,0.9817849302734228
64059,0.981803136240166
64060,0.981821324010041
64061,0.9818394936012353
64062,0.9818576450319187
64063,0.9818757783202426
64064,0.9818938934843403
64065,0.981911990542327
64066,0.9819300695122997
64067,0.9819481304123373
64068,0.9819661732605008
64069,0.9819841980748332
64070,0.9820022048733591
64071,0.9820201936740853
64072,0.9820381644950008
64073,0.9820561173540763
64074,0.9820740522692646
64075,0.9820919692585007
64076,0.9821098683397016
64077,0.9821277495307663
64078,0.9821456128495761
64079,0.9821634583139943
64080,0.9821812859418664
64081,0.9821990957510199
64082,0.9822168877592647
64083,0.9822346619843929
64084,0.9822524184441787
64085,0.9822701571563783
64086,0.9822878781387308
64087,0.982305581408957
64088,0.9823232669847601
64089,0.9823409348838258
64090,0.982358585123822
64091,0.9823762177223989
64092,0.9823938326971892
64093,0.9824114300658077
64094,0.9824290098458518
64095,0.9824465720549014
64096,0.9824641167105187
64097,0.9824816438302483
64098,0.9824991534316173
64099,0.9825166455321355
64100,0.9825341201492948
64101,0.9825515773005699
64102,0.9825690170034178
64103,0.9825864392752784
64104,0.982603844133574
64105,0.9826212315957094
64106,0.9826386016790719
64107,0.9826559544010318
64108,0.9826732897789419
64109,0.9826906078301373
64110,0.9827079085719362
64111,0.9827251920216394
64112,0.9827424581965304
64113,0.9827597071138752
64114,0.9827769387909228
64115,0.9827941532449048
64116,0.9828113504930358
64117,0.9828285305525131
64118,0.9828456934405165
64119,0.9828628391742091
64120,0.9828799677707366
64121,0.9828970792472276
64122,0.9829141736207936
64123,0.9819317506586539
64124,0.9819498098783854
64125,0.9819678510479223
64126,0.9819858741853057
64127,0.9820038793085588
64128,0.9820218664356867
64129,0.9820398355846764
64130,0.9820577867734973
64131,0.9820757200201005
64132,0.9820936353424192
64133,0.9821115327583688
64134,0.9821294122858467
64135,0.9821472739427324
64136,0.9821651177468875
64137,0.982182943716156
64138,0.9822007518683638
64139,0.9822185422213189
64140,0.9822363147928118
64141,0.9822540696006151
64142,0.9822718066624836
64143,0.9822895259961543
64144,0.9823072276193465
64145,0.982324911549762
64146,0.9823425778050846
64147,0.9823602264029806
64148,0.9823778573610985
64149,0.9823954706970695
64150,0.9824130664285067
64151,0.9824306445730059
64152,0.9824482051481453
64153,0.9824657481714856
64154,0.9824832736605695
64155,0.9825007816329228
64156,0.9825182721060532
64157,0.9825357450974515
64158,0.9825532006245904
64159,0.9825706387049257
64160,0.9825880593558952
64161,0.9826054625949198
64162,0.9826228484394026
64163,0.9826402169067295
64164,0.9826575680142691
64165,0.9826749017793722
64166,0.9826922182193728
64167,0.9827095173515873
64168,0.9827267991933148
64169,0.9827440637618373
64170,0.9827613110744192
64171,0.9827785411483079
64172,0.9827957540007334
64173,0.9828129496489085
64174,0.982830128110029
64175,0.9828472894012733
64176,0.9828644335398028
64177,0.9828815605427615
64178,0.9828986704272765
64179,0.9829157632104577
64180,0.9829328389093978
64181,0.9829498975411725
64182,0.9829669391228405
64183,0.9829839636714434
64184,0.9830009712040056
64185,0.9830179617375349
64186,0.9830349352890216
64187,0.9830518918754394
64188,0.9830688315137448
64189,0.9830857542208775
64190,0.9831026600137602
64191,0.9831195489092988
64192,0.9831364209243819
64193,0.9831532760758818
64194,0.9831701143806535
64195,0.9821874356056604
64196,0.9822052392682235
64197,0.9822230251360213
64198,0.9822407932268399
64199,0.9822585435584472
64200,0.9822762761485937
64201,0.9822939910150119
64202,0.9823116881754167
64203,0.9823293676475052
64204,0.982347029448957
64205,0.9823646735974338
64206,0.9823823001105798
64207,0.9823999090060215
64208,0.9824175003013678
64209,0.9824350740142099
64210,0.9824526301621218
64211,0.9824701687626595
64212,0.9824876898333614
64213,0.9825051933917489
64214,0.9825226794553253
64215,0.9825401480415769
64216,0.982557599167972
64217,0.982575032851962
64218,0.9825924491109805
64219,0.9826098479624438
64220,0.9826272294237507
64221,0.9826445935122827
64222,0.9826619402454039
64223,0.9826792696404609
64224,0.9826965817147834
64225,0.9827138764856831
64226,0.9827311539704551
64227,0.9827484141863767
64228,0.9827656571507082
64229,0.9827828828806925
64230,0.9828000913935554
64231,0.9828172827065054
64232,0.9828344568367338
64233,0.9828516138014147
64234,0.9828687536177052
64235,0.9828858763027449
64236,0.9829029818736568
64237,0.9829200703475461
64238,0.9829371417415016
64239,0.9829541960725946
64240,0.9829712333578794
64241,0.9829882536143932
64242,0.9830052568591564
64243,0.9830222431091722
64244,0.9830392123814269
64245,0.9830561646928897
64246,0.983073100060513
64247,0.9830900185012321
64248,0.9831069200319655
64249,0.9831238046696148
64250,0.9831406724310645
64251,0.9831575233331824
64252,0.9831743573928194
64253,0.9831911746268096
64254,0.9832079750519702
64255,0.9832247586851017
64256,0.9832415255429877
64257,0.983258275642395
64258,0.9832750090000737
64259,0.9832917256327572
64260,0.9833084255571622
64261,0.9833251087899887
64262,0.9833417753479198
64263,0.983358425247622
64264,0.9833750585057452
64265,0.9833916751389229
64266,0.9834082751637715
64267,0.9834248585968912
64268,0.9834414254548653
64269,0.9834579757542607
64270,0.9834745095116278
64271,0.9834910267435003
64272,0.9835075274663954
64273,0.9835240116968138
64274,0.9835404794512398
64275,0.9835569307461411
64276,0.983573365597969
64277,0.9835897840231584
64278,0.9836061860381278
64279,0.983622571659279
64280,0.9836389409029979
64281,0.9836552937856535
64282,0.9836716303235989
64283,0.9836879505331706
64284,0.9837042544306887
64285,0.9837205420324571
64286,0.9837368133547635
64287,0.9837530684138792
64288,0.9837693072260593
64289,0.9837855298075424
64290,0.9838017361745514
64291,0.9838179263432925
64292,0.9838341003299559
64293,0.9838502581507156
64294,0.9838663998217294
64295,0.983882525359139
64296,0.9838986347790699
64297,0.9839147280976316
64298,0.9839308053309173
64299,0.9839468664950043
64300,0.9839629116059538
64301,0.983978940679811
64302,0.9839949537326047
64303,0.9830114505304732
64304,0.9830284305899131
64305,0.9830453936777792
64306,0.9830623398110349
64307,0.983079269006626
64308,0.9830961812814819
64309,0.9831130766525149
64310,0.9831299551366204
64311,0.9831468167506767
64312,0.9831636615115457
64313,0.9831804894360718
64314,0.9831973005410832
64315,0.983214094843391
64316,0.9832308723597893
64317,0.9832476331070559
64318,0.9832643771019514
64319,0.9832811043612197
64320,0.9832978149015883
64321,0.9833145087397677
64322,0.9833311858924516
64323,0.9833478463763172
64324,0.9833644902080251
64325,0.983381117404219
64326,0.9833977279815261
64327,0.9834143219565571
64328,0.9834308993459059
64329,0.9834474601661498
64330,0.9834640044338498
64331,0.9834805321655501
64332,0.9834970433777784
64333,0.983513538087046
64334,0.9835300163098476
64335,0.9835464780626614
64336,0.9835629233619491
64337,0.983579352224156
64338,0.9835957646657111
64339,0.9836121607030267
64340,0.9826290401026239
64341,0.9826464023813819
64342,0.9826637473065379
64343,0.982681074895437
64344,0.9826983851654065
64345,0.9827156781337569
64346,0.9827329538177811
64347,0.9827502122347549
64348,0.9827674534019365
64349,0.9827846773365673
64350,0.9828018840558711
64351,0.9818195733271796
64352,0.981837744668182
64353,0.9818558978469244
64354,0.9818740328815602
64355,0.9818921497902243
64356,0.9819102485910337
64357,0.9819283293020872
64358,0.9819463919414654
64359,0.981964436527231
64360,0.9819824630774286
64361,0.9820004716100849
64362,0.9820184621432082
64363,0.9820364346947892
64364,0.9820543892828004
64365,0.9820723259251964
64366,0.9820902446399139
64367,0.9821081454448715
64368,0.98212602835797
64369,0.9821438933970925
64370,0.982161740580104
64371,0.9821795699248514
64372,0.9821973814491645
64373,0.9822151751708544
64374,0.9822329511077151
64375,0.9822507092775226
64376,0.9822684496980347
64377,0.9822861723869922
64378,0.9823038773621177
64379,0.9823215646411161
64380,0.9823392342416747
64381,0.9823568861814631
64382,0.9823745204781333
64383,0.9823921371493196
64384,0.9814102359627636
64385,0.9814288164365639
64386,0.9814473783391761
64387,0.9814659216891619
64388,0.9814844465050648
64389,0.9815029528054096
64390,0.9815214406087025
64391,0.9815399099334314
64392,0.9815583607980657
64393,0.9815767932210562
64394,0.9815952072208353
64395,0.9816136028158169
64396,0.9816319800243968
64397,0.9816503388649521
64398,0.9816686793558417
64399,0.981687001515406
64400,0.9817053053619673
64401,0.9817235909138294
64402,0.9817418581892778
64403,0.9817601072065799
64404,0.9817783379839846
64405,0.9807970502898478
64406,0.9808162436428814
64407,0.9808354178121539
64408,0.9808545728168394
64409,0.9808737086760929
64410,0.9808928254090503
64411,0.9809119230348283
64412,0.9809310015725247
64413,0.9809500610412178
64414,0.9809691014599673
64415,0.9809881228478134
64416,0.9810071252237776
64417,0.9810261086068623
64418,0.9810450730160509
64419,0.9810640184703078
64420,0.9810829449885783
64421,0.9811018525897891
64422,0.9811207412928478
64423,0.981139611116643
64424,0.9811584620800448
64425,0.9811772942019038
64426,0.9811961075010524
64427,0.9812149019963037
64428,0.9812336777064523
64429,0.9812524346502739
64430,0.9812711728465255
64431,0.9812898923139453
64432,0.9813085930712526
64433,0.9813272751371485
64434,0.9813459385303147
64435,0.9813645832694149
64436,0.9813832093730936
64437,0.9814018168599771
64438,0.9814204057486727
64439,0.9814389760577695
64440,0.9814575278058377
64441,0.9814760610114291
64442,0.9814945756930769
64443,0.9815130718692957
64444,0.9815315495585818
64445,0.9815500087794128
64446,0.9815684495502479
64447,0.981586871889528
64448,0.9816052758156754
64449,0.981623661347094
64450,0.9816420285021694
64451,0.9816603772992687
64452,0.9816787077567407
64453,0.9816970198929159
64454,0.9817153137261064
64455,0.9817335892746061
64456,0.9817518465566905
64457,0.9817700855906168
64458,0.9817883063946242
64459,0.9818065089869334
64460,0.9818246933857471
64461,0.9818428596092496
64462,0.9808615074257321
64463,0.9808806363538423
64464,0.980899746162584
64465,0.9809188368710672
64466,0.9809379084983825
64467,0.9809569610636015
64468,0.9809759945857769
64469,0.980995009083942
64470,0.9810140045771115
64471,0.9810329810842808
64472,0.9810519386244265
64473,0.9810708772165061
64474,0.9810897968794581
64475,0.9811086976322022
64476,0.9811275794936393
64477,0.9811464424826511
64478,0.9811652866181008
64479,0.9811841119188323
64480,0.981202918403671
64481,0.9812217060914235
64482,0.9812404750008773
64483,0.9812592251508014
64484,0.9812779565599461
64485,0.9812966692470426
64486,0.9813153632308037
64487,0.9813340385299233
64488,0.9813526951630768
64489,0.9813713331489208
64490,0.9813899525060933
64491,0.9814085532532136
64492,0.9814271354088826
64493,0.9814456989916823
64494,0.9814642440201764
64495,0.9814827705129099
64496,0.9805017782385341
64497,0.9805212667160569
64498,0.9805407357148415
64499,0.9805601852543568
64500,0.9805796153540527
64501,0.980599026033359
64502,0.9806184173116865
64503,0.9806377892084265
64504,0.9806571417429508
64505,0.9806764749346121
64506,0.9806957888027434
64507,0.9807150833666587
64508,0.9807343586456525
64509,0.9807536146590001
64510,0.9807728514259576
64511,0.9807920689657618
64512,0.98081126729763
64513,0.9808304464407608
64514,0.9808496064143333
64515,0.9808687472375074
64516,0.9808878689294239
64517,0.9809069715092046
64518,0.980926054995952
64519,0.9809451194087496
64520,0.9809641647666619
64521,0.9809831910887342
64522,0.9810021983939928
64523,0.9810211867014451
64524,0.9810401560300793
64525,0.9810591063988648
64526,0.9810780378267521
64527,0.9810969503326723
64528,0.9811158439355382
64529,0.9811347186542433
64530,0.9811535745076624
64531,0.9811724115146512
64532,0.9811912296940468
64533,0.9812100290646675
64534,0.9812288096453124
64535,0.9812475714547624
64536,0.9812663145117791
64537,0.9812850388351056
64538,0.9813037444434664
64539,0.9813224313555668
64540,0.981341099590094
64541,0.9813597491657161
64542,0.9813783801010827
64543,0.9813969924148247
64544,0.9814155861255545
64545,0.9814341612518658
64546,0.9814527178123337
64547,0.9814712558255148
64548,0.9814897753099471
64549,0.98150827628415
64550,0.9815267587666247
64551,0.9815452227758534
64552,0.9815636683303004
64553,0.981582095448411
64554,0.9816005041486126
64555,0.9816188944493136
64556,0.9816372663689045
64557,0.9806561196758821
64558,0.9806754538890996
64559,0.9806947687777662
64560,0.9807140643611967
64561,0.9807333406586868
64562,0.9807525976895127
64563,0.9807718354729315
64564,0.9807910540281809
64565,0.9808102533744796
64566,0.9808294335310268
64567,0.9808485945170028
64568,0.9808677363515685
64569,0.9808868590538659
64570,0.9809059626430174
64571,0.9809250471381269
64572,0.9809441125582787
64573,0.9809631589225384
64574,0.9809821862499521
64575,0.9810011945595474
64576,0.9810201838703324
64577,0.9810391542012966
64578,0.9810581055714103
64579,0.9810770379996248
64580,0.9810959515048725
64581,0.981114846106067
64582,0.9811337218221029
64583,0.9811525786718559
64584,0.9811714166741828
64585,0.9811902358479218
64586,0.9812090362118918
64587,0.9812278177848934
64588,0.9812465805857081
64589,0.9812653246330987
64590,0.9812840499458092
64591,0.981302756542565
64592,0.9813214444420727
64593,0.9813401136630201
64594,0.9813587642240765
64595,0.9813773961438925
64596,0.9813960094411001
64597,0.9814146041343124
64598,0.9814331802421241
64599,0.9814517377831115
64600,0.981470276775832
64601,0.9814887972388247
64602,0.98150729919061
64603,0.9815257826496898
64604,0.9815442476345477
64605,0.9815626941636486
64606,0.981581122255439
64607,0.9815995319283471
64608,0.9816179232007826
64609,0.9816362960911366
64610,0.9816546506177821
64611,0.9816729867990737
64612,0.9816913046533474
64613,0.9817096041989213
64614,0.9817278854540947
64615,0.9817461484371491
64616,0.9817643931663473
64617,0.9817826196599342
64618,0.9818008279361361
64619,0.9818190180131614
64620,0.9818371899092002
64621,0.9818553436424244
64622,0.9818734792309878
64623,0.9818915966930257
64624,0.9819096960466559
64625,0.9819277773099776
64626,0.981945840501072
64627,0.9819638856380025
64628,0.9819819127388141
64629,0.981999921821534
64630,0.9820179129041711
64631,0.9820358860047166
64632,0.9820538411411437
64633,0.9820717783314075
64634,0.982089697593445
64635,0.9821075989451757
64636,0.9821254824045009
64637,0.982143347989304
64638,0.9821611957174506
64639,0.9821790256067885
64640,0.9821968376751475
64641,0.9822146319403398
64642,0.9822324084201595
64643,0.9822501671323832
64644,0.9822679080947696
64645,0.9822856313250596
64646,0.9823033368409766
64647,0.982321024660226
64648,0.9823386948004956
64649,0.9823563472794556
64650,0.9823739821147586
64651,0.9823915993240392
64652,0.9824091989249147
64653,0.9824267809349848
64654,0.9824443453718315
64655,0.982461892253019
64656,0.9824794215960945
64657,0.9824969334185871
64658,0.9825144277380088
64659,0.9825319045718539
64660,0.9825493639375992
64661,0.9825668058527041
64662,0.9825842303346104
64663,0.9826016374007427
64664,0.982619027068508
64665,0.9826363993552961
64666,0.9826537542784792
64667,0.9826710918554122
64668,0.9826884121034328
64669,0.9827057150398611
64670,0.9827230006820002
64671,0.9827402690471356
64672,0.9827575201525358
64673,0.9827747540154518
64674,0.9827919706531175
64675,0.9828091700827496
64676,0.9828263523215475
64677,0.9828435173866934
64678,0.9828606652953524
64679,0.9828777960646724
64680,0.9828949097117842
64681,0.9829120062538014
64682,0.9829290857078206
64683,0.9829461480909212
64684,0.9829631934201656
64685,0.9829802217125992
64686,0.9829972329852503
64687,0.9830142272551301
64688,0.9830312045392329
64689,0.9830481648545359
64690,0.9830651082179996
64691,0.9830820346465674
64692,0.9830989441571656
64693,0.9831158367667037
64694,0.9831327124920742
64695,0.9831495713501531
64696,0.9831664133577992
64697,0.9831832385318544
64698,0.9832000468891439
64699,0.983216838446476
64700,0.9832336132206424
64701,0.9832503712284179
64702,0.9832671124865604
64703,0.9832838370118112
64704,0.9833005448208949
64705,0.9833172359305192
64706,0.9833339103573753
64707,0.9833505681181375
64708,0.9833672092294636
64709,0.9833838337079949
64710,0.9834004415703557
64711,0.983417032833154
64712,0.9834336075129809
64713,0.9834501656264112
64714,0.983466707190003
64715,0.9834832322202978
64716,0.9834997407338207
64717,0.9835162327470803
64718,0.9835327082765685
64719,0.9835491673387609
64720,0.9835656099501164
64721,0.9835820361270778
64722,0.9835984458860713
64723,0.9836148392435065
64724,0.9836312162157768
64725,0.9836475768192593
64726,0.9836639210703145
64727,0.9836802489852867
64728,0.9836965605805038
64729,0.9837128558722774
64730,0.9837291348769028
64731,0.983745397610659
64732,0.9837616440898088
64733,0.9837778743305986
64734,0.9837940883492586
64735,0.9838102861620031
64736,0.9838264677850296
64737,0.9838426332345198
64738,0.9838587825266393
64739,0.9838749156775372
64740,0.9838910327033467
64741,0.9839071336201849
64742,0.9839232184441528
64743,0.983939287191335
64744,0.9839553398778005
64745,0.9839713765196018
64746,0.9839873971327756
64747,0.9840034017333426
64748,0.9840193903373072
64749,0.9840353629606583
64750,0.9840513196193683
64751,0.984067260329394
64752,0.9840831851066759
64753,0.984099093967139
64754,0.9841149869266921
64755,0.9841308640012281
64756,0.9841467252066242
64757,0.9841625705587415
64758,0.9841784000734254
64759,0.9841942137665054
64760,0.9842100116537953
64761,0.9842257937510929
64762,0.9832420598243052
64763,0.9832588093896982
64764,0.9832755422138965
64765,0.9832922583136326
64766,0.983308957705623
64767,0.9833256404065669
64768,0.983342306433147
64769,0.9833589558020295
64770,0.9833755885298635
64771,0.9833922046332819
64772,0.9834088041289009
64773,0.9824258867834447
64774,0.982443452113996
64775,0.982460999887995
64776,0.9824785301229895
64777,0.9824960428365097
64778,0.9825135380460684
64779,0.9825310157691608
64780,0.9825484760232646
64781,0.98256591882584
64782,0.9825833441943299
64783,0.9826007521461597
64784,0.9826181426987373
64785,0.9826355158694532
64786,0.9826528716756806
64787,0.9826702101347754
64788,0.9826875312640759
64789,0.9827048350809034
64790,0.9827221216025617
64791,0.9827393908463372
64792,0.9827566428294993
64793,0.9827738775692999
64794,0.9827910950829738
64795,0.9828082953877384
64796,0.9828254785007942
64797,0.9828426444393241
64798,0.9828597932204942
64799,0.9828769248614533
64800,0.9828940393793328
64801,0.9829111367912475
64802,0.9829282171142948
64803,0.9829452803655548
64804,0.982962326562091
64805,0.9829793557209495
64806,0.9829963678591594
64807,0.983013362993733
64808,0.9830303411416653
64809,0.9830473023199345
64810,0.9830642465455018
64811,0.9830811738353115
64812,0.9830980842062906
64813,0.9831149776753498
64814,0.9831318542593824
64815,0.9831487139752652
64816,0.9831655568398576
64817,0.9831823828700027
64818,0.9831991920825265
64819,0.9832159844942381
64820,0.98323276012193
64821,0.9832495189823778
64822,0.9832662610923404
64823,0.9832829864685599
64824,0.9823001948778868
64825,0.9823178858375291
64826,0.9823355591150528
64827,0.9823532147281312
64828,0.9823708526944199
64829,0.982388473031557
64830,0.9824060757571627
64831,0.9824236608888397
64832,0.9824412284441731
64833,0.9824587784407307
64834,0.9824763108960624
64835,0.9824938258277005
64836,0.98251132325316
64837,0.9825288031899385
64838,0.9825462656555158
64839,0.9825637106673544
64840,0.9825811382428993
64841,0.982598548399578
64842,0.9826159411548009
64843,0.9826333165259605
64844,0.9826506745304323
64845,0.9826680151855743
64846,0.9826853385087272
64847,0.9827026445172142
64848,0.9827199332283415
64849,0.9827372046593976
64850,0.9827544588276541
64851,0.98177219550049
64852,0.981790414195642
64853,0.9818086146812035
64854,0.9818267969753752
64855,0.9818449610963393
64856,0.98186310706226
64857,0.9818812348912832
64858,0.9818993446015368
64859,0.9819174362111305
64860,0.9819355097381558
64861,0.9819535652006863
64862,0.9819716026167776
64863,0.981989622004467
64864,0.9820076233817739
64865,0.9820256067666997
64866,0.9820435721772277
64867,0.9820615196313235
64868,0.9820794491469343
64869,0.9820973607419898
64870,0.9821152544344016
64871,0.9821331302420634
64872,0.982150988182851
64873,0.9821688282746223
64874,0.9821866505352174
64875,0.9822044549824586
64876,0.9822222416341503
64877,0.9822400105080792
64878,0.9822577616220142
64879,0.9822754949937063
64880,0.9822932106408889
64881,0.9823109085812778
64882,0.9823285888325709
64883,0.9823462514124484
64884,0.9823638963385728
64885,0.9823815236285892
64886,0.9823991333001248
64887,0.9824167253707894
64888,0.9824342998581749
64889,0.9824518567798559
64890,0.9824693961533892
64891,0.9824869179963144
64892,0.9825044223261531
64893,0.9825219091604098
64894,0.9825393785165714
64895,0.9825568304121071
64896,0.9825742648644687
64897,0.9825916818910909
64898,0.9826090815093906
64899,0.9826264637367675
64900,0.9826438285906038
64901,0.9826611760882644
64902,0.9826785062470967
64903,0.9826958190844309
64904,0.9827131146175799
64905,0.9827303928638392
64906,0.982747653840487
64907,0.9827648975647844
64908,0.982782124053975
64909,0.9827993333252854
64910,0.9828165253959248
64911,0.9828337002830853
64912,0.9828508580039418
64913,0.982867998575652
64914,0.9828851220153565
64915,0.9829022283401787
64916,0.9829193175672251
64917,0.9829363897135847
64918,0.9829534447963297
64919,0.9829704828325153
64920,0.9829875038391794
64921,0.9830045078333431
64922,0.9830214948320105
64923,0.9830384648521684
64924,0.9830554179107869
64925,0.9830723540248191
64926,0.9830892732112011
64927,0.9831061754868521
64928,0.9831230608686743
64929,0.9831399293735532
64930,0.9831567810183572
64931,0.9831736158199381
64932,0.9831904337951306
64933,0.9832072349607527
64934,0.9832240193336055
64935,0.9832407869304735
64936,0.9832575377681242
64937,0.9832742718633085
64938,0.9832909892327605
64939,0.9833076898931975
64940,0.9833243738613202
64941,0.9833410411538126
64942,0.983357691787342
64943,0.9833743257785591
64944,0.9833909431440978
64945,0.9834075439005755
64946,0.9834241280645929
64947,0.9834406956527342
64948,0.983457246681567
64949,0.9824742809177673
64950,0.9824917978783693
64951,0.9825092973307648
64952,0.9825267792924531
64953,0.9825442437809164
64954,0.9825616908136191
64955,0.9825791204080083
64956,0.9825965325815136
64957,0.9826139273515471
64958,0.9826313047355035
64959,0.9826486647507604
64960,0.9826660074146777
64961,0.9826833327445981
64962,0.9827006407578468
64963,0.982717931471732
64964,0.9827352049035444
64965,0.9827524610705574
64966,0.9827696999900271
64967,0.9827869216791925
64968,0.9828041261552752
64969,0.9828213134354798
64970,0.9828384835369937
64971,0.9828556364769867
64972,0.9828727722726119
64973,0.9828898909410051
64974,0.9829069924992849
64975,0.982924076964553
64976,0.9829411443538938
64977,0.9829581946843746
64978,0.9829752279730459
64979,0.982992244236941
64980,0.983009243493076
64981,0.9830262257584502
64982,0.983043191050046
64983,0.9830601393848286
64984,0.9830770707797464
64985,0.9830939852517306
64986,0.9831108828176959
64987,0.9831277634945398
64988,0.983144627299143
64989,0.9831614742483692
64990,0.9831783043590655
64991,0.9831951176480619
64992,0.9832119141321718
64993,0.9832286938281916
64994,0.983245456752901
64995,0.983262202923063
64996,0.9832789323554237
64997,0.9832956450667126
64998,0.9823128408237674
64999,0.9823305191437836
65000,0.9823481797943145
65001,0.9823658227930209
65002,0.9823834481575456
65003,0.9824010559055141
65004,0.9824186460545341
65005,0.9824362186221958
65006,0.9824537736260717
65007,0.9824713110837168
65008,0.9824888310126686
65009,0.982506333430447
65010,0.9825238183545545
65011,0.982541285802476
65012,0.982558735791679
65013,0.9825761683396134
65014,0.9825935834637117
65015,0.9826109811813892
65016,0.9826283615100435
65017,0.982645724467055
65018,0.9826630700697866
65019,0.982680398335584
65020,0.9826977092817752
65021,0.9827150029256715
65022,0.9827322792845664
65023,0.9827495383757363
65024,0.9827667802164403
65025,0.98278400482392
65026,0.9828012122154004
65027,0.9828184024080887
65028,0.9828355754191751
65029,0.9828527312658326
65030,0.9828698699652171
65031,0.9828869915344672
65032,0.9829040959907046
65033,0.9829211833510337
65034,0.982938253632542
65035,0.9829553068522995
65036,0.9829723430273597
65037,0.9829893621747586
65038,0.9830063643115154
65039,0.9830233494546323
65040,0.9830403176210945
65041,0.9830572688278699
65042,0.9830742030919101
65043,0.983091120430149
65044,0.9831080208595042
65045,0.983124904396876
65046,0.983141771059148
65047,0.9831586208631868
65048,0.9831754538258424
65049,0.9831922699639475
65050,0.9832090692943184
65051,0.9832258518337543
65052,0.983242617599038
65053,0.983259366606935
65054,0.9832760988741944
65055,0.9832928144175486
65056,0.983309513253713
65057,0.9833261953993864
65058,0.983342860871251
65059,0.9833595096859724
65060,0.9833761418601993
65061,0.9833927574105639
65062,0.9834093563536818
65063,0.9834259387061518
65064,0.9834425044845565
65065,0.9834590537054615
65066,0.9834755863854161
65067,0.9834921025409529
65068,0.9835086021885882
65069,0.9835250853448214
65070,0.9835415520261359
65071,0.9835580022489984
65072,0.983574436029859
65073,0.9835908533851514
65074,0.9836072543312931
65075,0.9836236388846852
65076,0.983640007061712
65077,0.9836563588787417
65078,0.9836726943521262
65079,0.983689013498201
65080,0.9837053163332853
65081,0.9837216028736818
65082,0.9837378731356772
65083,0.9837541271355416
65084,0.9837703648895291
65085,0.9837865864138774
65086,0.983802791724808
65087,0.9838189808385264
65088,0.9838351537712215
65089,0.9838513105390664
65090,0.9838674511582177
65091,0.9838835756448162
65092,0.9838996840149863
65093,0.9839157762848364
65094,0.9839318524704588
65095,0.9839479125879296
65096,0.9839639566533089
65097,0.9839799846826409
65098,0.9839959966919536
65099,0.984011992697259
65100,0.9840279727145531
65101,0.9840439367598159
65102,0.9840598848490115
65103,0.984075816998088
65104,0.9840917332229775
65105,0.9841076335395962
65106,0.9841235179638445
65107,0.9841393865116067
65108,0.9841552391987515
65109,0.9841710760411315
65110,0.9841868970545836
65111,0.9842027022549289
65112,0.9842184916579725
65113,0.9842342652795038
65114,0.9842500231352963
65115,0.9842657652411081
65116,0.9842814916126812
65117,0.984297202265742
65118,0.9843128972160011
65119,0.9843285764791535
65120,0.9843442400708785
65121,0.9843598880068396
65122,0.9843755203026848
65123,0.9843911369740465
65124,0.9844067380365411
65125,0.98442232350577
65126,0.9844378933973185
65127,0.9844534477267565
65128,0.9844689865096383
65129,0.9844845097615027
65130,0.984500017497873
65131,0.9845155097342569
65132,0.9845309864861468
65133,0.9845464477690192
65134,0.9845618935983356
65135,0.9845773239895417
65136,0.9845927389580679
65137,0.9846081385193292
65138,0.9846235226887251
65139,0.98463889148164
65140,0.9846542449134424
65141,0.9846695829994859
65142,0.9846849057551086
65143,0.9847002131956332
65144,0.9847155053363672
65145,0.9847307821926027
65146,0.9847460437796166
65147,0.9847612901126704
65148,0.9847765212070106
65149,0.9847917370778682
65150,0.984806937740459
65151,0.9848221232099837
65152,0.984837293501628
65153,0.9848524486305619
65154,0.9848675886119406
65155,0.9848827134609042
65156,0.9848978231925775
65157,0.9849129178220701
65158,0.9849279973644769
65159,0.9849430618348772
65160,0.9849581112483357
65161,0.9849731456199016
65162,0.9849881649646093
65163,0.9850031692974782
65164,0.9850181586335127
65165,0.9850331329877021
65166,0.9850480923750208
65167,0.9850630368104281
65168,0.9850779663088685
65169,0.9850928808852714
65170,0.9851077805545514
65171,0.9841231650817333
65172,0.9841390339822013
65173,0.9841548870216993
65174,0.9841707242160804
65175,0.9841865455811818
65176,0.9842023511328248
65177,0.984218140886815
65178,0.9842339148589422
65179,0.9842496730649802
65180,0.9832659152708123
65181,0.9832826409926806
65182,0.9832993499971857
65183,0.9833160423010366
65184,0.9833327179209257
65185,0.9833493768735284
65186,0.9833660191755039
65187,0.9833826448434945
65188,0.9833992538941256
65189,0.9834158463440066
65190,0.9834324222097297
65191,0.9834489815078709
65192,0.9834655242549895
65193,0.9834820504676282
65194,0.9834985601623132
65195,0.9835150533555542
65196,0.9835315300638445
65197,0.9835479903036608
65198,0.9835644340914632
65199,0.9835808614436956
65200,0.9835972723767854
65201,0.9826141666572684
65202,0.9826315438020388
65203,0.9826489035783486
65204,0.9826662460035576
65205,0.9826835710950083
65206,0.9827008788700258
65207,0.9817186690960428
65208,0.9817369412908493
65209,0.9817551952225926
65210,0.9817734309095265
65211,0.9817916483698869
65212,0.9818098476218909
65213,0.9818280286837381
65214,0.9818461915736094
65215,0.9818643363096677
65216,0.9818824629100579
65217,0.9819005713929064
65218,0.9819186617763218
65219,0.9819367340783944
65220,0.9819547883171966
65221,0.9819728245107826
65222,0.9809913424273136
65223,0.9810103415853072
65224,0.9810293217536378
65225,0.9810482829512853
65226,0.9810672251972111
65227,0.9810861485103574
65228,0.9811050529096473
65229,0.9811239384139855
65230,0.9811428050422574
65231,0.9811616528133296
65232,0.9811804817460499
65233,0.9811992918592473
65234,0.9812180831717318
65235,0.9812368557022948
65236,0.9812556094697088
65237,0.9812743444927275
65238,0.9812930607900862
65239,0.9813117583805009
65240,0.9813304372826693
65241,0.9813490975152703
65242,0.9813677390969642
65243,0.9813863620463925
65244,0.9814049663821782
65245,0.9814235521229256
65246,0.9814421192872206
65247,0.9814606678936302
65248,0.981479197960703
65249,0.9814977095069692
65250,0.9815162025509403
65251,0.9815346771111093
65252,0.9815531332059508
65253,0.9815715708539209
65254,0.9815899900734572
65255,0.9816083908829789
65256,0.981626773300887
65257,0.9816451373455638
65258,0.9816634830353733
65259,0.9816818103886613
65260,0.9817001194237551
65261,0.9817184101589638
65262,0.981736682612578
65263,0.9817549368028702
65264,0.9817731727480947
65265,0.9817913904664874
65266,0.9818095899762661
65267,0.9818277712956301
65268,0.9818459344427609
65269,0.9818640794358217
65270,0.9818822062929573
65271,0.9819003150322947
65272,0.9819184056719426
65273,0.9819364782299916
65274,0.9819545327245144
65275,0.9819725691735653
65276,0.981990587595181
65277,0.9820085880073797
65278,0.9820265704281619
65279,0.98204453487551
65280,0.9820624813673886
65281,0.9820804099217441
65282,0.9820983205565049
65283,0.9821162132895819
65284,0.9821340881388676
65285,0.982151945122237
65286,0.9821697842575471
65287,0.982187605562637
65288,0.9822054090553279
65289,0.9822231947534236
65290,0.9822409626747095
65291,0.9822587128369537
65292,0.9822764452579062
65293,0.9822941599552997
65294,0.9823118569468486
65295,0.9823295362502501
65296,0.9823471978831834
65297,0.9823648418633101
65298,0.9823824682082742
65299,0.9824000769357023
65300,0.9824176680632029
65301,0.982435241608367
65302,0.9824527975887685
65303,0.9824703360219631
65304,0.9824878569254893
65305,0.9825053603168682
65306,0.982522846213603
65307,0.9825403146331796
65308,0.9825577655930665
65309,0.9825751991107147
65310,0.9815931149536825
65311,0.9816115126398858
65312,0.9816298919375971
65313,0.9816482528651956
65314,0.9816665954410425
65315,0.9816849196834803
65316,0.9817032256108331
65317,0.981721513241407
65318,0.9817397825934896
65319,0.9817580336853502
65320,0.9817762665352399
65321,0.9817944811613916
65322,0.9818126775820198
65323,0.9818308558153211
65324,0.9818490158794737
65325,0.9818671577926377
65326,0.9818852815729548
65327,0.9819033872385491
65328,0.981921474807526
65329,0.9819395442979733
65330,0.9819575957279603
65331,0.9819756291155385
65332,0.9819936444787414
65333,0.9820116418355842
65334,0.9820296212040643
65335,0.9820475826021612
65336,0.9820655260478361
65337,0.9820834515590328
65338,0.9821013591536764
65339,0.9821192488496747
65340,0.9821371206649174
65341,0.9821549746172763
65342,0.9821728107246054
65343,0.9821906290047407
65344,0.9822084294755006
65345,0.9822262121546855
65346,0.9822439770600782
65347,0.9822617242094434
65348,0.9822794536205284
65349,0.9822971653110626
65350,0.9823148592987577
65351,0.9823325356013077
65352,0.9823501942363889
65353,0.9823678352216599
65354,0.9823854585747617
65355,0.9824030643133176
65356,0.9814211522050584
65357,0.9814397217680718
65358,0.9814582727708023
65359,0.981476805231801
65360,0.9814953191696003
65361,0.9815138146027141
65362,0.981532291549638
65363,0.9815507500288487
65364,0.9815691900588049
65365,0.9815876116579466
65366,0.9816060148446953
65367,0.9816243996374543
65368,0.9816427660546082
65369,0.9816611141145236
65370,0.9816794438355486
65371,0.9816977552360129
65372,0.9817160483342278
65373,0.9807348228986114
65374,0.980754078447938
65375,0.9807733147513384
65376,0.9807925318280487
65377,0.980811729697286
65378,0.9808309083782483
65379,0.9808500678901141
65380,0.980869208252043
65381,0.9808883294831754
65382,0.9809074316026325
65383,0.9809265146295164
65384,0.9809455785829102
65385,0.9809646234818779
65386,0.9809836493454642
65387,0.9810026561926951
65388,0.9810216440425775
65389,0.9810406129140992
65390,0.981059562826229
65391,0.9810784937979169
65392,0.9810974058480939
65393,0.981116298995672
65394,0.9811351732595444
65395,0.9811540286585853
65396,0.9811728652116501
65397,0.9811916829375755
65398,0.9812104818551791
65399,0.9812292619832599
65400,0.9812480233405979
65401,0.9812667659459546
65402,0.9812854898180726
65403,0.9813041949756758
65404,0.9813228814374693
65405,0.9813415492221395
65406,0.9813601983483542
65407,0.9813788288347627
65408,0.9813974406999953
65409,0.981416033962664
65410,0.981434608641362
65411,0.981453164754664
65412,0.9814717023211261
65413,0.9814902213592859
65414,0.9815087218876624
65415,0.9815272039247561
65416,0.9815456674890493
65417,0.9815641125990052
65418,0.9815825392730692
65419,0.9816009475296678
65420,0.9816193373872093
65421,0.9816377088640836
65422,0.9816560619786623
65423,0.9816743967492984
65424,0.9816927131943265
65425,0.9817110113320633
65426,0.9817292911808069
65427,0.9817475527588371
65428,0.9817657960844155
65429,0.9817840211757854
65430,0.981802228051172
65431,0.9818204167287821
65432,0.9818385872268043
65433,0.9818567395634091
65434,0.9818748737567491
65435,0.9818929898249582
65436,0.9819110877861527
65437,0.9819291676584304
65438,0.9819472294598712
65439,0.981965273208537
65440,0.9819832989224715
65441,0.9820013066197004
65442,0.9820192963182315
65443,0.9820372680360543
65444,0.9820552217911407
65445,0.9820731576014444
65446,0.9820910754849013
65447,0.9821089754594291
65448,0.982126857542928
65449,0.9821447217532798
65450,0.982162568108349
65451,0.9821803966259819
65452,0.9821982073240069
65453,0.9822160002202347
65454,0.9822337753324584
65455,0.9822515326784529
65456,0.9822692722759757
65457,0.9822869941427663
65458,0.9823046982965467
65459,0.9823223847550209
65460,0.9823400535358754
65461,0.981358204406904
65462,0.9813768368862574
65463,0.980395950492568
65464,0.9804155447449493
65465,0.9804351194128704
65466,0.9804546745159061
65467,0.9804742100736114
65468,0.9804937261055218
65469,0.9805132226311535
65470,0.9805326996700029
65471,0.9805521572415471
65472,0.9805715953652437
65473,0.9805910140605308
65474,0.9806104133468272
65475,0.980629793243532
65476,0.9806491537700253
65477,0.9806684949456674
65478,0.9806878167897997
65479,0.9807071193217439
65480,0.9807264025608027
65481,0.9807456665262592
65482,0.9807649112373773
65483,0.9807841367134019
65484,0.9808033429735584
65485,0.9808225300370531
65486,0.9808416979230731
65487,0.9808608466507861
65488,0.9808799762393411
65489,0.9808990867078675
65490,0.9799186778256008
65491,0.979938749112132
65492,0.9799588003374072
65493,0.9799788315214778
65494,0.9799988426843749
65495,0.9800188338461097
65496,0.9800388050266733
65497,0.9800587562460369
65498,0.9800786875241518
65499,0.9800985988809493
65500,0.9801184903363407
65501,0.9801383619102174
65502,0.980158213622451
65503,0.9801780454928933
65504,0.9801978575413762
65505,0.9802176497877116
65506,0.980237422251692
65507,0.9802571749530896
65508,0.9802769079116572
65509,0.9802966211471278
65510,0.9803163146792147
65511,0.9803359885276113
65512,0.9803556427119915
65513,0.9803752772520095
65514,0.9803948921672998
65515,0.9804144874774774
65516,0.9804340632021376
65517,0.9804536193608561
65518,0.9804731559731891
65519,0.9804926730586732
65520,0.9805121706368254
65521,0.9805316487271434
65522,0.9805511073491052
65523,0.9805705465221696
65524,0.9805899662657755
65525,0.980609366599343
65526,0.9806287475422721
65527,0.9806481091139441
65528,0.9806674513337202
65529,0.9806867742209429
65530,0.9807060777949349
65531,0.9807253620749999
65532,0.9807446270804222
65533,0.9807638728304667
65534,0.9807830993443793
65535,0.9808023066413865
65536,0.9808214947406955
65537,0.9808406636614944
65538,0.9808598134229521
65539,0.9808789440442186
65540,0.9808980555444243
65541,0.9809171479426808
65542,0.9809362212580804
65543,0.9809552755096965
65544,0.9809743107165834
65545,0.9809933268977762
65546,0.9810123240722911
65547,0.9810313022591254
65548,0.9810502614772572
65549,0.9810692017456457
65550,0.9810881230832312
65551,0.9811070255089351
65552,0.9811259090416599
65553,0.9811447737002889
65554,0.9811636195036869
65555,0.9811824464706997
65556,0.9812012546201543
65557,0.9812200439708588
65558,0.9812388145416026
65559,0.9812575663511561
65560,0.9812762994182714
65561,0.9812950137616815
65562,0.9813137094001007
65563,0.9813323863522245
65564,0.9813510446367301
65565,0.9813696842722756
65566,0.9813883052775006
65567,0.9814069076710263
65568,0.9814254914714551
65569,0.9814440566973707
65570,0.9814626033673384
65571,0.9814811314999048
65572,0.981499641113598
65573,0.9815181322269277
65574,0.9815366048583851
65575,0.9815550590264427
65576,0.9815734947495547
65577,0.9815919120461568
65578,0.9816103109346664
65579,0.9816286914334824
65580,0.9816470535609851
65581,0.9816653973355369
65582,0.9816837227754814
65583,0.9817020298991441
65584,0.9817203187248321
65585,0.9807390890209592
65586,0.9807583403062956
65587,0.9807775723499674
65588,0.9807967851712068
65589,0.9808159787892267
65590,0.9808351532232205
65591,0.9808543084923627
65592,0.9808734446158086
65593,0.9808925616126943
65594,0.9809116595021369
65595,0.9809307383032342
65596,0.980949798035065
65597,0.9809688387166892
65598,0.9809878603671472
65599,0.9810068630054609
65600,0.9810258466506329
65601,0.9810448113216467
65602,0.9810637570374671
65603,0.9810826838170398
65604,0.9811015916792916
65605,0.9811204806431304
65606,0.98013985047757
65607,0.9801597007019802
65608,0.9801795310860861
65609,0.9801993416497182
65610,0.980219132412687
65611,0.9802389033947833
65612,0.980258654615778
65613,0.9802783860954224
65614,0.980298097853448
65615,0.9793182896596915
65616,0.9793389610343445
65617,0.9793596117479534
65618,0.9793802418211688
65619,0.9794008512746208
65620,0.9794214401289191
65621,0.9794420084046523
65622,0.9794625561223889
65623,0.9794830833026763
65624,0.9795035899660419
65625,0.9795240761329924
65626,0.979544541824014
65627,0.9795649870595722
65628,0.9795854118601124
65629,0.9796058162460592
65630,0.9796262002378173
65631,0.9796465638557705
65632,0.9796669071202825
65633,0.9796872300516964
65634,0.9797075326703354
65635,0.979727814996502
65636,0.9797480770504785
65637,0.979768318852527
65638,0.9797885404228893
65639,0.979808741781787
65640,0.9798289229494214
65641,0.9798490839459737
65642,0.9798692247916049
65643,0.9798893455064559
65644,0.9799094461106473
65645,0.9799295266242799
65646,0.9799495870674341
65647,0.9799696274601702
65648,0.9799896478225288
65649,0.9800096481745303
65650,0.9800296285361749
65651,0.9800495889274431
65652,0.9800695293682953
65653,0.9800894498786717
65654,0.9801093504784931
65655,0.98012923118766
65656,0.9801490920260532
65657,0.9801689330135334
65658,0.9801887541699417
65659,0.9802085555150991
65660,0.9802283370688072
65661,0.9802480988508474
65662,0.9802678408809815
65663,0.9802875631789515
65664,0.9803072657644798
65665,0.9803269486572689
65666,0.9803466118770018
65667,0.9803662554433417
65668,0.980385879375932
65669,0.9804054836943968
65670,0.9804250684183404
65671,0.9804446335673476
65672,0.9804641791609834
65673,0.9804837052187935
65674,0.980503211760304
65675,0.9795231985551462
65676,0.979543665123307
65677,0.9795641112351279
65678,0.9795845369110547
65679,0.9796049421715135
65680,0.9796253270369093
65681,0.979645691527627
65682,0.9796660356640312
65683,0.979686359466466
65684,0.9797066629552551
65685,0.9797269461507021
65686,0.9797472090730902
65687,0.9797674517426823
65688,0.9797876741797211
65689,0.979807876404429
65690,0.9798280584370083
65691,0.979848220297641
65692,0.9798683620064889
65693,0.9798884835836937
65694,0.9799085850493772
65695,0.9799286664236406
65696,0.9799487277265655
65697,0.9799687689782131
65698,0.9799887901986246
65699,0.9800087914078214
65700,0.9800287726258046
65701,0.9800487338725554
65702,0.9800686751680351
65703,0.9800885965321849
65704,0.9801084979849264
65705,0.9801283795461608
65706,0.9801482412357698
65707,0.9801680830736151
65708,0.9801879050795386
65709,0.9802077072733621
65710,0.980227489674888
65711,0.9802472523038986
65712,0.9802669951801566
65713,0.9802867183234049
65714,0.9803064217533665
65715,0.9803261054897449
65716,0.9803457695522239
65717,0.9803654139604675
65718,0.9803850387341202
65719,0.9804046438928067
65720,0.9804242294561322
65721,0.9804437954436822
65722,0.9804633418750228
65723,0.9804828687697005
65724,0.980502376147242
65725,0.9805218640271548
65726,0.9805413324289267
65727,0.9805607813720263
65728,0.9805802108759023
65729,0.9805996209599843
65730,0.9806190116436825
65731,0.9806383829463875
65732,0.9806577348874705
65733,0.9806770674862837
65734,0.9806963807621595
65735,0.9807156747344112
65736,0.9807349494223329
65737,0.980754204845199
65738,0.9807734410222653
65739,0.9807926579727677
65740,0.9808118557159233
65741,0.9808310342709299
65742,0.9808501936569659
65743,0.9808693338931909
65744,0.9808884549987449
65745,0.9809075569927491
65746,0.9809266398943056
65747,0.9809457037224972
65748,0.9809647484963878
65749,0.9809837742350221
65750,0.9810027809574259
65751,0.9810217686826058
65752,0.9810407374295498
65753,0.9810596872172264
65754,0.9810786180645854
65755,0.9810975299905579
65756,0.9811164230140555
65757,0.9811352971539715
65758,0.9811541524291799
65759,0.9811729888585361
65760,0.9811918064608764
65761,0.9812106052550185
65762,0.9812293852597611
65763,0.9812481464938843
65764,0.9812668889761492
65765,0.9812856127252985
65766,0.9813043177600558
65767,0.9813230040991262
65768,0.981341671761196
65769,0.981360320764933
65770,0.981378951128986
65771,0.9813975628719855
65772,0.9814161560125433
65773,0.9814347305692523
65774,0.9814532865606874
65775,0.9814718240054043
65776,0.9804908426720657
65777,0.9805103420796898
65778,0.9805298219976512
65779,0.9805492824454296
65780,0.9805687234424857
65781,0.9805881450082603
65782,0.9806075471621751
65783,0.9806269299236322
65784,0.9806462933120144
65785,0.980665637346685
65786,0.9806849620469882
65787,0.9807042674322486
65788,0.9807235535217715
65789,0.9807428203348433
65790,0.9807620678907305
65791,0.9807812962086808
65792,0.9808005053079225
65793,0.9808196952076648
65794,0.9808388659270973
65795,0.9808580174853911
65796,0.9808771499016976
65797,0.9808962631951492
65798,0.9809153573848592
65799,0.9809344324899218
65800,0.9809534885294122
65801,0.9809725255223863
65802,0.9809915434878812
65803,0.9810105424449148
65804,0.9810295224124861
65805,0.9810484834095751
65806,0.9810674254551427
65807,0.981086348568131
65808,0.9811052527674632
65809,0.9811241380720435
65810,0.9811430045007571
65811,0.9811618520724704
65812,0.9811806808060312
65813,0.981199490720268
65814,0.9812182818339908
65815,0.9812370541659908
65816,0.9812558077350403
65817,0.9812745425598928
65818,0.9812932586592832
65819,0.9813119560519276
65820,0.9813306347565234
65821,0.9813492947917493
65822,0.9813679361762653
65823,0.9813865589287127
65824,0.9814051630677145
65825,0.9814237486118748
65826,0.9814423155797789
65827,0.981460863989994
65828,0.9814793938610684
65829,0.9814979052115321
65830,0.9815163980598964
65831,0.9815348724246542
65832,0.9815533283242798
65833,0.981571765777229
65834,0.9815901848019395
65835,0.9816085854168302
65836,0.9816269676403016
65837,0.9816453314907361
65838,0.9816636769864975
65839,0.9816820041459313
65840,0.9817003129873647
65841,0.9817186035291064
65842,0.9817368757894471
65843,0.981755129786659
65844,0.9807738652891211
65845,0.9807930818155688
65846,0.9808122791350935
65847,0.9808314572668925
65848,0.9808506162301439
65849,0.9808697560440068
65850,0.980888876727621
65851,0.9809079783001072
65852,0.9809270607805669
65853,0.9809461241880826
65854,0.9809651685417177
65855,0.9809841938605166
65856,0.9810032001635046
65857,0.9810221874696881
65858,0.9810411557980542
65859,0.9810601051675714
65860,0.981079035597189
65861,0.9810979471058375
65862,0.9811168397124284
65863,0.9811357134358543
65864,0.9811545682949888
65865,0.9811734043086869
65866,0.9811922214957847
65867,0.9812110198750992
65868,0.9812297994654289
65869,0.9812485602855534
65870,0.9812673023542335
65871,0.9812860256902113
65872,0.9813047303122101
65873,0.9813234162389345
65874,0.9813420834890705
65875,0.9813607320812853
65876,0.9813793620342275
65877,0.9813979733665271
65878,0.9814165660967955
65879,0.9814351402436253
65880,0.9814536958255907
65881,0.9814722328612473
65882,0.9804912511192571
65883,0.9805107501186381
65884,0.9805302296287643
65885,0.9805496896691154
65886,0.9805691302591513
65887,0.9805885514183126
65888,0.9806079531660205
65889,0.9806273355216766
65890,0.9806466985046635
65891,0.9806660421343439
65892,0.9806853664300618
65893,0.9807046714111411
65894,0.9807239570968871
65895,0.9807432235065854
65896,0.9807624706595023
65897,0.9807816985748851
65898,0.9808009072719617
65899,0.9808200967699408
65900,0.9808392670880117
65901,0.980858418245345
65902,0.9808775502610918
65903,0.9808966631543841
65904,0.9809157569443347
65905,0.9809348316500376
65906,0.9809538872905673
65907,0.9809729238849796
65908,0.980991941452311
65909,0.981010940011579
65910,0.9810299195817823
65911,0.9810488801819005
65912,0.9810678218308941
65913,0.9810867445477048
65914,0.9811056483512554
65915,0.9811245332604495
65916,0.9811433992941722
65917,0.9801627462214144
65918,0.9801825735615229
65919,0.9802023810842001
65920,0.9802221688092534
65921,0.9802419367564705
65922,0.9802616849456195
65923,0.9802814133964485
65924,0.9803011221286859
65925,0.9803208111620405
65926,0.9803404805162014
65927,0.9803601302108379
65928,0.9803797602655997
65929,0.9803993707001168
65930,0.9804189615339998
65931,0.9804385327868393
65932,0.9804580844782068
65933,0.9804776166276539
65934,0.9804971292547127
65935,0.9805166223788958
65936,0.9805360960196965
65937,0.9805555501965884
65938,0.9805749849290255
65939,0.9805944002364427
65940,0.9806137961382554
65941,0.9806331726538593
65942,0.9806525298026311
65943,0.9806718676039278
65944,0.9806911860770873
65945,0.980710485241428
65946,0.9807297651162492
65947,0.9807490257208307
65948,0.980768267074433
65949,0.9807874891962977
65950,0.9808066921056466
65951,0.980825875821683
65952,0.9808450403635903
65953,0.9808641857505332
65954,0.9808833120016571
65955,0.9809024191360882
65956,0.9809215071729337
65957,0.9809405761312816
65958,0.9809596260302008
65959,0.9809786568887413
65960,0.980997668725934
65961,0.9810166615607906
65962,0.9810356354123041
65963,0.9810545902994482
65964,0.9810735262411778
65965,0.981092443256429
65966,0.9811113413641187
65967,0.981130220583145
65968,0.9811490809323873
65969,0.9811679224307057
65970,0.9811867450969419
65971,0.9812055489499185
65972,0.9812243340084393
65973,0.9812431002912895
65974,0.9812618478172352
65975,0.9812805766050241
65976,0.981299286673385
65977,0.9813179780410277
65978,0.9813366507266439
65979,0.980355804499031
65980,0.9803754388773428
65981,0.9803950536310886
65982,0.980414648779883
65983,0.9804342243433214
65984,0.9804537803409792
65985,0.9804733167924125
65986,0.9804928337171577
65987,0.9795128308848566
65988,0.9795333078155064
65989,0.979553764279459
65990,0.9795742002971707
65991,0.9795946158890776
65992,0.9796150110755952
65993,0.9796353858771188
65994,0.9796557403140232
65995,0.9796760744066629
65996,0.979696388175372
65997,0.9797166816404641
65998,0.9797369548222328
65999,0.9797572077409512
66000,0.9797774404168723
66001,0.9797976528702288
66002,0.979817845121233
66003,0.9798380171900773
66004,0.9798581690969338
66005,0.9798783008619544
66006,0.9798984125052708
66007,0.9799185040469947
66008,0.9799385755072175
66009,0.9799586269060109
66010,0.9799786582634261
66011,0.9799986695994947
66012,0.9800186609342278
66013,0.9800386322876169
66014,0.9800585836796333
66015,0.9800785151302284
66016,0.9800984266593336
66017,0.9801183182868605
66018,0.9801381900327006
66019,0.980158041916726
66020,0.9801778739587882
66021,0.9801976861787194
66022,0.9802174785963319
66023,0.980237251231418
66024,0.9802570041037505
66025,0.9802767372330821
66026,0.9802964506391459
66027,0.9803161443416556
66028,0.9803358183603046
66029,0.9803554727147671
66030,0.9803751074246974
66031,0.9803947225097301
66032,0.9804143179894805
66033,0.9804338938835441
66034,0.9794539499616215
66035,0.9794744857437688
66036,0.9794950010003968
66037,0.9795154957520206
66038,0.979535970019135
66039,0.9795564238222143
66040,0.9795768571817124
66041,0.9795972701180625
66042,0.9796176626516776
66043,0.9796380348029503
66044,0.9796583865922527
66045,0.9796787180399366
66046,0.9796990291663334
66047,0.9797193199917544
66048,0.9797395905364903
66049,0.9797598408208117
66050,0.9797800708649688
66051,0.9798002806891917
66052,0.9798204703136902
66053,0.9798406397586541
66054,0.9798607890442527
66055,0.9798809181906353
66056,0.979901027217931
66057,0.979921116146249
66058,0.9799411849956781
66059,0.9799612337862871
66060,0.9799812625381249
66061,0.9800012712712203
66062,0.9800212600055819
66063,0.9800412287611985
66064,0.9800611775580389
66065,0.9800811064160518
66066,0.9801010153551662
66067,0.980120904395291
66068,0.9801407735563151
66069,0.9801606228581079
66070,0.9801804523205185
66071,0.9802002619633766
66072,0.9802200518064916
66073,0.9802398218696535
66074,0.9802595721726324
66075,0.9802793027351785
66076,0.9802990135770224
66077,0.980318704717875
66078,0.9803383761774274
66079,0.980358027975351
66080,0.9803776601312977
66081,0.9803972726648996
66082,0.9804168655957692
66083,0.9804364389434996
66084,0.980455992727664
66085,0.9804755269678163
66086,0.9804950416834906
66087,0.9805145368942018
66088,0.980534012619445
66089,0.9805534688786959
66090,0.9805729056914109
66091,0.9805923230770266
66092,0.9806117210549606
66093,0.9806310996446108
66094,0.9806504588653558
66095,0.9806697987365549
66096,0.9806891192775479
66097,0.9807084205076553
66098,0.9807277024461784
66099,0.9807469651123991
66100,0.9807662085255802
66101,0.9807854327049649
66102,0.9808046376697775
66103,0.980823823439223
66104,0.9808429900324872
66105,0.9808621374687366
66106,0.9808812657671186
66107,0.9809003749467617
66108,0.980919465026775
66109,0.9809385360262485
66110,0.9809575879642533
66111,0.9809766208598412
66112,0.9809956347320452
66113,0.9800151293500042
66114,0.9800351042332126
66115,0.9800550591515202
66116,0.9800749941248821
66117,0.980094909173233
66118,0.9801148043164882
66119,0.9801346795745427
66120,0.9801545349672718
66121,0.9801743705145309
66122,0.9801941862361556
66123,0.9802139821519615
66124,0.9802337582817446
66125,0.9802535146452811
66126,0.9802732512623273
66127,0.9802929681526199
66128,0.9803126653358757
66129,0.9803323428317918
66130,0.9803520006600459
66131,0.9803716388402958
66132,0.9803912573921796
66133,0.9804108563353159
66134,0.9804304356893035
66135,0.980449995473722
66136,0.9804695357081311
66137,0.980489056412071
66138,0.9805085576050624
66139,0.9805280393066066
66140,0.9805475015361852
66141,0.9805669443132605
66142,0.9805863676572752
66143,0.9806057715876528
66144,0.9806251561237971
66145,0.9806445212850926
66146,0.9806638670909046
66147,0.9806831935605789
66148,0.9807025007134419
66149,0.9807217885688008
66150,0.9807410571459434
66151,0.9807603064641384
66152,0.9807795365426349
66153,0.9807987474006633
66154,0.9808179390574343
66155,0.9808371115321395
66156,0.9808562648439514
66157,0.9808753990120234
66158,0.9808945140554896
66159,0.9809136099934651
66160,0.9809326868450459
66161,0.9809517446293087
66162,0.9809707833653114
66163,0.9809898030720927
66164,0.9810088037686723
66165,0.9810277854740509
66166,0.9810467482072103
66167,0.9810656919871131
66168,0.9810846168327032
66169,0.9811035227629054
66170,0.9811224097966256
66171,0.9811412779527509
66172,0.9811601272501494
66173,0.9811789577076705
66174,0.9811977693441446
66175,0.9812165621783834
66176,0.9812353362291796
66177,0.9812540915153073
66178,0.9812728280555219
66179,0.9812915458685598
66180,0.981310244973139
66181,0.9813289253879585
66182,0.9813475871316987
66183,0.9813662302230213
66184,0.9813848546805695
66185,0.9814034605229677
66186,0.9814220477688218
66187,0.981440616436719
66188,0.981459166545228
66189,0.981477698112899
66190,0.9814962111582634
66191,0.9815147056998343
66192,0.9815331817561064
66193,0.9815516393455556
66194,0.9815700784866395
66195,0.9815884991977972
66196,0.9816069014974496
66197,0.9816252854039988
66198,0.981643650935829
66199,0.9816619981113054
66200,0.9816803269487754
66201,0.9816986374665677
66202,0.981716929682993
66203,0.9817352036163433
66204,0.9817534592848927
66205,0.9817716967068968
66206,0.980790415650718
66207,0.9808096156350751
66208,0.980828796429043
66209,0.9808479580518026
66210,0.9808671005225155
66211,0.9808862238603241
66212,0.9809053280843517
66213,0.9809244132137027
66214,0.9809434792674622
66215,0.980962526264696
66216,0.9809815542244514
66217,0.9810005631657563
66218,0.9810195531076197
66219,0.9810385240690314
66220,0.9810574760689623
66221,0.9810764091263646
66222,0.9810953232601713
66223,0.9811142184892966
66224,0.9811330948326357
66225,0.9811519523090648
66226,0.9811707909374415
66227,0.9811896107366045
66228,0.9812084117253735
66229,0.9812271939225495
66230,0.9812459573469148
66231,0.9812647020172327
66232,0.981283427952248
66233,0.9813021351706865
66234,0.9813208236912556
66235,0.9813394935326437
66236,0.9813581447135207
66237,0.9813767772525377
66238,0.9813953911683273
66239,0.9814139864795034
66240,0.9814325632046613
66241,0.9814511213623778
66242,0.980470160721336
66243,0.980489680800575
66244,0.98050918136949
66245,0.9805286624475814
66246,0.9805481240543304
66247,0.9805675662091987
66248,0.9805869889316283
66249,0.980606392241042
66250,0.980625776156843
66251,0.9806451406984154
66252,0.9806644858851236
66253,0.9806838117363128
66254,0.980703118271309
66255,0.9807224055094186
66256,0.9807416734699289
66257,0.9807609221721079
66258,0.9807801516352042
66259,0.9807993618784473
66260,0.9808185529210476
66261,0.980837724782196
66262,0.9808568774810643
66263,0.9808760110368053
66264,0.9808951254685526
66265,0.9809142207954207
66266,0.9809332970365047
66267,0.980952354210881
66268,0.9809713923376068
66269,0.9809904114357201
66270,0.9810094115242401
66271,0.9810283926221669
66272,0.9810473547484816
66273,0.9810662979221463
66274,0.9810852221621041
66275,0.9811041274872795
66276,0.9811230139165775
66277,0.9811418814688848
66278,0.9811607301630688
66279,0.9811795600179783
66280,0.9811983710524431
66281,0.9812171632852743
66282,0.981235936735264
66283,0.9812546914211858
66284,0.9812734273617943
66285,0.9812921445758256
66286,0.9813108430819967
66287,0.9813295228990062
66288,0.9813481840455339
66289,0.981366826540241
66290,0.9813854504017699
66291,0.9814040556487447
66292,0.9814226422997704
66293,0.9814412103734338
66294,0.9814597598883029
66295,0.9814782908629273
66296,0.9814968033158379
66297,0.9815152972655472
66298,0.9815337727305492
66299,0.9815522297293192
66300,0.9815706682803144
66301,0.9815890884019732
66302,0.9806079898628408
66303,0.9806273721818185
66304,0.9806467351281635
66305,0.9806660787212388
66306,0.980685402980388
66307,0.9807047079249354
66308,0.9807239935741858
66309,0.9807432599474251
66310,0.9807625070639194
66311,0.980781734942916
66312,0.9808009436036427
66313,0.9808201330653082
66314,0.979839803097227
66315,0.9798599532190688
66316,0.9798800832008588
66317,0.979900193062727
66318,0.9799202828247833
66319,0.9799403525071173
66320,0.9799604021297988
66321,0.9799804317128775
66322,0.9800004412763829
66323,0.9800204308403245
66324,0.980040400424692
66325,0.9800603500494549
66326,0.9800802797345629
66327,0.9801001894999457
66328,0.9801200793655129
66329,0.9801399493511546
66330,0.9801597994767406
66331,0.9801796297621211
66332,0.9801994402271265
66333,0.9802192308915672
66334,0.9802390017752337
66335,0.9802587528978971
66336,0.9802784842793085
66337,0.9802981959391993
66338,0.980317887897281
66339,0.9803375601732458
66340,0.9803572127867658
66341,0.9803768457574936
66342,0.9803964591050623
66343,0.9804160528490853
66344,0.9804356270091562
66345,0.9804551816048492
66346,0.980474716655719
66347,0.9804942321813004
66348,0.9805137282011092
66349,0.9805332047346412
66350,0.9805526618013732
66351,0.9805720994207622
66352,0.9805915176122457
66353,0.980610916395242
66354,0.9806302957891498
66355,0.9806496558133486
66356,0.9806689964871983
66357,0.9806883178300396
66358,0.980707619861194
66359,0.9807269025999634
66360,0.9807461660656306
66361,0.980765410277459
66362,0.980784635254693
66363,0.9808038410165574
66364,0.9808230275822579
66365,0.9808421949709814
66366,0.9808613432018949
66367,0.9808804722941469
66368,0.9808995822668664
66369,0.9809186731391634
66370,0.9809377449301288
66371,0.9809567976588343
66372,0.9809758313443326
66373,0.9809948460056577
66374,0.9810138416618239
66375,0.9810328183318271
66376,0.9810517760346439
66377,0.9810707147892319
66378,0.98108963461453
66379,0.981108535529458
66380,0.9811274175529168
66381,0.9811462807037884
66382,0.981165125000936
66383,0.981183950463204
66384,0.9812027571094176
66385,0.9812215449583838
66386,0.9812403140288901
66387,0.9812590643397058
66388,0.9812777959095811
66389,0.9812965087572477
66390,0.9813152029014184
66391,0.9813338783607872
66392,0.9813525351540299
66393,0.981371173299803
66394,0.9813897928167447
66395,0.9814083937234745
66396,0.9814269760385935
66397,0.9814455397806839
66398,0.9814640849683094
66399,0.9814826116200153
66400,0.9815011197543281
66401,0.981519609389756
66402,0.9815380805447887
66403,0.9815565332378974
66404,0.9815749674875347
66405,0.9815933833121349
66406,0.9816117807301137
66407,0.9816301597598687
66408,0.9816485204197788
66409,0.9816668627282048
66410,0.9816851867034889
66411,0.9817034923639552
66412,0.9817217797279092
66413,0.9817400488136384
66414,0.9817582996394119
66415,0.9817765322234804
66416,0.9817947465840766
66417,0.9818129427394149
66418,0.9818311207076913
66419,0.9818492805070839
66420,0.9818674221557524
66421,0.9818855456718386
66422,0.981903651073466
66423,0.9819217383787399
66424,0.9819398076057476
66425,0.9819578587725585
66426,0.9819758918972236
66427,0.9819939069977761
66428,0.9820119040922312
66429,0.9820298831985858
66430,0.9820478443348191
66431,0.9820657875188922
66432,0.9820837127687484
66433,0.9821016201023128
66434,0.9821195095374929
66435,0.9821373810921781
66436,0.9821552347842398
66437,0.9821730706315319
66438,0.9821908886518902
66439,0.9822086888631327
66440,0.9822264712830596
66441,0.9822442359294533
66442,0.9822619828200786
66443,0.9822797119726823
66444,0.9822974234049934
66445,0.9823151171347235
66446,0.9823327931795663
66447,0.9823504515571979
66448,0.9823680922852767
66449,0.9823857153814433
66450,0.9824033208633208
66451,0.982420908748515
66452,0.9824384790546133
66453,0.9824560317991864
66454,0.9824735669997869
66455,0.9824910846739501
66456,0.9815090845893184
66457,0.9815275662638918
66458,0.9815460294660269
66459,0.9815644742141868
66460,0.9815829005268163
66461,0.9816013084223417
66462,0.9816196979191709
66463,0.9816380690356935
66464,0.9816564217902806
66465,0.9816747562012847
66466,0.9816930722870406
66467,0.9817113700658642
66468,0.9817296495560532
66469,0.9817479107758873
66470,0.9817661537436275
66471,0.981784378477517
66472,0.9818025849957803
66473,0.9818207733166241
66474,0.9818389434582366
66475,0.980857595188913
66476,0.980876728027305
66477,0.9808958417424201
66478,0.9809149363533721
66479,0.9809340118792558
66480,0.9809530683391465
66481,0.9809721057521009
66482,0.9809911241371563
66483,0.9810101235133311
66484,0.9810291038996246
66485,0.9810480653150173
66486,0.9810670077784706
66487,0.9810859313089269
66488,0.9811048359253097
66489,0.9811237216465238
66490,0.9811425884914549
66491,0.9811614364789697
66492,0.9811802656279163
66493,0.9811990759571237
66494,0.9812178674854025
66495,0.981236640231544
66496,0.9812553942143211
66497,0.9802746292026127
66498,0.9802943447156536
66499,0.9803140405230343
66500,0.9803337166444506
66501,0.9803533730995786
66502,0.9803730099080747
66503,0.9803926270895759
66504,0.9804122246636993
66505,0.9804318026500424
66506,0.9794518608183083
66507,0.9794723986885548
66508,0.9794929160311949
66509,0.979513412866746
66510,0.9795338892157047
66511,0.9795543450985476
66512,0.9795747805357304
66513,0.9795951955476887
66514,0.9796155901548375
66515,0.9796359643775713
66516,0.9796563182362643
66517,0.9796766517512705
66518,0.9796969649429234
66519,0.9797172578315361
66520,0.9797375304374016
66521,0.9797577827807925
66522,0.9797780148819611
66523,0.9797982267611396
66524,0.9798184184385398
66525,0.9798385899343534
66526,0.9798587412687518
66527,0.9798788724618865
66528,0.9798989835338886
66529,0.9789195742549942
66530,0.9789406441457938
66531,0.9789616929772323
66532,0.9789827207703585
66533,0.9790037275462002
66534,0.9790247133257642
66535,0.9790456781300363
66536,0.9790666219799813
66537,0.979087544896543
66538,0.9791084469006445
66539,0.9791293280131875
66540,0.9791501882550534
66541,0.9791710276471023
66542,0.9791918462101736
66543,0.979212643965086
66544,0.9792334209326371
66545,0.979254177133604
66546,0.9792749125887428
66547,0.979295627318789
66548,0.9793163213444575
66549,0.979336994686442
66550,0.9793576473654161
66551,0.9793782794020324
66552,0.9793988908169229
66553,0.979419481630699
66554,0.9794400518639517
66555,0.9794606015372511
66556,0.979481130671147
66557,0.9795016392861683
66558,0.9795221274028237
66559,0.9795425950416016
66560,0.9795630422229693
66561,0.9795834689673741
66562,0.9796038752952428
66563,0.9796242612269818
66564,0.9796446267829768
66565,0.9796649719835935
66566,0.979685296849177
66567,0.9797056014000525
66568,0.9797258856565242
66569,0.9797461496388765
66570,0.9797663933673734
66571,0.9797866168622585
66572,0.9798068201437555
66573,0.9798270032320676
66574,0.9798471661473779
66575,0.9798673089098493
66576,0.9798874315396245
66577,0.9799075340568263
66578,0.9799276164815571
66579,0.9799476788338994
66580,0.9799677211339155
66581,0.9799877434016477
66582,0.9800077456571183
66583,0.9800277279203297
66584,0.9800476902112638
66585,0.9800676325498833
66586,0.9800875549561303
66587,0.9801074574499273
66588,0.9801273400511767
66589,0.9801472027797613
66590,0.9801670456555437
66591,0.9801868686983667
66592,0.9802066719280534
66593,0.9802264553644072
66594,0.9802462190272114
66595,0.9792664626863546
66596,0.9792871858620804
66597,0.9793078883249868
66598,0.9793285700957765
66599,0.979349231195131
66600,0.9793698716437116
66601,0.9793904914621586
66602,0.979411090671092
66603,0.9794316692911109
66604,0.9794522273427939
66605,0.9794727648466992
66606,0.9794932818233641
66607,0.9795137782933058
66608,0.9795342542770206
66609,0.9795547097949846
66610,0.9795751448676533
66611,0.9795955595154617
66612,0.9796159537588246
66613,0.9796363276181361
66614,0.9796566811137701
66615,0.9796770142660802
66616,0.9796973270953995
66617,0.9797176196220407
66618,0.9797378918662966
66619,0.9797581438484392
66620,0.9797783755887206
66621,0.9797985871073726
66622,0.9798187784246065
66623,0.9798389495606139
66624,0.9798591005355658
66625,0.9798792313696132
66626,0.979899342082887
66627,0.9799194326954977
66628,0.9799395032275362
66629,0.979959553699073
66630,0.9799795841301583
66631,0.9799995945408227
66632,0.9800195849510768
66633,0.9800395553809108
66634,0.9800595058502952
66635,0.9800794363791805
66636,0.9800993469874971
66637,0.9801192376951557
66638,0.9801391085220471
66639,0.9801589594880421
66640,0.9801787906129916
66641,0.9801986019167268
66642,0.9802183934190589
66643,0.9802381651397795
66644,0.9802579170986603
66645,0.9802776493154532
66646,0.9802973618098906
66647,0.9803170546016848
66648,0.9803367277105287
66649,0.9803563811560954
66650,0.9803760149580383
66651,0.9803956291359912
66652,0.9804152237095685
66653,0.9804347986983645
66654,0.9804543541219544
66655,0.9804738899998935
66656,0.9804934063517177
66657,0.9805129031969433
66658,0.9805323805550673
66659,0.980551838445567
66660,0.9805712768879004
66661,0.9805906959015056
66662,0.9806100955058019
66663,0.9806294757201889
66664,0.9806488365640468
66665,0.9806681780567363
66666,0.9806875002175992
66667,0.9807068030659575
66668,0.9807260866211139
66669,0.9807453509023522
66670,0.9807645959289365
66671,0.980783821720112
66672,0.9808030282951045
66673,0.9808222156731203
66674,0.9808413838733471
66675,0.9808605329149529
66676,0.9808796628170868
66677,0.9808987735988789
66678,0.9809178652794397
66679,0.9809369378778611
66680,0.9809559914132155
66681,0.9809750259045567
66682,0.980994041370919
66683,0.9810130378313179
66684,0.9810320153047498
66685,0.9810509738101924
66686,0.981069913366604
66687,0.9810888339929242
66688,0.9811077357080737
66689,0.9811266185309543
66690,0.9811454824804486
66691,0.9811643275754207
66692,0.9811831538347157
66693,0.9812019612771598
66694,0.9802212496716853
66695,0.9802410185375807
66696,0.9802607676444897
66697,0.9802804970121614
66698,0.9803002066603251
66699,0.9803198966086907
66700,0.9803395668769479
66701,0.9803592174847671
66702,0.9803788484517988
66703,0.980398459797674
66704,0.9804180515420042
66705,0.979438123454506
66706,0.9794586750552511
66707,0.9794792061146661
66708,0.9794997166532822
66709,0.9795202066916098
66710,0.9795406762501389
66711,0.9795611253493391
66712,0.9795815540096596
66713,0.9796019622515291
66714,0.9796223500953556
66715,0.9796427175615271
66716,0.9796630646704111
66717,0.9796833914423547
66718,0.9797036978976847
66719,0.9797239840567076
66720,0.9797442499397093
66721,0.979764495566956
66722,0.9797847209586932
66723,0.9798049261351462
66724,0.9788256108666453
66725,0.978846774673875
66726,0.9788679173278741
66727,0.9788890388497853
66728,0.97891013926073
66729,0.9789312185818088
66730,0.9789522768341008
66731,0.9789733140386644
66732,0.9789943302165368
66733,0.9790153253887341
66734,0.9790362995762516
66735,0.9790572528000634
66736,0.9790781850811228
66737,0.979099096440362
66738,0.9791199868986924
66739,0.9791408564770046
66740,0.979161705196168
66741,0.9791825330770314
66742,0.9792033401404227
66743,0.9792241264071488
66744,0.9792448918979962
66745,0.9792656366337303
66746,0.9782868603852208
66747,0.9783085626736914
66748,0.9783302432707192
66749,0.9783519021979848
66750,0.9783735394771472
66751,0.9783951551298438
66752,0.97841674917769
66753,0.97843832164228
66754,0.9784598725451862
66755,0.9784814019079596
66756,0.9785029097521296
66757,0.9785243960992039
66758,0.9775463607207939
66759,0.9775688031388641
66760,0.9775912231257318
66761,0.977613620703817
66762,0.9776359958955173
66763,0.9776583487232079
66764,0.9776806792092416
66765,0.9777029873759491
66766,0.9777252732456383
66767,0.9777475368405951
66768,0.9777697781830833
66769,0.977791997295344
66770,0.9778141941995966
66771,0.9778363689180378
66772,0.9778585214728424
66773,0.9778806518861628
66774,0.9779027601801297
66775,0.9779248463768512
66776,0.9779469104984135
66777,0.9779689525668809
66778,0.9779909726042952
66779,0.9780129706326768
66780,0.9780349466740235
66781,0.9780569007503113
66782,0.9780788328834944
66783,0.9781007430955049
66784,0.978122631408253
66785,0.978144497843627
66786,0.9781663424234934
66787,0.9781881651696969
66788,0.97820996610406
66789,0.9782317452483837
66790,0.9782535026244473
66791,0.9782752382540081
66792,0.9782969521588016
66793,0.978318644360542
66794,0.9783403148809212
66795,0.97836196374161
66796,0.9783835909642571
66797,0.9784051965704897
66798,0.9784267805819136
66799,0.9784483430201125
66800,0.9784698839066491
66801,0.9784914032630643
66802,0.9785129011108773
66803,0.9785343774715861
66804,0.978555832366667
66805,0.9785772658175749
66806,0.9785986778457432
66807,0.978620068472584
66808,0.978641437719488
66809,0.9786627856078243
66810,0.9786841121589409
66811,0.9787054173941644
66812,0.9787267013347999
66813,0.9787479640021314
66814,0.9777697051675466
66815,0.9777919243527864
66816,0.977814121329945
66817,0.9778362961212195
66818,0.9778584487487845
66819,0.9778805792347927
66820,0.9779026876013746
66821,0.9779247738706386
66822,0.977946838064671
66823,0.9779688802055359
66824,0.9779909003152755
66825,0.9770133981660348
66826,0.9770363732803117
66827,0.9770593254309561
66828,0.9770822546409201
66829,0.9771051609331332
66830,0.9771280443305014
66831,0.9771509048559082
66832,0.9771737425322141
66833,0.9761970571323818
66834,0.9762208481797258
66835,0.976244615447912
66836,0.9762683589607076
66837,0.9762920787418563
66838,0.9763157748150778
66839,0.9763394472040683
66840,0.9763630959325
66841,0.9763867210240218
66842,0.9764103225022587
66843,0.9764339003908121
66844,0.9764574547132601
66845,0.9764809854931569
66846,0.9765044927540333
66847,0.9765279765193966
66848,0.9765514368127305
66849,0.9765748736574954
66850,0.976598287077128
66851,0.976621677095042
66852,0.9766450437346271
66853,0.9766683870192502
66854,0.9766917069722544
66855,0.9767150036169597
66856,0.9767382769766629
66857,0.9767615270746373
66858,0.9767847539341329
66859,0.9768079575783767
66860,0.9768311380305722
66861,0.9768542953139
66862,0.9768774294515173
66863,0.9769005404665583
66864,0.976923628382134
66865,0.9769466932213322
66866,0.976969735007218
66867,0.9769927537628329
66868,0.9770157495111959
66869,0.9770387222753026
66870,0.9770616720781259
66871,0.9770845989426156
66872,0.9771075028916985
66873,0.9771303839482784
66874,0.9771532421352367
66875,0.9771760774754313
66876,0.9771988899916978
66877,0.9772216797068485
66878,0.9772444466436733
66879,0.977267190824939
66880,0.9772899122733898
66881,0.9773126110117473
66882,0.97733528706271
66883,0.9773579404489542
66884,0.9773805711931332
66885,0.9774031793178777
66886,0.9774257648457958
66887,0.9774483277994732
66888,0.9774708682014728
66889,0.9774933860743349
66890,0.9775158814405774
66891,0.9775383543226958
66892,0.9775608047431629
66893,0.977583232724429
66894,0.9776056382889223
66895,0.9776280214590484
66896,0.9766508820073152
66897,0.9766742194565833
66898,0.976697533580065
66899,0.9767208244010743
66900,0.9767440919429023
66901,0.9767673362288165
66902,0.9767905572820611
66903,0.9768137551258571
66904,0.9768369297834025
66905,0.9768600812778719
66906,0.9768832096324168
66907,0.9769063148701655
66908,0.9769293970142233
66909,0.9769524560876723
66910,0.9769754921135717
66911,0.9769985051149574
66912,0.9770214951148426
66913,0.9770444621362171
66914,0.977067406202048
66915,0.9770903273352793
66916,0.9771132255588323
66917,0.9771361008956051
66918,0.977158953368473
66919,0.9771817830002887
66920,0.9772045898138816
66921,0.9772273738320586
66922,0.9772501350776037
66923,0.9772728735732783
66924,0.9772955893418207
66925,0.9773182824059469
66926,0.9773409527883498
66927,0.9773636005116997
66928,0.9773862255986445
66929,0.9774088280718093
66930,0.9774314079537965
66931,0.977453965267186
66932,0.9774765000345351
66933,0.9774990122783787
66934,0.9775215020212289
66935,0.9775439692855755
66936,0.9775664140938858
66937,0.9775888364686045
66938,0.9776112364321541
66939,0.9776336140069345
66940,0.9776559692153234
66941,0.9776783020796759
66942,0.9777006126223249
66943,0.9777229008655809
66944,0.9777451668317322
66945,0.9777674105430448
66946,0.9777896320217624
66947,0.9778118312901064
66948,0.9778340083702762
66949,0.9778561632844489
66950,0.9778782960547793
66951,0.9779004067034002
66952,0.9779224952524223
66953,0.9779445617239341
66954,0.9779666061400021
66955,0.9779886285226708
66956,0.9780106288939624
66957,0.9780326072758775
66958,0.9780545636903943
66959,0.9780764981594694
66960,0.9780984107050371
66961,0.9781203013490101
66962,0.978142170113279
66963,0.9781640170197125
66964,0.9781858420901575
66965,0.9782076453464391
66966,0.9782294268103607
66967,0.9782511865037037
66968,0.9782729244482277
66969,0.9782946406656707
66970,0.9783163351777491
66971,0.9783380080061571
66972,0.9783596591725677
66973,0.9783812886986322
66974,0.9784028966059799
66975,0.9784244829162188
66976,0.9784460476509351
66977,0.9784675908316938
66978,0.9784891124800379
66979,0.9785106126174892
66980,0.9785320912655476
66981,0.978553548445692
66982,0.9785749841793795
66983,0.9785963984880458
66984,0.9786177913931052
66985,0.9786391629159507
66986,0.9786605130779537
66987,0.9786818419004645
66988,0.9787031494048118
66989,0.9787244356123033
66990,0.978745700544225
66991,0.978766944221842
66992,0.9787881666663979
66993,0.9788093678991151
66994,0.978830547941195
66995,0.9788517068138174
66996,0.9788728445381414
66997,0.9788939611353047
66998,0.9789150566264239
66999,0.9789361310325944
67000,0.9789571843748907
67001,0.978978216674366
67002,0.9789992279520529
67003,0.9790202182289623
67004,0.9790411875260848
67005,0.9790621358643896
67006,0.979083063264825
67007,0.9791039697483184
67008,0.9791248553357763
67009,0.9791457200480844
67010,0.9791665639061073
67011,0.979187386930689
67012,0.9792081891426523
67013,0.9792289705627996
67014,0.9792497312119122
67015,0.9792704711107508
67016,0.9792911902800554
67017,0.9793118887405451
67018,0.9793325665129183
67019,0.9793532236178529
67020,0.979373860076006
67021,0.979394475908014
67022,0.9794150711344928
67023,0.9794356457760375
67024,0.9794561998532229
67025,0.9794767333866029
67026,0.9794972463967112
67027,0.9795177389040608
67028,0.9795382109291442
67029,0.9795586624924334
67030,0.97957909361438
67031,0.9795995043154151
67032,0.9796198946159494
67033,0.9796402645363733
67034,0.9796606140970566
67035,0.9796809433183489
67036,0.9797012522205794
67037,0.979721540824057
67038,0.9797418091490705
67039,0.979762057215888
67040,0.9797822850447577
67041,0.9798024926559074
67042,0.9798226800695446
67043,0.9798428473058569
67044,0.9798629943850115
67045,0.9798831213271554
67046,0.9799032281524156
67047,0.9799233148808989
67048,0.9799433815326921
67049,0.9799634281278619
67050,0.9799834546864546
67051,0.9800034612284971
67052,0.9800234477739959
67053,0.9800434143429374
67054,0.9800633609552883
67055,0.9800832876309952
67056,0.9801031943899847
67057,0.9801230812521636
67058,0.9801429482374189
67059,0.9801627953656173
67060,0.9801826226566063
67061,0.9802024301302129
67062,0.9802222178062446
67063,0.9802419857044893
67064,0.9802617338447147
67065,0.980281462246669
67066,0.9803011709300806
67067,0.9803208599146582
67068,0.9803405292200909
67069,0.9803601788660478
67070,0.9803798088721787
67071,0.9803994192581136
67072,0.9804190100434628
67073,0.9804385812478171
67074,0.9804581328907479
67075,0.9804776649918067
67076,0.9804971775705255
67077,0.980516670646417
67078,0.9795366439890992
67079,0.9795570971185454
67080,0.9795775298050836
67081,0.9795979420691465
67082,0.9796183339311464
67083,0.9796387054114751
67084,0.9796590565305041
67085,0.9796793873085846
67086,0.9796996977660473
67087,0.9797199879232026
67088,0.9797402578003408
67089,0.9797605074177318
67090,0.9797807367956252
67091,0.9798009459542503
67092,0.9798211349138163
67093,0.9798413036945122
67094,0.9798614523165067
67095,0.9798815807999485
67096,0.979901689164966
67097,0.9799217774316676
67098,0.9799418456201417
67099,0.9799618937504565
67100,0.97998192184266
67101,0.9800019299167803
67102,0.9800219179928255
67103,0.9800418860907837
67104,0.980061834230623
67105,0.9800817624322915
67106,0.9801016707157175
67107,0.9801215591008092
67108,0.980141427607455
67109,0.9801612762555235
67110,0.9801811050648633
67111,0.9802009140553033
67112,0.9802207032466523
67113,0.9802404726586996
67114,0.9802602223112147
67115,0.9802799522239471
67116,0.9802996624166269
67117,0.9803193529089641
67118,0.9803390237206493
67119,0.9803586748713533
67120,0.9803783063807273
67121,0.9803979182684027
67122,0.9804175105539915
67123,0.980437083257086
67124,0.9804566363972589
67125,0.9804761699940632
67126,0.9804956840670326
67127,0.9805151786356813
67128,0.9805346537195037
67129,0.9805541093379749
67130,0.9805735455105506
67131,0.980592962256667
67132,0.9806123595957408
67133,0.9806317375471694
67134,0.9806510961303306
67135,0.9806704353645832
67136,0.9796902550193912
67137,0.9797105546145742
67138,0.9797308339203068
67139,0.9797510929568682
67140,0.9797713317445176
67141,0.9797915503034936
67142,0.9798117486540149
67143,0.9798319268162797
67144,0.9798520848104664
67145,0.9798722226567328
67146,0.9798923403752168
67147,0.9799124379860361
67148,0.9799325155092884
67149,0.9799525729650512
67150,0.979972610373382
67151,0.9799926277543182
67152,0.9800126251278771
67153,0.9800326025140561
67154,0.9800525599328327
67155,0.9800724974041642
67156,0.9800924149479882
67157,0.980112312584222
67158,0.9801321903327636
67159,0.9801520482134904
67160,0.9801718862462606
67161,0.9801917044509121
67162,0.980211502847263
67163,0.9802312814551118
67164,0.9802510402942372
67165,0.9802707793843979
67166,0.980290498745333
67167,0.980310198396762
67168,0.9803298783583845
67169,0.9803495386498804
67170,0.9803691792909099
67171,0.980388800301114
67172,0.9804084017001133
67173,0.9804279835075095
67174,0.9804475457428843
67175,0.9804670884258
67176,0.9804866115757992
67177,0.980506115212405
67178,0.9805255993551213
67179,0.980545064023432
67180,0.9805645092368018
67181,0.9805839350146761
67182,0.9806033413764805
67183,0.9806227283416215
67184,0.9806420959294859
67185,0.9796619439095664
67186,0.9796822718017107
67187,0.9797025793761218
67188,0.9797228666531071
67189,0.9797431336529541
67190,0.9797633803959296
67191,0.9797836069022805
67192,0.9798038131922332
67193,0.9798239992859941
67194,0.9798441652037492
67195,0.9798643109656645
67196,0.9798844365918857
67197,0.9799045421025385
67198,0.9799246275177284
67199,0.9799446928575407
67200,0.9799647381420409
67201,0.9799847633912743
67202,0.980004768625266
67203,0.9800247538640213
67204,0.9800447191275256
67205,0.9800646644357439
67206,0.9800845898086218
67207,0.9801044952660845
67208,0.9801243808280374
67209,0.9801442465143663
67210,0.9801640923449366
67211,0.9801839183395944
67212,0.9802037245181655
67213,0.9802235109004562
67214,0.9802432775062528
67215,0.9802630243553221
67216,0.9792832512175357
67217,0.9793039576131204
67218,0.9793246433126575
67219,0.9793453083368328
67220,0.9793659527063112
67221,0.9793865764417372
67222,0.9794071795637345
67223,0.9794277620929062
67224,0.9794483240498348
67225,0.9794688654550824
67226,0.9794893863291902
67227,0.9795098866926794
67228,0.97953036656605
67229,0.979550825969782
67230,0.979571264924335
67231,0.9795916834501478
67232,0.9796120815676389
67233,0.9796324592972064
67234,0.9796528166592282
67235,0.9796731536740616
67236,0.9796934703620436
67237,0.9797137667434908
67238,0.9797340428386997
67239,0.9797542986679464
67240,0.9797745342514866
67241,0.9797947496095561
67242,0.9798149447623702
67243,0.9798351197301239
67244,0.9798552745329924
67245,0.9798754091911304
67246,0.9798955237246725
67247,0.9799156181537333
67248,0.9799356924984072
67249,0.9799557467787686
67250,0.9799757810148718
67251,0.979995795226751
67252,0.9800157894344204
67253,0.9800357636578743
67254,0.9800557179170868
67255,0.9800756522320122
67256,0.9800955666225849
67257,0.9801154611087193
67258,0.9801353357103098
67259,0.980155190447231
67260,0.9801750253393376
67261,0.9801948404064648
67262,0.9802146356684274
67263,0.9802344111450206
67264,0.9802541668560201
67265,0.9802739028211814
67266,0.9802936190602407
67267,0.9803133155929141
67268,0.9803329924388983
67269,0.9803526496178698
67270,0.9803722871494861
67271,0.9803919050533847
67272,0.9804115033491834
67273,0.9804310820564806
67274,0.9804506411948549
67275,0.9804701807838656
67276,0.9804897008430522
67277,0.9805092013919348
67278,0.9805286824500138
67279,0.9805481440367704
67280,0.9805675861716662
67281,0.9805870088741433
67282,0.9806064121636244
67283,0.9806257960595128
67284,0.9806451605811924
67285,0.9806645057480279
67286,0.9806838315793642
67287,0.9807031380945272
67288,0.9807224253128236
67289,0.9807416932535404
67290,0.9807609419359457
67291,0.9807801713792881
67292,0.980799381602797
67293,0.9808185726256827
67294,0.9808377444671363
67295,0.9808568971463296
67296,0.9808760306824152
67297,0.9808951450945268
67298,0.9809142404017787
67299,0.9809333166232661
67300,0.9809523737780654
67301,0.9809714118852337
67302,0.9809904309638092
67303,0.9810094310328109
67304,0.9810284121112389
67305,0.9810473742180743
67306,0.9810663173722791
67307,0.9810852415927965
67308,0.9811041468985509
67309,0.9811230333084473
67310,0.9811419008413724
67311,0.9811607495161937
67312,0.9801800791018846
67313,0.9801998891177748
67314,0.9802196793335491
67315,0.9802394497689979
67316,0.9802592004438915
67317,0.9802789313779805
67318,0.980298642590996
67319,0.9803183341026491
67320,0.9803380059326314
67321,0.9803576581006148
67322,0.9803772906262513
67323,0.9803969035291736
67324,0.9804164968289946
67325,0.9804360705453075
67326,0.980455624697686
67327,0.9804751593056843
67328,0.9804946743888371
67329,0.9805141699666593
67330,0.9805336460586467
67331,0.9805531026842752
67332,0.9805725398630015
67333,0.9805919576142629
67334,0.9806113559574771
67335,0.9806307349120423
67336,0.9806500944973376
67337,0.9806694347327226
67338,0.9806887556375374
67339,0.9807080572311031
67340,0.9807273395327212
67341,0.980746602561674
67342,0.9807658463372245
67343,0.9807850708786165
67344,0.9808042762050747
67345,0.9808234623358043
67346,0.9808426292899914
67347,0.980861777086803
67348,0.9808809057453869
67349,0.9809000152848718
67350,0.9809191057243671
67351,0.9809381770829635
67352,0.9809572293797322
67353,0.9809762626337254
67354,0.9809952768639766
67355,0.9810142720894999
67356,0.9810332483292905
67357,0.9810522056023246
67358,0.9810711439275597
67359,0.9810900633239339
67360,0.9811089638103667
67361,0.9811278454057587
67362,0.9811467081289913
67363,0.9811655519989273
67364,0.9811843770344106
67365,0.9812031832542663
67366,0.9812219706773004
67367,0.9812407393223006
67368,0.9812594892080354
67369,0.9802787201033797
67370,0.9802984315275642
67371,0.9803181232501754
67372,0.9803377952909049
67373,0.9803574476694248
67374,0.9803770804053874
67375,0.9803966935184255
67376,0.9804162870281522
67377,0.980435860954161
67378,0.980455415316026
67379,0.9804749501333013
67380,0.9804944654255219
67381,0.980513961212203
67382,0.9805334375128405
67383,0.9805528943469106
67384,0.9805723317338703
67385,0.9805917496931568
67386,0.980611148244188
67387,0.9806305274063628
67388,0.9806498871990601
67389,0.9806692276416398
67390,0.9806885487534422
67391,0.9807078505537886
67392,0.9807271330619808
67393,0.9807463962973011
67394,0.9807656402790129
67395,0.9807848650263602
67396,0.9808040705585678
67397,0.9808232568948411
67398,0.9798429238044915
67399,0.9798630708071856
67400,0.9798831976729455
67401,0.9799033044218981
67402,0.978923890824275
67403,0.9789449564006625
67404,0.9789660009220011
67405,0.9789870244093355
67406,0.9790080268836889
67407,0.9790290083660641
67408,0.9790499688774423
67409,0.9790709084387842
67410,0.9790918270710293
67411,0.9781132245452211
67412,0.9781351003827571
67413,0.978156954355388
67414,0.9781787864849678
67415,0.9782005967933287
67416,0.9782223853022809
67417,0.9782441520336129
67418,0.9782658970090916
67419,0.9782876202504618
67420,0.9783093217794468
67421,0.9783310016177482
67422,0.9783526597870458
67423,0.9783742963089977
67424,0.9783959112052406
67425,0.9784175044973893
67426,0.9784390762070371
67427,0.9784606263557557
67428,0.9784821549650953
67429,0.9785036620565845
67430,0.9785251476517303
67431,0.9785466117720184
67432,0.9785680544389129
67433,0.9785894756738566
67434,0.9786108754982705
67435,0.9786322539335546
67436,0.9786536110010873
67437,0.9786749467222257
67438,0.9786962611183054
67439,0.978717554210641
67440,0.9787388260205254
67441,0.9787600765692306
67442,0.9787813058780069
67443,0.9788025139680839
67444,0.9788237008606696
67445,0.9788448665769508
67446,0.9788660111380932
67447,0.9788871345652416
67448,0.9789082368795192
67449,0.9789293181020284
67450,0.9789503782538505
67451,0.9789714173560455
67452,0.9789924354296526
67453,0.97901343249569
67454,0.9790344085751546
67455,0.9790553636890225
67456,0.9790762978582488
67457,0.9790972111037678
67458,0.9791181034464926
67459,0.9791389749073157
67460,0.9791598255071085
67461,0.9791806552667215
67462,0.9792014642069846
67463,0.9792222523487067
67464,0.979243019712676
67465,0.9792637663196598
67466,0.9792844921904048
67467,0.9793051973456368
67468,0.979325881806061
67469,0.9793465455923618
67470,0.979367188725203
67471,0.9793878112252278
67472,0.9794084131130586
67473,0.9794289944092974
67474,0.9794495551345255
67475,0.9794700953093035
67476,0.9794906149541718
67477,0.9795111140896499
67478,0.9795315927362369
67479,0.9795520509144116
67480,0.979572488644632
67481,0.979592905947336
67482,0.9796133028429408
67483,0.9796336793518434
67484,0.9796540354944203
67485,0.9796743712910276
67486,0.9796946867620011
67487,0.9797149819276563
67488,0.9797352568082883
67489,0.979755511424172
67490,0.9797757457955621
67491,0.979795959942693
67492,0.9798161538857787
67493,0.9798363276450133
67494,0.9798564812405705
67495,0.9798766146926039
67496,0.9798967280212469
67497,0.9799168212466131
67498,0.9799368943887954
67499,0.9799569474678671
67500,0.9799769805038813
67501,0.9799969935168709
67502,0.9790174862769739
67503,0.9790384583046831
67504,0.9790594093708453
67505,0.9790803394964117
67506,0.9791012487023123
67507,0.9791221370094564
67508,0.9791430044387323
67509,0.9791638510110073
67510,0.9791846767471283
67511,0.9792054816679208
67512,0.9792262657941897
67513,0.9792470291467192
67514,0.9792677717462728
67515,0.9792884936135928
67516,0.9793091947694014
67517,0.9793298752343995
67518,0.9793505350292677
67519,0.9793711741746658
67520,0.9793917926912329
67521,0.9794123905995875
67522,0.9794329679203275
67523,0.9794535246740304
67524,0.9794740608812527
67525,0.9794945765625308
67526,0.9795150717383804
67527,0.9795355464292965
67528,0.979556000655754
67529,0.979576434438207
67530,0.9795968477970893
67531,0.9796172407528144
67532,0.9796376133257751
67533,0.9796579655363441
67534,0.9796782974048734
67535,0.9796986089516951
67536,0.9797189001971207
67537,0.9797391711614414
67538,0.9797594218649281
67539,0.9797796523278318
67540,0.9797998625703828
67541,0.9798200526127911
67542,0.9798402224752472
67543,0.9798603721779205
67544,0.978881001491086
67545,0.9789021099353729
67546,0.9789231972817642
67547,0.9789442635513477
67548,0.9789653087651894
67549,0.9789863329443347
67550,0.9790073361098076
67551,0.9790283182826114
67552,0.9790492794837282
67553,0.9790702197341193
67554,0.9790911390547249
67555,0.9791120374664642
67556,0.9791329149902359
67557,0.9791537716469173
67558,0.9791746074573652
67559,0.9791954224424153
67560,0.9792162166228826
67561,0.9792369900195614
67562,0.9792577426532251
67563,0.9792784745446261
67564,0.9792991857144966
67565,0.9793198761835475
67566,0.9793405459724696
67567,0.9793611951019323
67568,0.9793818235925851
67569,0.9794024314650562
67570,0.9794230187399537
67571,0.9794435854378648
67572,0.9794641315793562
67573,0.979484657184974
67574,0.9795051622752439
67575,0.9795256468706709
67576,0.9795461109917397
67577,0.9795665546589144
67578,0.9795869778926386
67579,0.9796073807133356
67580,0.9796277631414083
67581,0.979648125197239
67582,0.9796684669011898
67583,0.9796887882736024
67584,0.9797090893347982
67585,0.9797293701050782
67586,0.9797496306047233
67587,0.9797698708539939
67588,0.9797900908731304
67589,0.9798102906823527
67590,0.9798304703018605
67591,0.9798506297518337
67592,0.9798707690524315
67593,0.9798908882237934
67594,0.9799109872860385
67595,0.9799310662592658
67596,0.9799511251635544
67597,0.9799711640189631
67598,0.9799911828455309
67599,0.9800111816632765
67600,0.9800311604921987
67601,0.9800511193522765
67602,0.9800710582634686
67603,0.980090977245714
67604,0.9801108763189317
67605,0.9801307555030208
67606,0.9801506148178604
67607,0.9801704542833097
67608,0.9801902739192084
67609,0.9802100737453762
67610,0.9802298537816126
67611,0.980249614047698
67612,0.9802693545633924
67613,0.9802890753484365
67614,0.980308776422551
67615,0.980328457805437
67616,0.9803481195167759
67617,0.9803677615762294
67618,0.9803873840034396
67619,0.9804069868180288
67620,0.9804265700396
67621,0.9804461336877364
67622,0.9804656777820014
67623,0.9804852023419395
67624,0.980504707387075
67625,0.980524192936913
67626,0.980543659010939
67627,0.9805631056286193
67628,0.9805825328094002
67629,0.9806019405727092
67630,0.9806213289379538
67631,0.9806406979245226
67632,0.9806600475517844
67633,0.980679377839089
67634,0.9806986888057666
67635,0.9807179804711281
67636,0.9807372528544653
67637,0.9807565059750506
67638,0.980775739852137
67639,0.9807949545049583
67640,0.9808141499527295
67641,0.9808333262146458
67642,0.9808524833098835
67643,0.9808716212575997
67644,0.9808907400769324
67645,0.9809098397870005
67646,0.9809289204069036
67647,0.9809479819557223
67648,0.9809670244525182
67649,0.9809860479163337
67650,0.9810050523661924
67651,0.9810240378210987
67652,0.9810430043000381
67653,0.9810619518219771
67654,0.9810808804058632
67655,0.9810997900706249
67656,0.981118680835172
67657,0.9811375527183952
67658,0.9811564057391664
67659,0.9811752399163387
67660,0.9811940552687461
67661,0.9812128518152041
67662,0.9812316295745093
67663,0.9812503885654393
67664,0.9812691288067532
67665,0.9812878503171912
67666,0.9813065531154749
67667,0.981325237220307
67668,0.9813439026503716
67669,0.9813625494243343
67670,0.9813811775608418
67671,0.981399787078522
67672,0.9814183779959847
67673,0.9814369503318209
67674,0.9814555041046027
67675,0.9814740393328839
67676,0.9814925560351999
67677,0.9815110542300672
67678,0.9815295339359842
67679,0.9815479951714304
67680,0.9815664379548673
67681,0.9815848623047375
67682,0.9816032682394654
67683,0.981621655777457
67684,0.9816400249370997
67685,0.9816583757367627
67686,0.9816767081947969
67687,0.9816950223295348
67688,0.9817133181592903
67689,0.9817315957023595
67690,0.9817498549770197
67691,0.9817680960015305
67692,0.9817863187941327
67693,0.9818045233730491
67694,0.9818227097564843
67695,0.9818408779626248
67696,0.9818590280096386
67697,0.981877159915676
67698,0.9818952736988688
67699,0.9809138691274556
67700,0.9809329457200319
67701,0.9809520032455491
67702,0.9809710417230648
67703,0.9809900611716175
67704,0.9810090616102265
67705,0.9810280430578925
67706,0.9810470055335967
67707,0.9810659490563017
67708,0.9810848736449511
67709,0.9801042790685943
67710,0.9801241648466367
67711,0.9801440307488389
67712,0.980163876795067
67713,0.9801837030051669
67714,0.9802035093989648
67715,0.9802232959962672
67716,0.9802430628168607
67717,0.980262809880512
67718,0.9802825372069682
67719,0.9803022448159567
67720,0.9803219327271852
67721,0.9803416009603414
67722,0.9803612495350936
67723,0.9803808784710906
67724,0.9804004877879611
67725,0.9804200775053145
67726,0.9794401473928653
67727,0.9794606969706836
67728,0.9794812260091936
67729,0.9795017345289245
67730,0.9795222225503849
67731,0.9795426900940627
67732,0.9785636369305504
67733,0.9785850625807947
67734,0.9786064668160962
67735,0.9786278496578592
67736,0.9786492111274665
67737,0.9786705512462797
67738,0.9786918700356387
67739,0.9787131675168624
67740,0.9787344437112484
67741,0.9787556986400727
67742,0.9787769323245904
67743,0.9787981447860351
67744,0.9788193360456193
67745,0.9788405061245342
67746,0.97886165504395
67747,0.9788827828250155
67748,0.9789038894888585
67749,0.9789249750565858
67750,0.9789460395492829
67751,0.9789670829880143
67752,0.9789881053938233
67753,0.9790091067877326
67754,0.9790300871907434
67755,0.979051046623836
67756,0.9790719851079701
67757,0.9790929026640841
67758,0.9791137993130955
67759,0.979134675075901
67760,0.9791555299733764
67761,0.9791763640263765
67762,0.9791971772557355
67763,0.9792179696822665
67764,0.9792387413267619
67765,0.9782599919601185
67766,0.9782817211035866
67767,0.9783034285287704
67768,0.9783251142573773
67769,0.9783467783110931
67770,0.9783684207115817
67771,0.9783900414804857
67772,0.9784116406394258
67773,0.9784332182100011
67774,0.9784547742137891
67775,0.978476308672346
67776,0.9784978216072062
67777,0.9785193130398827
67778,0.9785407829918669
67779,0.9785622314846286
67780,0.9775841582897414
67781,0.977606562929132
67782,0.9776289451750798
67783,0.9776513050499673
67784,0.9776736425761543
67785,0.9776959577759783
67786,0.9777182506717544
67787,0.9777405212857757
67788,0.9777627696403126
67789,0.9777849957576137
67790,0.9778071996599049
67791,0.9778293813693902
67792,0.9778515409082514
67793,0.977873678298648
67794,0.9778957935627174
67795,0.9779178867225747
67796,0.9779399578003133
67797,0.9779620068180042
67798,0.9779840337976963
67799,0.9780060387614167
67800,0.9780280217311704
67801,0.9780499827289404
67802,0.9780719217766876
67803,0.978093838896351
67804,0.978115734109848
67805,0.9781376074390735
67806,0.9781594589059011
67807,0.978181288532182
67808,0.978203096339746
67809,0.978224882350401
67810,0.9782466465859327
67811,0.9782683890681058
67812,0.9782901098186624
67813,0.9783118088593233
67814,0.9783334862117877
67815,0.978355141897733
67816,0.9783767759388147
67817,0.9783983883566669
67818,0.9784199791729021
67819,0.9784415484091111
67820,0.9784630960868631
67821,0.9784846222277058
67822,0.9785061268531654
67823,0.9785276099847464
67824,0.9785490716439321
67825,0.978570511852184
67826,0.9785919306309424
67827,0.9786133280016261
67828,0.9786347039856326
67829,0.9786560586043376
67830,0.9786773918790959
67831,0.9786987038312407
67832,0.978719994482084
67833,0.9787412638529165
67834,0.9787625119650075
67835,0.9787837388396052
67836,0.9788049444979364
67837,0.9788261289612068
67838,0.9788472922506009
67839,0.9788684343872819
67840,0.9788895553923921
67841,0.9789106552870523
67842,0.9789317340923627
67843,0.9789527918294018
67844,0.9789738285192274
67845,0.9789948441828764
67846,0.9790158388413643
67847,0.9790368125156859
67848,0.9790577652268146
67849,0.9790786969957034
67850,0.9790996078432839
67851,0.979120497790467
67852,0.9791413668581427
67853,0.97916221506718
67854,0.9791830424384272
67855,0.9792038489927116
67856,0.9792246347508399
67857,0.9792453997335977
67858,0.97926614396175
67859,0.9792868674560411
67860,0.9793075702371945
67861,0.9793282523259129
67862,0.9793489137428785
67863,0.9793695545087526
67864,0.9793901746441762
67865,0.9794107741697693
67866,0.9794313531061314
67867,0.9794519114738414
67868,0.9794724492934577
67869,0.9794929665855182
67870,0.9795134633705401
67871,0.9795339396690204
67872,0.9795543955014351
67873,0.9795748308882403
67874,0.9795952458498712
67875,0.9796156404067429
67876,0.9796360145792499
67877,0.9796563683877664
67878,0.9796767018526462
67879,0.9796970149942228
67880,0.9797173078328093
67881,0.9797375803886985
67882,0.9797578326821631
67883,0.9797780647334553
67884,0.9797982765628072
67885,0.9798184681904305
67886,0.9798386396365171
67887,0.9798587909212382
67888,0.9798789220647451
67889,0.9798990330871692
67890,0.9799191240086212
67891,0.9799391948491923
67892,0.9799592456289533
67893,0.9799792763679549
67894,0.9799992870862279
67895,0.9800192778037828
67896,0.9800392485406106
67897,0.980059199316682
67898,0.9800791301519476
67899,0.9800990410663385
67900,0.9801189320797654
67901,0.9801388032121194
67902,0.9801586544832718
67903,0.9801784859130735
67904,0.9801982975213563
67905,0.9802180893279318
67906,0.9802378613525915
67907,0.9802576136151077
67908,0.9802773461352325
67909,0.9802970589326986
67910,0.9803167520272186
67911,0.9803364254384858
67912,0.9803560791861734
67913,0.9803757132899353
67914,0.9803953277694056
67915,0.9804149226441988
67916,0.9804344979339098
67917,0.9804540536581138
67918,0.9804735898363666
67919,0.9804931064882043
67920,0.9805126036331436
67921,0.9805320812906817
67922,0.9805515394802962
67923,0.9805709782214453
67924,0.9805903975335678
67925,0.980609797436083
67926,0.9806291779483908
67927,0.9806485390898716
67928,0.9806678808798868
67929,0.9806872033377779
67930,0.9807065064828676
67931,0.980725790334459
67932,0.9807450549118358
67933,0.9807643002342628
67934,0.9807835263209851
67935,0.980802733191229
67936,0.9808219208642013
67937,0.9808410893590896
67938,0.9808602386950626
67939,0.9808793688912694
67940,0.9808984799668403
67941,0.9809175719408865
67942,0.9809366448324998
67943,0.9809556986607532
67944,0.9809747334447004
67945,0.9809937492033763
67946,0.9810127459557968
67947,0.9810317237209584
67948,0.981050682517839
67949,0.9810696223653974
67950,0.9810885432825734
67951,0.981107445288288
67952,0.9811263284014431
67953,0.9811451926409219
67954,0.9811640380255887
67955,0.9811828645742888
67956,0.9812016723058488
67957,0.9812204612390762
67958,0.9812392313927604
67959,0.9812579827856711
67960,0.98127671543656
67961,0.9812954293641597
67962,0.981314124587184
67963,0.9813328011243283
67964,0.981351458994269
67965,0.981370098215664
67966,0.9813887188071526
67967,0.9814073207873554
67968,0.9814259041748743
67969,0.9814444689882927
67970,0.9814630152461755
67971,0.9814815429670689
67972,0.9815000521695006
67973,0.9815185428719799
67974,0.9805375148431223
67975,0.9805569676018998
67976,0.9805764009176401
67977,0.9805958148097764
67978,0.9806152092977227
67979,0.9806345844008735
67980,0.9806539401386037
67981,0.9806732765302693
67982,0.9806925935952066
67983,0.9807118913527326
67984,0.9807311698221451
67985,0.9807504290227227
67986,0.9807696689737244
67987,0.9807888896943904
67988,0.9808080912039412
67989,0.9808272735215784
67990,0.9808464366664844
67991,0.9808655806578223
67992,0.9808847055147359
67993,0.9809038112563504
67994,0.9809228979017713
67995,0.9809419654700854
67996,0.9809610139803602
67997,0.9809800434516441
67998,0.9809990539029668
67999,0.9810180453533387
68000,0.9810370178217511
68001,0.9810559713271767
68002,0.9810749058885688
68003,0.9810938215248621
68004,0.9811127182549723
68005,0.9811315960977959
68006,0.9811504550722109
68007,0.9811692951970762
68008,0.981188116491232
68009,0.9812069189734997
68010,0.9812257026626816
68011,0.9812444675775615
68012,0.9812632137369042
68013,0.981281941159456
68014,0.9813006498639443
68015,0.9813193398690777
68016,0.9813380111935464
68017,0.9813566638560216
68018,0.981375297875156
68019,0.9813939132695836
68020,0.9804130098080448
68021,0.980432587009636
68022,0.9804521446438093
68023,0.9804716827301223
68024,0.9804912012881132
68025,0.9805107003373005
68026,0.9805301798971833
68027,0.9805496399872411
68028,0.979569580377059
68029,0.9795900005865772
68030,0.9796104003860908
68031,0.9796307797959998
68032,0.9796511388366834
68033,0.9796714775285008
68034,0.9796917958917907
68035,0.9797120939468713
68036,0.9797323717140408
68037,0.979752629213577
68038,0.9797728664657374
68039,0.9797930834907591
68040,0.9798132803088593
68041,0.9798334569402347
68042,0.979853613405062
68043,0.9798737497234977
68044,0.9798938659156782
68045,0.9799139620017194
68046,0.9799340380017177
68047,0.9799540939357491
68048,0.9799741298238692
68049,0.9799941456861142
68050,0.9800141415424999
68051,0.9800341174130222
68052,0.9800540733176568
68053,0.9800740092763598
68054,0.980093925309067
68055,0.9801138214356947
68056,0.9801336976761388
68057,0.9801535540502756
68058,0.9801733905779615
68059,0.980193207279033
68060,0.9802130041733068
68061,0.9802327812805799
68062,0.9802525386206293
68063,0.9802722762132124
68064,0.9802919940780668
68065,0.9803116922349103
68066,0.9803313707034411
68067,0.9803510295033377
68068,0.9803706686542589
68069,0.9803902881758438
68070,0.980409888087712
68071,0.9804294684094634
68072,0.9804490291606783
68073,0.9804685703609175
68074,0.9804880920297222
68075,0.980507594186614
68076,0.9805270768510952
68077,0.9805465400426483
68078,0.9805659837807366
68079,0.9805854080848038
68080,0.9806048129742743
68081,0.9806241984685529
68082,0.9806435645870251
68083,0.980662911349057
68084,0.9806822387739955
68085,0.9797020466312929
68086,0.9797223344407568
68087,0.9797426019725501
68088,0.9797628492469403
68089,0.9797830762841748
68090,0.9798032831044805
68091,0.9798234697280642
68092,0.9798436361751126
68093,0.9798637824657922
68094,0.9788844083703742
68095,0.9789055134094843
68096,0.9789265973541025
68097,0.9789476602253128
68098,0.9789687020441781
68099,0.9789897228317401
68100,0.9790107226090198
68101,0.9790317013970168
68102,0.9790526592167099
68103,0.9790735960890571
68104,0.9790945120349951
68105,0.9791154070754399
68106,0.9791362812312865
68107,0.9791571345234091
68108,0.9791779669726611
68109,0.9791987785998748
68110,0.979219569425862
68111,0.9792403394714133
68112,0.979261088757299
68113,0.9792818173042682
68114,0.9793025251330496
68115,0.9793232122643509
68116,0.9793438787188593
68117,0.9793645245172412
68118,0.9793851496801426
68119,0.9794057542281884
68120,0.9794263381819833
68121,0.9794469015621112
68122,0.9794674443891356
68123,0.9794879666835992
68124,0.9795084684660244
68125,0.9795289497569128
68126,0.979549410576746
68127,0.9795698509459847
68128,0.9795902708850692
68129,0.9796106704144195
68130,0.9796310495544351
68131,0.9796514083254951
68132,0.9796717467479584
68133,0.9796920648421633
68134,0.979712362628428
68135,0.9797326401270502
68136,0.9797528973583075
68137,0.9797731343424572
68138,0.9797933510997361
68139,0.979813547650361
68140,0.9798337240145285
68141,0.979853880212415
68142,0.9798740162641767
68143,0.9798941321899496
68144,0.9799142280098497
68145,0.9799343037439728
68146,0.9799543594123946
68147,0.9789748947852958
68148,0.9789959093832115
68149,0.9790169029770314
68150,0.979037875587749
68151,0.979058827236337
68152,0.9790797579437469
68153,0.9791006677309095
68154,0.9791215566187347
68155,0.9791424246281113
68156,0.9791632717799073
68157,0.9791840980949699
68158,0.9792049035941254
68159,0.9792256882981792
68160,0.9792464522279162
68161,0.9792671954041001
68162,0.9792879178474744
68163,0.9793086195787613
68164,0.9793293006186625
68165,0.9793499609878593
68166,0.9793706007070119
68167,0.97939121979676
68168,0.9794118182777228
68169,0.9794323961704987
68170,0.9794529534956656
68171,0.979473490273781
68172,0.9794940065253813
68173,0.9795145022709831
68174,0.9795349775310821
68175,0.9795554323261535
68176,0.9795758666766521
68177,0.9795962806030123
68178,0.979616674125648
68179,0.9796370472649527
68180,0.9796574000412995
68181,0.9796777324750413
68182,0.9796980445865106
68183,0.9797183363960192
68184,0.9797386079238593
68185,0.9797588591903021
68186,0.9797790902155992
68187,0.9797993010199814
68188,0.9798194916236596
68189,0.9798396620468243
68190,0.979859812309646
68191,0.979879942432275
68192,0.9799000524348415
68193,0.9799201423374553
68194,0.9799402121602064
68195,0.9799602619231648
68196,0.97998029164638
68197,0.9800003013498819
68198,0.9800202910536802
68199,0.9800402607777644
68200,0.9800602105421045
68201,0.98008014036665
68202,0.9801000502713311
68203,0.9801199402760574
68204,0.9801398104007191
68205,0.9801596606651861
68206,0.9801794910893089
68207,0.9801993016929178
68208,0.9802190924958234
68209,0.9802388635178165
68210,0.9802586147786683
68211,0.9802783462981298
68212,0.9802980580959328
68213,0.980317750191789
68214,0.9803374226053905
68215,0.9803570753564096
68216,0.9803767084644991
68217,0.9803963219492922
68218,0.9804159158304023
68219,0.9804354901274234
68220,0.9794555446100547
68221,0.9794760787983505
68222,0.97949659246272
68223,0.9795170856236768
68224,0.9795375583017141
68225,0.9795580105173045
68226,0.9795784422909004
68227,0.9795988536429335
68228,0.9796192445938151
68229,0.9796396151639363
68230,0.9796599653736675
68231,0.979680295243359
68232,0.9797006047933406
68233,0.979720894043922
68234,0.9797411630153924
68235,0.9797614117280207
68236,0.9797816402020556
68237,0.9798018484577257
68238,0.9798220365152391
68239,0.9798422043947841
68240,0.9798623521165284
68241,0.9798824797006198
68242,0.9799025871671859
68243,0.9799226745363342
68244,0.979942741828152
68245,0.9799627890627066
68246,0.9799828162600452
68247,0.9800028234401951
68248,0.9800228106231634
68249,0.9800427778289373
68250,0.9800627250774842
68251,0.980082652388751
68252,0.9801025597826654
68253,0.9801224472791344
68254,0.9801423148980458
68255,0.9801621626592671
68256,0.9801819905826462
68257,0.9802017986880108
68258,0.9802215869951693
68259,0.9792418552740346
68260,0.9792626030448751
68261,0.9792833300783135
68262,0.9793040363950768
68263,0.9793247220158713
68264,0.9793453869613826
68265,0.9793660312522758
68266,0.9793866549091951
68267,0.9794072579527641
68268,0.9794278404035859
68269,0.979448402282243
68270,0.9794689436092971
68271,0.9794894644052898
68272,0.9795099646907418
68273,0.9795304444861533
68274,0.9795509038120043
68275,0.9795713426887539
68276,0.9795917611368411
68277,0.9796121591766843
68278,0.9796325368286817
68279,0.9796528941132108
68280,0.9796732310506289
68281,0.9796935476612729
68282,0.9797138439654596
68283,0.9797341199834851
68284,0.9797543757356256
68285,0.9797746112421367
68286,0.979794826523254
68287,0.9798150215991928
68288,0.979835196490148
68289,0.9798553512162949
68290,0.9798754857977878
68291,0.9798956002547615
68292,0.9799156946073305
68293,0.9799357688755891
68294,0.9799558230796115
68295,0.9799758572394519
68296,0.9799958713751447
68297,0.9800158655067037
68298,0.9800358396541233
68299,0.9800557938373776
68300,0.9800757280764207
68301,0.980095642391187
68302,0.9801155368015906
68303,0.980135411327526
68304,0.9801552659888678
68305,0.9801751008054707
68306,0.9801949157971693
68307,0.9802147109837789
68308,0.9802344863850945
68309,0.9802542420208915
68310,0.9802739779109256
68311,0.9802936940749327
68312,0.9803133905326289
68313,0.9803330673037107
68314,0.9803527244078549
68315,0.9803723618647187
68316,0.9803919796939393
68317,0.9804115779151348
68318,0.9804311565479032
68319,0.9804507156118234
68320,0.9804702551264542
68321,0.9804897751113354
68322,0.9805092755859868
68323,0.9805287565699088
68324,0.9805482180825825
68325,0.9805676601434695
68326,0.9805870827720118
68327,0.980606485987632
68328,0.9806258698097333
68329,0.9806452342576996
68330,0.9806645793508952
68331,0.9806839051086654
68332,0.9807032115503359
68333,0.9807224986952131
68334,0.9807417665625842
68335,0.980761015171717
68336,0.9807802445418602
68337,0.9807994546922432
68338,0.980818645642076
68339,0.9808378174105497
68340,0.9808569700168359
68341,0.9808761034800875
68342,0.9808952178194377
68343,0.9809143130540009
68344,0.9809333892028724
68345,0.9809524462851285
68346,0.980971484319826
68347,0.980990503326003
68348,0.9810095033226787
68349,0.9810284843288529
68350,0.9810474463635067
68351,0.9810663894456022
68352,0.9810853135940824
68353,0.9811042188278714
68354,0.9811231051658745
68355,0.9811419726269781
68356,0.9811608212300496
68357,0.9811796509939376
68358,0.9811984619374718
68359,0.9812172540794634
68360,0.9812360274387043
68361,0.981254782033968
68362,0.981273517884009
68363,0.9812922350075631
68364,0.9813109334233476
68365,0.981329613150061
68366,0.9813482742063827
68367,0.9813669166109741
68368,0.9813855403824774
68369,0.9814041455395164
68370,0.9814227321006963
68371,0.9814413000846036
68372,0.9814598495098064
68373,0.981478380394854
68374,0.9814968927582775
68375,0.9815153866185891
68376,0.9815338619942826
68377,0.9815523189038335
68378,0.9815707573656988
68379,0.9815891773983167
68380,0.9816075790201075
68381,0.9816259622494727
68382,0.9816443271047957
68383,0.981662673604441
68384,0.9816810017667554
68385,0.9816993116100671
68386,0.9817176031526857
68387,0.9817358764129029
68388,0.981754131408992
68389,0.981772368159208
68390,0.9817905866817875
68391,0.9818087869949491
68392,0.9818269691168932
68393,0.9818451330658018
68394,0.9818632788598389
68395,0.9818814065171504
68396,0.9818995160558639
68397,0.981917607494089
68398,0.981935680849917
68399,0.9819537361414213
68400,0.9809722731367823
68401,0.9809912913545366
68402,0.9810102905635775
68403,0.9810292707829043
68404,0.981048232031497
68405,0.9810671743283171
68406,0.9810860976923068
68407,0.9811050021423895
68408,0.9811238876974696
68409,0.9811427543764326
68410,0.9811616021981453
68411,0.9811804311814555
68412,0.9811992413451922
68413,0.9812180327081655
68414,0.9812368052891669
68415,0.9812555591069688
68416,0.9812742941803252
68417,0.981293010527971
68418,0.9813117081686227
68419,0.9813303871209779
68420,0.9813490474037155
68421,0.981367689035496
68422,0.9813863120349607
68423,0.9814049164207329
68424,0.9814235022114168
68425,0.9814420694255983
68426,0.9814606180818446
68427,0.9814791481987043
68428,0.9814976597947076
68429,0.981516152888366
68430,0.9815346274981728
68431,0.9815530836426024
68432,0.981571521340111
68433,0.9815899406091364
68434,0.9816083414680978
68435,0.9816267239353961
68436,0.9816450880294136
68437,0.9816634337685147
68438,0.981681761171045
68439,0.9817000702553318
68440,0.9817183610396842
68441,0.9817366335423932
68442,0.9817548877817311
68443,0.9817731237759523
68444,0.9817913415432926
68445,0.9818095411019699
68446,0.9818277224701839
68447,0.9808463854162407
68448,0.9808655294588031
68449,0.9808846543668903
68450,0.9809037601596271
68451,0.9809228468561192
68452,0.9809419144754534
68453,0.9809609630366973
68454,0.9809799925588996
68455,0.9799995028112145
68456,0.9800194933131523
68457,0.9800394638345784
68458,0.9800594143954634
68459,0.9800793450157578
68460,0.9800992557153922
68461,0.9801191465142775
68462,0.9801390174323041
68463,0.9801588684893433
68464,0.980178699705246
68465,0.9801985110998435
68466,0.9802183026929471
68467,0.9802380745043484
68468,0.9802578265538193
68469,0.9802775588611119
68470,0.9802972714459584
68471,0.9803169643280714
68472,0.9803366375271437
68473,0.9803562910628487
68474,0.9803759249548398
68475,0.980395539222751
68476,0.9804151338861965
68477,0.980434708964771
68478,0.9804542644780496
68479,0.9804738004455879
68480,0.9804933168869217
68481,0.9805128138215674
68482,0.9805322912690221
68483,0.9805517492487632
68484,0.9805711877802487
68485,0.9805906068829171
68486,0.9806100065761876
68487,0.9806293868794598
68488,0.980648747812114
68489,0.9806680893935111
68490,0.9806874116429929
68491,0.9807067145798815
68492,0.9807259982234797
68493,0.9807452625930715
68494,0.980764507707921
68495,0.9807837335872734
68496,0.9808029402503546
68497,0.9808221277163712
68498,0.9808412960045108
68499,0.9808604451339415
68500,0.9808795751238126
68501,0.9808986859932541
68502,0.9809177777613768
68503,0.9809368504472724
68504,0.9809559040700138
68505,0.9809749386486545
68506,0.980993954202229
68507,0.981012950749753
68508,0.981031928310223
68509,0.9810508869026165
68510,0.9810698265458923
68511,0.9810887472589898
68512,0.9811076490608298
68513,0.9811265319703142
68514,0.9811453960063259
68515,0.9811642411877288
68516,0.9811830675333683
68517,0.9812018750620706
68518,0.9812206637926432
68519,0.9812394337438749
68520,0.9812581849345356
68521,0.9812769173833767
68522,0.9812956311091305
68523,0.9813143261305107
68524,0.9813330024662124
68525,0.9813516601349118
68526,0.9813702991552667
68527,0.9813889195459161
68528,0.9814075213254804
68529,0.9814261045125614
68530,0.9814446691257422
68531,0.9814632151835876
68532,0.9814817427046435
68533,0.9815002517074375
68534,0.9815187422104785
68535,0.9815372142322571
68536,0.9815556677912454
68537,0.9815741029058968
68538,0.9815925195946464
68539,0.9816109178759111
68540,0.9816292977680892
68541,0.9816476592895603
68542,0.9816660024586862
68543,0.9816843272938099
68544,0.9817026338132564
68545,0.9817209220353321
68546,0.9817391919783253
68547,0.9817574436605059
68548,0.9817756771001256
68549,0.9817938923154178
68550,0.9818120893245978
68551,0.9818302681458626
68552,0.981848428797391
68553,0.9818665712973436
68554,0.9818846956638629
68555,0.9819028019150735
68556,0.9819208900690815
68557,0.981938960143975
68558,0.981957012157824
68559,0.9819750461286808
68560,0.9819930620745791
68561,0.9820110600135351
68562,0.9820290399635465
68563,0.9820470019425934
68564,0.9820649459686378
68565,0.9820828720596236
68566,0.9821007802334771
68567,0.9821186705081063
68568,0.9821365429014015
68569,0.9821543974312352
68570,0.9821722341154618
68571,0.9821900529719182
68572,0.982207854018423
68573,0.9822256372727775
68574,0.9822434027527647
68575,0.9822611504761503
68576,0.9822788804606818
68577,0.9822965927240894
68578,0.9823142872840853
68579,0.9823319641583641
68580,0.9823496233646026
68581,0.9823672649204601
68582,0.9823848888435781
68583,0.9824024951515805
68584,0.9824200838620737
68585,0.9824376549926463
68586,0.9824552085608695
68587,0.982472744584297
68588,0.9824902630804646
68589,0.9825077640668909
68590,0.982525247561077
68591,0.9825427135805062
68592,0.9825601621426446
68593,0.9825775932649409
68594,0.982595006964826
68595,0.9826124032597138
68596,0.9826297821670004
68597,0.9826471437040648
68598,0.9826644878882687
68599,0.982681814736956
68600,0.9826991242674539
68601,0.9827164164970716
68602,0.9827336914431015
68603,0.9827509491228186
68604,0.9827681895534804
68605,0.9827854127523276
68606,0.9818031184867081
68607,0.9818213062743276
68608,0.9818394758832488
68609,0.9818576273316414
68610,0.9818757606376567
68611,0.9818938758194281
68612,0.9819119728950708
68613,0.9819300518826819
68614,0.9819481128003403
68615,0.9819661556661071
68616,0.981984180498025
68617,0.9820021873141189
68618,0.9820201761323957
68619,0.982038146970844
68620,0.9820560998474349
68621,0.9820740347801211
68622,0.9820919517868376
68623,0.9821098508855014
68624,0.9821277320940116
68625,0.9821455954302495
68626,0.9821634409120783
68627,0.9811817683074685
68628,0.9812005771347474
68629,0.9812193671625987
68630,0.9812381384098126
68631,0.9812568908951601
68632,0.9812756246373938
68633,0.9812943396552475
68634,0.9813130359674361
68635,0.981331713592656
68636,0.9813503725495849
68637,0.9813690128568817
68638,0.9813876345331867
68639,0.9814062375971215
68640,0.9814248220672893
68641,0.9814433879622745
68642,0.9814619353006431
68643,0.9814804641009423
68644,0.981498974381701
68645,0.9815174661614294
68646,0.9815359394586194
68647,0.9815543942917442
68648,0.9815728306792587
68649,0.9815912486395992
68650,0.9816096481911838
68651,0.981628029352412
68652,0.9816463921416649
68653,0.9816647365773055
68654,0.981683062677678
68655,0.9817013704611086
68656,0.9817196599459052
68657,0.981737931150357
68658,0.9817561840927355
68659,0.9817744187912935
68660,0.9817926352642656
68661,0.9818108335298685
68662,0.9818290136063005
68663,0.9818471755117415
68664,0.9818653192643535
68665,0.9818834448822802
68666,0.9819015523836472
68667,0.9819196417865621
68668,0.9819377131091143
68669,0.981955766369375
68670,0.9819738015853976
68671,0.9819918187752172
68672,0.9820098179568512
68673,0.9820277991482986
68674,0.9820457623675407
68675,0.9820637076325407
68676,0.9820816349612438
68677,0.9820995443715774
68678,0.982117435881451
68679,0.9821353095087558
68680,0.9821531652713658
68681,0.9821710031871365
68682,0.9821888232739059
68683,0.9822066255494942
68684,0.9822244100317036
68685,0.9822421767383186
68686,0.9822599256871059
68687,0.9822776568958144
68688,0.9822953703821754
68689,0.9823130661639023
68690,0.982330744258691
68691,0.9823484046842196
68692,0.9823660474581484
68693,0.9823836725981202
68694,0.9824012801217603
68695,0.982418870046676
68696,0.9824364423904575
68697,0.9824539971706769
68698,0.9824715344048891
68699,0.9824890541106314
68700,0.9825065563054234
68701,0.9825240410067673
68702,0.9825415082321478
68703,0.9825589579990323
68704,0.9825763903248703
68705,0.9825938052270944
68706,0.9826112027231193
68707,0.9826285828303426
68708,0.9826459455661444
68709,0.9826632909478874
68710,0.982680618992917
68711,0.9826979297185613
68712,0.982715223142131
68713,0.9827324992809194
68714,0.9827497581522029
68715,0.9817674995233651
68716,0.9817857229121473
68717,0.9818039280866478
68718,0.981822115065072
68719,0.9818402838656066
68720,0.9818584345064206
68721,0.9818765670056646
68722,0.9818946813814711
68723,0.9819127776519544
68724,0.9819308558352108
68725,0.9819489159493185
68726,0.9819669580123377
68727,0.9819849820423103
68728,0.9820029880572605
68729,0.9820209760751942
68730,0.9820389461140996
68731,0.9820568981919465
68732,0.9820748323266872
68733,0.9820927485362557
68734,0.9821106468385683
68735,0.9821285272515232
68736,0.982146389793001
68737,0.982164234480864
68738,0.982182061332957
68739,0.982199870367107
68740,0.9822176616011229
68741,0.982235435052796
68742,0.9822531907398996
68743,0.9822709286801895
68744,0.9822886488914037
68745,0.9823063513912623
68746,0.982324036197468
68747,0.9823417033277054
68748,0.9823593527996417
68749,0.9823769846309264
68750,0.9823945988391913
68751,0.9824121954420507
68752,0.9824297744571011
68753,0.9824473359019216
68754,0.9824648797940736
68755,0.982482406151101
68756,0.9824999149905302
68757,0.9825174063298701
68758,0.9825348801866118
68759,0.9825523365782294
68760,0.9825697755221792
68761,0.9825871970359001
68762,0.9826046011368138
68763,0.9826219878423242
68764,0.9826393571698182
68765,0.9816572088867899
68766,0.9816755425110909
68767,0.9816938578109299
68768,0.9817121548046222
68769,0.9817304335104646
68770,0.981748693946736
68771,0.9817669361316969
68772,0.9817851600835892
68773,0.9818033658206371
68774,0.9818215533610463
68775,0.9818397227230042
68776,0.9818578739246804
68777,0.981876006984226
68778,0.981894121919774
68779,0.9819122187494393
68780,0.981930297491319
68781,0.9819483581634916
68782,0.9819664007840179
68783,0.9819844253709404
68784,0.9820024319422839
68785,0.9820204205160546
68786,0.9820383911102415
68787,0.9820563437428149
68788,0.9820742784317277
68789,0.9820921951949143
68790,0.9821100940502917
68791,0.9821279750157587
68792,0.9821458381091962
68793,0.9821636833484674
68794,0.9821815107514175
68795,0.9821993203358739
68796,0.9822171121196461
68797,0.982234886120526
68798,0.9822526423562876
68799,0.9822703808446871
68800,0.982288101603463
68801,0.9823058046503361
68802,0.9823234900030094
68803,0.9823411576791684
68804,0.9823588076964805
68805,0.982376440072596
68806,0.9823940548251471
68807,0.9824116519717486
68808,0.9824292315299977
68809,0.982446793517474
68810,0.9824643379517394
68811,0.9824818648503383
68812,0.9824993742307977
68813,0.9825168661106269
68814,0.9825343405073179
68815,0.9825517974383451
68816,0.9825692369211654
68817,0.9825866589732182
68818,0.9826040636119256
68819,0.9826214508546923
68820,0.9826388207189055
68821,0.9826561732219351
68822,0.9826735083811335
68823,0.9826908262138361
68824,0.9827081267373605
68825,0.9827254099690074
68826,0.9827426759260598
68827,0.9827599246257839
68828,0.9827771560854283
68829,0.9827943703222244
68830,0.9828115673533866
68831,0.9828287471961118
68832,0.9828459098675799
68833,0.9828630553849537
68834,0.9818806835155034
68835,0.9818987937768572
68836,0.9819168859370002
68837,0.9819349600140247
68838,0.9819530160260047
68839,0.9819710539909962
68840,0.9819890739270372
68841,0.9810075756022725
68842,0.9810265585352037
68843,0.9810455224946888
68844,0.9810644674996916
68845,0.9810833935691572
68846,0.9811023007220117
68847,0.981121188977162
68848,0.9811400583534967
68849,0.981158908869885
68850,0.9811777405451775
68851,0.9811965533982058
68852,0.9812153474477828
68853,0.9812341227127026
68854,0.9812528792117404
68855,0.9812716169636527
68856,0.9812903359871773
68857,0.9813090363010332
68858,0.9813277179239207
68859,0.9813463808745215
68860,0.9813650251714985
68861,0.981383650833496
68862,0.9814022578791397
68863,0.9814208463270366
68864,0.9814394161957752
68865,0.9814579675039253
68866,0.9814765002700383
68867,0.981495014512647
68868,0.9815135102502656
68869,0.9815319875013897
68870,0.9815504462844967
68871,0.9815688866180454
68872,0.9815873085204762
68873,0.9816057120102109
68874,0.9816240971056529
68875,0.9816424638251875
68876,0.9816608121871813
68877,0.9816791422099826
68878,0.9816974539119216
68879,0.9817157473113101
68880,0.9817340224264411
68881,0.9817522792755902
68882,0.9817705178770139
68883,0.9817887382489509
68884,0.9818069404096216
68885,0.9818251243772281
68886,0.9818432901699545
68887,0.9818614378059666
68888,0.9818795673034119
68889,0.98189767868042
68890,0.9819157719551023
68891,0.981933847145552
68892,0.9819519042698442
68893,0.9819699433460363
68894,0.9819879643921672
68895,0.982005967426258
68896,0.9820239524663117
68897,0.9820419195303134
68898,0.9820598686362301
68899,0.9820777998020109
68900,0.9820957130455872
68901,0.9821136083848719
68902,0.9821314858377607
68903,0.9821493454221307
68904,0.9821671871558417
68905,0.9821850110567354
68906,0.9822028171426357
68907,0.9822206054313487
68908,0.9822383759406627
68909,0.9822561286883481
68910,0.9822738636921579
68911,0.9822915809698268
68912,0.9823092805390724
68913,0.9823269624175941
68914,0.9823446266230738
68915,0.9823622731731756
68916,0.9823799020855463
68917,0.9823975133778146
68918,0.9824151070675918
68919,0.9824326831724718
68920,0.9824502417100306
68921,0.9824677826978266
68922,0.982485306153401
68923,0.9825028120942771
68924,0.982520300537961
68925,0.9825377715019411
68926,0.9825552250036883
68927,0.9825726610606561
68928,0.9825900796902807
68929,0.9826074809099805
68930,0.9826248647371569
68931,0.9826422311891938
68932,0.9826595802834575
68933,0.9826769120372971
68934,0.9826942264680445
68935,0.982711523593014
68936,0.9827288034295026
68937,0.9827460659947905
68938,0.98276331130614
68939,0.9827805393807966
68940,0.9827977502359881
68941,0.9828149438889257
68942,0.9828321203568028
68943,0.982849279656796
68944,0.9828664218060646
68945,0.9828835468217507
68946,0.9829006547209793
68947,0.9829177455208584
68948,0.9829348192384788
68949,0.9829518758909142
68950,0.982968915495221
68951,0.9829859380684391
68952,0.9830029436275911
68953,0.9830199321896824
68954,0.9830369037717017
68955,0.9830538583906205
68956,0.9830707960633935
68957,0.9830877168069584
68958,0.9831046206382358
68959,0.9831215075741296
68960,0.9831383776315268
68961,0.9831552308272974
68962,0.9831720671782946
68963,0.9831888867013548
68964,0.9832056894132976
68965,0.9832224753309254
68966,0.9832392444710245
68967,0.9832559968503638
68968,0.9832727324856958
68969,0.9832894513937561
68970,0.9833061535912636
68971,0.9833228390949205
68972,0.9833395079214123
68973,0.9833561600874079
68974,0.9833727956095594
68975,0.9833894145045023
68976,0.9834060167888556
68977,0.9834226024792216
68978,0.983439171592186
68979,0.9834557241443177
68980,0.9834722601521695
68981,0.9834887796322772
68982,0.9835052826011605
68983,0.9835217690753223
68984,0.983538239071249
68985,0.9835546926054107
68986,0.9835711296942609
68987,0.9835875503542366
68988,0.9836039546017586
68989,0.9836203424532312
68990,0.983636713925042
68991,0.9836530690335628
68992,0.9836694077951484
68993,0.9836857302261378
68994,0.9837020363428534
68995,0.9837183261616012
68996,0.983734599698671
68997,0.9837508569703366
68998,0.983767097992855
68999,0.9837833227824674
69000,0.9837995313553984
69001,0.9838157237278569
69002,0.9838318999160349
69003,0.9838480599361088
69004,0.9838642038042387
69005,0.9838803315365683
69006,0.9838964431492254
69007,0.9839125386583216
69008,0.9839286180799525
69009,0.9839446814301974
69010,0.9839607287251197
69011,0.9839767599807668
69012,0.9839927752131699
69013,0.9840087744383441
69014,0.9840247576722888
69015,0.9840407249309872
69016,0.9840566762304065
69017,0.9840726115864981
69018,0.9840885310151972
69019,0.9841044345324234
69020,0.9841203221540801
69021,0.984136193896055
69022,0.9841520497742199
69023,0.9841678898044306
69024,0.9841837140025271
69025,0.9841995223843337
69026,0.9842153149656587
69027,0.9842310917622947
69028,0.9842468527900186
69029,0.9842625980645913
69030,0.984278327601758
69031,0.9842940414172485
69032,0.9843097395267765
69033,0.9843254219460401
69034,0.9843410886907217
69035,0.9843567397764881
69036,0.9843723752189903
69037,0.9843879950338639
69038,0.9844035992367286
69039,0.9844191878431886
69040,0.9844347608688326
69041,0.9844503183292336
69042,0.984465860239949
69043,0.9844813866165207
69044,0.9844968974744752
69045,0.9845123928293233
69046,0.9845278726965604
69047,0.9845433370916663
69048,0.9845587860301054
69049,0.9845742195273267
69050,0.9845896375987636
69051,0.9836055400099593
69052,0.9836219262768159
69053,0.9836382961655947
69054,0.9836546496926656
69055,0.983670986874382
69056,0.9836873077270814
69057,0.9837036122670842
69058,0.9837199005106954
69059,0.9837361724742029
69060,0.9837524281738789
69061,0.9837686676259789
69062,0.9837848908467426
69063,0.983801097852393
69064,0.9838172886591372
69065,0.983833463283166
69066,0.983849621740654
69067,0.9838657640477598
69068,0.9838818902206257
69069,0.9838980002753777
69070,0.9839140942281259
69071,0.9839301720949644
69072,0.9839462338919709
69073,0.9839622796352073
69074,0.9839783093407194
69075,0.9839943230245367
69076,0.9840103207026731
69077,0.9840263023911262
69078,0.9840422681058777
69079,0.9840582178628933
69080,0.9840741516781227
69081,0.9840900695674999
69082,0.9841059715469427
69083,0.984121857632353
69084,0.9841377278396171
69085,0.9841535821846049
69086,0.984169420683171
69087,0.9841852433511539
69088,0.9842010502043761
69089,0.9842168412586446
69090,0.9842326165297505
69091,0.9842483760334688
69092,0.9842641197855593
69093,0.9842798478017656
69094,0.9842955600978158
69095,0.9843112566894222
69096,0.9843269375922814
69097,0.9843426028220742
69098,0.984358252394466
69099,0.9843738863251061
69100,0.9833900043797538
69101,0.9834066060745267
69102,0.9834231911759015
69103,0.9834397597004633
69104,0.9834563116647806
69105,0.9834728470854055
69106,0.9834893659788734
69107,0.9835058683617031
69108,0.983522354250397
69109,0.9835388236614411
69110,0.9835552766113047
69111,0.9835717131164409
69112,0.9825886329434109
69113,0.9826060356091346
69114,0.9826234208808896
69115,0.9826407887760611
69116,0.9826581393120171
69117,0.982675472506108
69118,0.9826927883756671
69119,0.9827100869380102
69120,0.9827273682104359
69121,0.9827446322102256
69122,0.9827618789546432
69123,0.9827791084609354
69124,0.9827963207463318
69125,0.9828135158280447
69126,0.982830693723269
69127,0.9828478544491828
69128,0.9828649980229467
69129,0.9828821244617043
69130,0.9828992337825821
69131,0.9829163260026895
69132,0.9829334011391186
69133,0.9829504592089446
69134,0.9829675002292255
69135,0.9829845242170024
69136,0.9830015311892993
69137,0.9830185211631232
69138,0.9830354941554639
69139,0.9830524501832945
69140,0.983069389263571
69141,0.9830863114132327
69142,0.9831032166492014
69143,0.9831201049883826
69144,0.9831369764476646
69145,0.9831538310439188
69146,0.9831706687939998
69147,0.9831874897147455
69148,0.9832042938229766
69149,0.9832210811354973
69150,0.983237851669095
69151,0.9832546054405402
69152,0.9832713424665867
69153,0.9832880627639714
69154,0.9833047663494147
69155,0.9833214532396202
69156,0.9833381234512747
69157,0.9833547770010486
69158,0.9833714139055952
69159,0.9833880341815516
69160,0.9834046378455381
69161,0.9834212249141583
69162,0.9834377954039992
69163,0.9834543493316314
69164,0.9834708867136088
69165,0.9834874075664688
69166,0.9835039119067321
69167,0.9835203997509033
69168,0.9835368711154702
69169,0.9835533260169039
69170,0.9835697644716597
69171,0.9835861864961758
69172,0.9836025921068743
69173,0.9836189813201608
69174,0.9836353541524245
69175,0.9836517106200383
69176,0.9836680507393586
69177,0.9836843745267255
69178,0.983700681998463
69179,0.9837169731708783
69180,0.9837332480602626
69181,0.9837495066828911
69182,0.9837657490550221
69183,0.9837819751928981
69184,0.9837981851127453
69185,0.9838143788307735
69186,0.9838305563631765
69187,0.9838467177261319
69188,0.9838628629358009
69189,0.9838789920083288
69190,0.9838951049598448
69191,0.9839112018064616
69192,0.9839272825642763
69193,0.9839433472493695
69194,0.9839593958778059
69195,0.9839754284656341
69196,0.9839914450288869
69197,0.9840074455835807
69198,0.984023430145716
69199,0.9840393987312775
69200,0.9840553513562338
69201,0.9840712880365374
69202,0.9840872087881251
69203,0.9841031136269175
69204,0.9841190025688196
69205,0.9841348756297204
69206,0.9841507328254927
69207,0.9841665741719939
69208,0.9841823996850654
69209,0.9841982093805326
69210,0.9842140032742053
69211,0.9842297813818772
69212,0.9842455437193266
69213,0.9842612903023158
69214,0.9842770211465913
69215,0.984292736267884
69216,0.9843084356819092
69217,0.984324119404366
69218,0.9843397874509384
69219,0.9843554398372943
69220,0.9843710765790862
69221,0.9843866976919506
69222,0.9834028029416338
69223,0.9834193918442409
69224,0.9834359641662357
69225,0.9834525199241905
69226,0.9834690591346611
69227,0.9834855818141867
69228,0.98350208797929
69229,0.9835185776464771
69230,0.9835350508322377
69231,0.9835515075530451
69232,0.983567947825356
69233,0.9835843716656104
69234,0.9836007790902325
69235,0.9836171701156295
69236,0.9836335447581926
69237,0.9836499030342964
69238,0.9836662449602992
69239,0.9836825705525428
69240,0.9836988798273528
69241,0.9837151728010386
69242,0.9837314494898931
69243,0.9837477099101931
69244,0.9837639540781989
69245,0.9837801820101547
69246,0.9837963937222884
69247,0.9838125892308119
69248,0.9838287685519206
69249,0.9838449317017938
69250,0.9838610786965946
69251,0.98387720955247
69252,0.983893324285551
69253,0.9839094229119523
69254,0.9839255054477724
69255,0.9839415719090939
69256,0.9839576223119834
69257,0.9839736566724911
69258,0.9839896750066516
69259,0.984005677330483
69260,0.9840216636599878
69261,0.9840376340111522
69262,0.9840535883999466
69263,0.9840695268423255
69264,0.9840854493542273
69265,0.9841013559515743
69266,0.9841172466502734
69267,0.9841331214662152
69268,0.9841489804152744
69269,0.9841648235133101
69270,0.9841806507761655
69271,0.9841964622196675
69272,0.9842122578596278
69273,0.9842280377118421
69274,0.9842438017920901
69275,0.9842595501161361
69276,0.9842752826997282
69277,0.984290999558599
69278,0.9843067007084655
69279,0.9843223861650288
69280,0.9843380559439743
69281,0.9843537100609718
69282,0.9843693485316755
69283,0.9843849713717238
69284,0.9844005785967396
69285,0.9844161702223301
69286,0.9844317462640869
69287,0.9844473067375861
69288,0.9844628516583881
69289,0.9844783810420379
69290,0.9844938949040648
69291,0.9845093932599828
69292,0.9845248761252902
69293,0.9845403435154698
69294,0.984555795445989
69295,0.9845712319322999
69296,0.9845866529898388
69297,0.9846020586340269
69298,0.9846174488802698
69299,0.9846328237439577
69300,0.9846481832404654
69301,0.9846635273851526
69302,0.9846788561933634
69303,0.9846941696804264
69304,0.9847094678616554
69305,0.9837252505024733
69306,0.9837415171186628
69307,0.9837577674763652
69308,0.9837740015918311
69309,0.9837902194812946
69310,0.9838064211609735
69311,0.9838226066470694
69312,0.9838387759557681
69313,0.9838549291032386
69314,0.9838710661056341
69315,0.9838871869790917
69316,0.9839032917397323
69317,0.9839193804036607
69318,0.9839354529869654
69319,0.9839515095057191
69320,0.9839675499759782
69321,0.9839835744137834
69322,0.9839995828351589
69323,0.9840155752561133
69324,0.9840315516926389
69325,0.9840475121607122
69326,0.9840634566762937
69327,0.9840793852553279
69328,0.9840952979137434
69329,0.9841111946674528
69330,0.9841270755323529
69331,0.9841429405243246
69332,0.9841587896592329
69333,0.9841746229529268
69334,0.9841904404212397
69335,0.9842062420799891
69336,0.9842220279449766
69337,0.9842377980319881
69338,0.9842535523567937
69339,0.9842692909351477
69340,0.9842850137827888
69341,0.9843007209154396
69342,0.9843164123488075
69343,0.9843320880985839
69344,0.9843477481804443
69345,0.9843633926100491
69346,0.9843790214030426
69347,0.9843946345750535
69348,0.9844102321416951
69349,0.984425814118565
69350,0.9844413805212451
69351,0.9844569313653018
69352,0.984472466666286
69353,0.9844879864397329
69354,0.9845034907011625
69355,0.9845189794660789
69356,0.9845344527499709
69357,0.9845499105683118
69358,0.9845653529365593
69359,0.984580779870156
69360,0.9845961913845287
69361,0.9846115874950889
69362,0.9846269682172327
69363,0.9846423335663409
69364,0.9846576835577788
69365,0.9846730182068965
69366,0.9846883375290285
69367,0.9847036415394943
69368,0.9847189302535978
69369,0.9847342036866277
69370,0.9847494618538575
69371,0.9847647047705452
69372,0.984779932451934
69373,0.9847951449132514
69374,0.9848103421697099
69375,0.9848255242365067
69376,0.984840691128824
69377,0.9848558428618287
69378,0.9848709794506725
69379,0.9848861009104919
69380,0.9849012072564084
69381,0.9849162985035285
69382,0.9849313746669432
69383,0.9849464357617289
69384,0.9849614818029466
69385,0.9849765128056424
69386,0.9849915287848471
69387,0.9850065297555769
69388,0.9850215157328327
69389,0.9850364867316005
69390,0.9850514427668513
69391,0.9850663838535411
69392,0.985081310006611
69393,0.9850962212409873
69394,0.985111117571581
69395,0.9851259990132886
69396,0.9851408655809915
69397,0.9851557172895562
69398,0.9851705541538345
69399,0.9851853761886632
69400,0.9852001834088644
69401,0.9852149758292453
69402,0.9852297534645984
69403,0.9852445163297012
69404,0.9852592644393167
69405,0.9852739978081929
69406,0.9852887164510633
69407,0.9853034203826464
69408,0.9853181096176462
69409,0.985332784170752
69410,0.9853474440566383
69411,0.985362089289965
69412,0.9853767198853773
69413,0.9853913358575059
69414,0.9854059372209667
69415,0.9854205239903611
69416,0.9854350961802757
69417,0.9854496538052829
69418,0.9854641968799404
69419,0.985478725418791
69420,0.9854932394363635
69421,0.9855077389471717
69422,0.9855222239657152
69423,0.9855366945064791
69424,0.9855511505839338
69425,0.9855655922125356
69426,0.9855800194067259
69427,0.9855944321809321
69428,0.9856088305495668
69429,0.9856232145270285
69430,0.9856375841277011
69431,0.9856519393659543
69432,0.9856662802561432
69433,0.9856806068126088
69434,0.9856949190496777
69435,0.985709216981662
69436,0.9857235006228597
69437,0.9857377699875546
69438,0.9857520250900158
69439,0.9857662659444986
69440,0.9857804925652437
69441,0.9857947049664778
69442,0.9858089031624133
69443,0.9858230871672485
69444,0.9858372569951673
69445,0.9858514126603396
69446,0.985865554176921
69447,0.985879681559053
69448,0.985893794820863
69449,0.9859078939764644
69450,0.9859219790399562
69451,0.9859360500254235
69452,0.9859501069469373
69453,0.9859641498185545
69454,0.985978178654318
69455,0.9859921934682567
69456,0.9860061942743854
69457,0.9860201810867049
69458,0.9860341539192019
69459,0.9850486125359743
69460,0.9850635564514806
69461,0.9850784854305396
69462,0.9850933994880803
69463,0.9851082986390167
69464,0.9851231828982481
69465,0.9851380522806586
69466,0.9851529068011178
69467,0.98516774647448
69468,0.985182571315585
69469,0.9851973813392575
69470,0.9852121765603077
69471,0.9852269569935308
69472,0.9852417226537071
69473,0.9852564735556025
69474,0.9852712097139678
69475,0.985285931143539
69476,0.9853006378590378
69477,0.9853153298751707
69478,0.9853300072066298
69479,0.9853446698680924
69480,0.9853593178742213
69481,0.9853739512396643
69482,0.985388569979055
69483,0.985403174107012
69484,0.9854177636381394
69485,0.9854323385870268
69486,0.9854468989682492
69487,0.9854614447963669
69488,0.9854759760859257
69489,0.9854904928514571
69490,0.9855049951074776
69491,0.9855194828684896
69492,0.9855339561489809
69493,0.9855484149634247
69494,0.9855628593262798
69495,0.9855772892519907
69496,0.9855917047549873
69497,0.9856061058496849
69498,0.9856204925504848
69499,0.9856348648717737
69500,0.9856492228279238
69501,0.9856635664332931
69502,0.9856778957022253
69503,0.9856922106490497
69504,0.9857065112880811
69505,0.9857207976336202
69506,0.9857350696999534
69507,0.9857493275013527
69508,0.985763571052076
69509,0.9857778003663668
69510,0.9857920154584543
69511,0.9858062163425538
69512,0.9858204030328661
69513,0.9858345755435779
69514,0.9858487338888616
69515,0.9858628780828758
69516,0.9858770081397644
69517,0.9858911240736578
69518,0.9859052258986716
69519,0.9859193136289078
69520,0.9859333872784541
69521,0.9859474468613842
69522,0.9859614923917577
69523,0.98597552388362
69524,0.9859895413510027
69525,0.9860035448079232
69526,0.986017534268385
69527,0.9860315097463777
69528,0.9860454712558765
69529,0.9860594188108431
69530,0.9860733524252251
69531,0.986087272112956
69532,0.9861011778879555
69533,0.9861150697641294
69534,0.9861289477553696
69535,0.9861428118755542
69536,0.9861566621385471
69537,0.9861704985581987
69538,0.9861843211483454
69539,0.9861981299228099
69540,0.9862119248954008
69541,0.9862257060799131
69542,0.9862394734901281
69543,0.9862532271398131
69544,0.9862669670427219
69545,0.9862806932125943
69546,0.9862944056631564
69547,0.9863081044081208
69548,0.9863217894611861
69549,0.9863354608360375
69550,0.9853496182964713
69551,0.9853642613566447
69552,0.9853788897810758
69553,0.985393503584393
69554,0.9854081027812103
69555,0.9854226873861266
69556,0.9854372574137267
69557,0.9854518128785805
69558,0.9854663537952436
69559,0.9854808801782569
69560,0.9854953920421466
69561,0.9855098894014248
69562,0.9855243722705888
69563,0.9845393404142464
69564,0.9845547933473656
69565,0.9845702308352743
69566,0.9845856528934099
69567,0.9846010595371947
69568,0.9846164507820351
69569,0.9846318266433224
69570,0.9846471871364325
69571,0.984662532276726
69572,0.9846778620795478
69573,0.9846931765602279
69574,0.9847084757340808
69575,0.9847237596164056
69576,0.9847390282224862
69577,0.9847542815675911
69578,0.9847695196669739
69579,0.9847847425358724
69580,0.9847999501895097
69581,0.9848151426430934
69582,0.984830319911816
69583,0.9848454820108546
69584,0.9848606289553715
69585,0.9838762605106385
69586,0.983892376192287
69587,0.9839084757663077
69588,0.9839245592488002
69589,0.9839406266558478
69590,0.9839566780035182
69591,0.9839727133078625
69592,0.9839887325849161
69593,0.9840047358506984
69594,0.9840207231212124
69595,0.9840366944124456
69596,0.9840526497403692
69597,0.9840685891209385
69598,0.984084512570093
69599,0.9841004201037561
69600,0.9841163117378353
69601,0.9841321874882223
69602,0.9841480473707928
69603,0.9841638914014067
69604,0.984179719595908
69605,0.984195531970125
69606,0.98421132853987
69607,0.9842271093209396
69608,0.9842428743291146
69609,0.98425862358016
69610,0.984274357089825
69611,0.9842900748738432
69612,0.9843057769479323
69613,0.9843214633277945
69614,0.984337134029116
69615,0.9843527890675677
69616,0.9843684284588046
69617,0.9843840522184659
69618,0.9843996603621756
69619,0.9844152529055418
69620,0.984430829864157
69621,0.9844463912535981
69622,0.9844619370894266
69623,0.9844774673871883
69624,0.9844929821624135
69625,0.984508481430617
69626,0.984523965207298
69627,0.9845394335079404
69628,0.9845548863480124
69629,0.9845703237429668
69630,0.9845857457082412
69631,0.9846011522592575
69632,0.9846165434114221
69633,0.9846319191801264
69634,0.9846472795807459
69635,0.9836631243787662
69636,0.9836794530900318
69637,0.9836957654807464
69638,0.9837120615672225
69639,0.9837283413657559
69640,0.9837446048926267
69641,0.9837608521640984
69642,0.9837770831964181
69643,0.9837932980058169
69644,0.9838094966085098
69645,0.9838256790206952
69646,0.9838418452585556
69647,0.9838579953382571
69648,0.98387412927595
69649,0.9838902470877681
69650,0.9839063487898293
69651,0.9839224343982352
69652,0.9839385039290716
69653,0.9839545573984079
69654,0.9839705948222975
69655,0.983986616216778
69656,0.9840026215978707
69657,0.9840186109815809
69658,0.9840345843838982
69659,0.9840505418207959
69660,0.9840664833082313
69661,0.9840824088621462
69662,0.9840983184984659
69663,0.9841142122331
69664,0.9841300900819425
69665,0.9841459520608711
69666,0.9841617981857478
69667,0.9841776284724187
69668,0.9841934429367142
69669,0.9842092415944486
69670,0.9842250244614206
69671,0.9842407915534132
69672,0.9842565428861934
69673,0.9842722784755125
69674,0.9842879983371061
69675,0.9843037024866942
69676,0.9843193909399809
69677,0.9843350637126546
69678,0.984350720820388
69679,0.9843663622788383
69680,0.9843819881036471
69681,0.98439759831044
69682,0.9844131929148274
69683,0.9844287719324039
69684,0.9844443353787483
69685,0.9844598832694242
69686,0.9844754156199795
69687,0.9844909324459465
69688,0.9845064337628422
69689,0.9845219195861676
69690,0.9845373899314088
69691,0.9845528448140362
69692,0.9845682842495044
69693,0.984583708253253
69694,0.984599116840706
69695,0.984614510027272
69696,0.9846298878283442
69697,0.9846452502593003
69698,0.9846605973355028
69699,0.984675929072299
69700,0.9846912454850203
69701,0.9847065465889833
69702,0.9847218323994891
69703,0.9847371029318234
69704,0.9847523582012568
69705,0.9847675982230447
69706,0.984782823012427
69707,0.9847980325846285
69708,0.9848132269548587
69709,0.9848284061383121
69710,0.9848435701501679
69711,0.98485871900559
69712,0.9848738527197273
69713,0.9848889713077136
69714,0.9849040747846673
69715,0.9849191631656922
69716,0.9849342364658764
69717,0.9849492947002934
69718,0.9849643378840012
69719,0.9849793660320432
69720,0.9849943791594474
69721,0.9850093772812271
69722,0.9850243604123803
69723,0.9850393285678901
69724,0.9850542817627248
69725,0.9850692200118375
69726,0.9850841433301665
69727,0.9850990517326351
69728,0.9851139452341517
69729,0.9851288238496099
69730,0.9851436875938882
69731,0.9851585364818503
69732,0.9851733705283452
69733,0.9851881897482069
69734,0.9852029941562547
69735,0.9852177837672929
69736,0.9852325585961111
69737,0.9852473186574844
69738,0.9852620639661726
69739,0.985276794536921
69740,0.9852915103844603
69741,0.9853062115235063
69742,0.9853208979687601
69743,0.9853355697349082
69744,0.9853502268366224
69745,0.9853648692885598
69746,0.9853794971053629
69747,0.9853941103016594
69748,0.9854087088920624
69749,0.9854232928911708
69750,0.9854378623135684
69751,0.9854524171738247
69752,0.9854669574864945
69753,0.9854814832661182
69754,0.9854959945272215
69755,0.9855104912843157
69756,0.9855249735518976
69757,0.9855394413444495
69758,0.9855538946764391
69759,0.9855683335623197
69760,0.9855827580165303
69761,0.9855971680534953
69762,0.9856115636876247
69763,0.9856259449333142
69764,0.9856403118049452
69765,0.9856546643168842
69766,0.985669002483484
69767,0.9856833263190827
69768,0.9856976358380042
69769,0.9857119310545579
69770,0.9857262119830391
69771,0.9857404786377287
69772,0.9857547310328935
69773,0.9857689691827857
69774,0.9857831931016434
69775,0.9857974028036908
69776,0.9858115983031374
69777,0.9858257796141787
69778,0.9858399467509962
69779,0.9858540997277568
69780,0.9858682385586136
69781,0.9858823632577054
69782,0.985896473839157
69783,0.9859105703170788
69784,0.9859246527055675
69785,0.9859387210187054
69786,0.9859527752705608
69787,0.9859668154751879
69788,0.985980841646627
69789,0.9859948537989043
69790,0.9860088519460318
69791,0.9860228361020078
69792,0.9860368062808164
69793,0.9860507624964278
69794,0.9860647047627982
69795,0.9860786330938698
69796,0.9860925475035711
69797,0.9861064480058164
69798,0.9861203346145062
69799,0.9861342073435272
69800,0.9861480662067521
69801,0.9861619112180398
69802,0.9861757423912351
69803,0.9861895597401694
69804,0.98620336327866
69805,0.9862171530205104
69806,0.9862309289795104
69807,0.9862446911694359
69808,0.9862584396040491
69809,0.9862721742970986
69810,0.9862858952623189
69811,0.9862996025134311
69812,0.9863132960641423
69813,0.9863269759281461
69814,0.9863406421191224
69815,0.9863542946507375
69816,0.9863679335366439
69817,0.9863815587904803
69818,0.9863951704258721
69819,0.986408768456431
69820,0.9864223528957549
69821,0.9864359237574283
69822,0.9864494810550221
69823,0.9864630248020935
69824,0.9864765550121863
69825,0.9864900716988309
69826,0.9865035748755436
69827,0.986517064555828
69828,0.9865305407531735
69829,0.9865440034810564
69830,0.9865574527529394
69831,0.9865708885822718
69832,0.9865843109824894
69833,0.9865977199670147
69834,0.9866111155492566
69835,0.9866244977426107
69836,0.9866378665604592
69837,0.9866512220161708
69838,0.9866645641231012
69839,0.9866778928945924
69840,0.9866912083439732
69841,0.9867045104845589
69842,0.9867177993296518
69843,0.9867310748925406
69844,0.9867443371865011
69845,0.9867575862247955
69846,0.9867708220206728
69847,0.9867840445873688
69848,0.986797253938106
69849,0.9868104500860939
69850,0.9868236330445286
69851,0.986836802826593
69852,0.9868499594454571
69853,0.9868631029142771
69854,0.9868762332461969
69855,0.9868893504543467
69856,0.9869024545518436
69857,0.9869155455517917
69858,0.9869286234672822
69859,0.9869416883113928
69860,0.9869547400971885
69861,0.9869677788377211
69862,0.9869808045460292
69863,0.9869938172351387
69864,0.9860073166681871
69865,0.9860213023586737
69866,0.9860352740704591
69867,0.9860492318175151
69868,0.9860631756137995
69869,0.986077105473256
69870,0.9860910214098144
69871,0.9861049234373909
69872,0.9861188115698872
69873,0.9861326858211917
69874,0.9861465462051785
69875,0.9861603927357081
69876,0.9861742254266269
69877,0.9861880442917678
69878,0.9862018493449494
69879,0.9862156405999769
69880,0.9862294180706416
69881,0.9862431817707209
69882,0.9862569317139785
69883,0.9862706679141645
69884,0.9862843903850149
69885,0.9862980991402522
69886,0.9863117941935853
69887,0.9863254755587091
69888,0.986339143249305
69889,0.9863527972790409
69890,0.9863664376615706
69891,0.9863800644105346
69892,0.9863936775395595
69893,0.9864072770622586
69894,0.9864208629922314
69895,0.9864344353430637
69896,0.9864479941283281
69897,0.9864615393615831
69898,0.9864750710563741
69899,0.9864885892262328
69900,0.9865020938846774
69901,0.9865155850452124
69902,0.9865290627213291
69903,0.9865425269265052
69904,0.9865559776742049
69905,0.9865694149778789
69906,0.9865828388509644
69907,0.9865962493068855
69908,0.9866096463590526
69909,0.9866230300208626
69910,0.9866364003056993
69911,0.986649757226933
69912,0.9866631007979206
69913,0.9866764310320056
69914,0.9866897479425184
69915,0.9867030515427757
69916,0.9867163418460813
69917,0.9867296188657253
69918,0.986742882614985
69919,0.986756133107124
69920,0.9867693703553927
69921,0.9867825943730285
69922,0.9867958051732554
69923,0.9868090027692841
69924,0.9868221871743122
69925,0.9868353584015244
69926,0.9868485164640916
69927,0.986861661375172
69928,0.9868747931479104
69929,0.9868879117954387
69930,0.9869010173308755
69931,0.9869141097673264
69932,0.9869271891178838
69933,0.986940255395627
69934,0.9869533086136224
69935,0.9869663487849232
69936,0.9869793759225695
69937,0.9869923900395884
69938,0.9870053911489941
69939,0.9870183792637877
69940,0.9870313543969573
69941,0.9870443165614781
69942,0.9870572657703122
69943,0.9870702020364088
69944,0.9870831253727043
69945,0.9870960357921218
69946,0.987108933307572
69947,0.9871218179319522
69948,0.9871346896781471
69949,0.9871475485590285
69950,0.9871603945874553
69951,0.9871732277762735
69952,0.9871860481383162
69953,0.9871988556864039
69954,0.987211650433344
69955,0.9872244323919314
69956,0.9872372015749479
69957,0.9872499579951628
69958,0.9872627016653326
69959,0.9872754325982008
69960,0.9872881508064985
69961,0.9873008563029437
69962,0.9873135491002422
69963,0.9873262292110865
69964,0.9873388966481569
69965,0.9873515514241208
69966,0.987364193551633
69967,0.9873768230433355
69968,0.9873894399118579
69969,0.987402044169817
69970,0.9874146358298173
69971,0.9874272149044501
69972,0.9874397814062947
69973,0.9874523353479177
69974,0.9874648767418728
69975,0.9874774056007015
69976,0.9874899219369327
69977,0.9875024257630828
69978,0.9875149170916554
69979,0.987527395935142
69980,0.9875398623060214
69981,0.98755231621676
69982,0.9875647576798117
69983,0.987577186707618
69984,0.9875896033126078
69985,0.987602007507198
69986,0.9876143993037925
69987,0.9876267787147832
69988,0.9876391457525495
69989,0.9876515004294585
69990,0.9876638427578648
69991,0.9876761727501108
69992,0.9876884904185265
69993,0.9877007957754295
69994,0.9877130888331251
69995,0.9877253696039067
69996,0.9877376381000547
69997,0.9877498943338378
69998,0.987762138317512
69999,0.9877743700633216
70000,0.9877865895834982
70001,0.9877987968902613
70002,0.9878109919958182
70003,0.9878231749123642
70004,0.987835345652082
70005,0.9878475042271424
70006,0.9878596506497039
70007,0.9878717849319131
70008,0.9878839070859041
70009,0.9878960171237993
70010,0.9879081150577085
70011,0.9879202008997298
70012,0.9879322746619489
70013,0.9879443363564396
70014,0.9879563859952638
70015,0.987968423590471
70016,0.9879804491540987
70017,0.9879924626981725
70018,0.9880044642347061
70019,0.9880164537757009
70020,0.9880284313331464
70021,0.9880403969190203
70022,0.9880523505452882
70023,0.9880642922239036
70024,0.9880762219668082
70025,0.9880881397859318
70026,0.9881000456931922
70027,0.9881119397004954
70028,0.9881238218197352
70029,0.988135692062794
70030,0.9881475504415418
70031,0.9881593969678371
70032,0.9881712316535264
70033,0.9881830545104444
70034,0.988194865550414
70035,0.9882066647852462
70036,0.9882184522267402
70037,0.9882302278866835
70038,0.9882419917768517
70039,0.9882537439090088
70040,0.9882654842949068
70041,0.9882772129462862
70042,0.9882889298748756
70043,0.988300635092392
70044,0.9883123286105405
70045,0.9883240104410147
70046,0.9883356805954965
70047,0.9883473390856559
70048,0.9883589859231514
70049,0.98837062111963
70050,0.9883822446867269
70051,0.9883938566360655
70052,0.9884054569792579
70053,0.9884170457279042
70054,0.9884286228935935
70055,0.9884401884879027
70056,0.9884517425223975
70057,0.988463285008632
70058,0.9884748159581486
70059,0.9884863353824782
70060,0.9884978432931404
70061,0.988509339701643
70062,0.9885208246194824
70063,0.9885322980581436
70064,0.9885437600290999
70065,0.9885552105438135
70066,0.9885666496137346
70067,0.9885780772503027
70068,0.9885894934649451
70069,0.988600898269078
70070,0.9886122916741065
70071,0.9886236736914237
70072,0.9886350443324118
70073,0.9886464036084414
70074,0.9886577515308717
70075,0.9886690881110507
70076,0.988680413360315
70077,0.9886917272899898
70078,0.988703029911389
70079,0.9887143212358154
70080,0.9887256012745602
70081,0.9887368700389035
70082,0.988748127540114
70083,0.9887593737894492
70084,0.9887706087981554
70085,0.9887818325774675
70086,0.9887930451386095
70087,0.9888042464927939
70088,0.9888154366512218
70089,0.9888266156250837
70090,0.9888377834255584
70091,0.9888489400638137
70092,0.9888600855510064
70093,0.9888712198982818
70094,0.9888823431167743
70095,0.9888934552176071
70096,0.9889045562118923
70097,0.988915646110731
70098,0.988926724925213
70099,0.9889377926664172
70100,0.9889488493454113
70101,0.988959894973252
70102,0.9889709295609849
70103,0.9889819531196445
70104,0.9889929656602546
70105,0.9890039671938275
70106,0.9890149577313649
70107,0.9890259372838573
70108,0.9890369058622843
70109,0.9890478634776144
70110,0.9890588101408052
70111,0.9890697458628034
70112,0.9890806706545447
70113,0.989091584526954
70114,0.9891024874909451
70115,0.989113379557421
70116,0.9891242607372737
70117,0.9891351310413843
70118,0.9891459904806232
70119,0.98915683906585
70120,0.9891676768079131
70121,0.9891785037176503
70122,0.9891893198058885
70123,0.9892001250834439
70124,0.9892109195611216
70125,0.9892217032497161
70126,0.9892324761600113
70127,0.9892432383027799
70128,0.9892539896887842
70129,0.9892647303287754
70130,0.9892754602334942
70131,0.9892861794136706
70132,0.9892968878800238
70133,0.9893075856432622
70134,0.9893182727140835
70135,0.9893289491031748
70136,0.9893396148212126
70137,0.9893502698788625
70138,0.9893609142867797
70139,0.9893715480556086
70140,0.9893821711959828
70141,0.9883932834686505
70142,0.9884048843847238
70143,0.9884164737056786
70144,0.9874285511932293
70145,0.9874411163594529
70146,0.9874536689667898
70147,0.9874662090277925
70148,0.9874787365550011
70149,0.9874912515609431
70150,0.9875037540581335
70151,0.9875162440590749
70152,0.9875287215762573
70153,0.9875411866221581
70154,0.9875536392092423
70155,0.9875660793499628
70156,0.9875785070567594
70157,0.98759092234206
70158,0.9876033252182799
70159,0.9876157156978218
70160,0.9876280937930764
70161,0.9876404595164217
70162,0.9876528128802233
70163,0.9876651538968348
70164,0.9876774825785971
70165,0.9876897989378389
70166,0.9877021029868766
70167,0.9877143947380141
70168,0.9877266742035433
70169,0.9877389413957437
70170,0.9877511963268824
70171,0.9877634390092143
70172,0.9877756694549822
70173,0.9877878876764165
70174,0.9878000936857354
70175,0.9878122874951449
70176,0.987824469116839
70177,0.9878366385629991
70178,0.9878487958457947
70179,0.9878609409773831
70180,0.9878730739699094
70181,0.9878851948355067
70182,0.9878973035862958
70183,0.9879094002343854
70184,0.9879214847918724
70185,0.987933557270841
70186,0.9879456176833639
70187,0.9879576660415015
70188,0.9879697023573021
70189,0.987981726642802
70190,0.9879937389100256
70191,0.9880057391709851
70192,0.9880177274376808
70193,0.9880297037221009
70194,0.9880416680362217
70195,0.9880536203920076
70196,0.988065560801411
70197,0.9880774892763721
70198,0.9870899055789444
70199,0.9871028092215441
70200,0.9871156999669499
70201,0.9871285778280524
70202,0.9871414428177295
70203,0.9871542949488462
70204,0.9871671342342546
70205,0.9871799606867941
70206,0.9871927743192911
70207,0.9872055751445592
70208,0.9872183631753992
70209,0.9862316381747241
70210,0.9862453996558089
70211,0.9862591473822899
70212,0.9862728813679148
70213,0.9862866016264177
70214,0.9863003081715187
70215,0.9863140010169245
70216,0.9863276801763279
70217,0.986341345663408
70218,0.9863549974918304
70219,0.9863686356752469
70220,0.9853827599774205
70221,0.9853973699124756
70222,0.9854119652448969
70223,0.9854265459892798
70224,0.985441112160205
70225,0.9854556637722388
70226,0.9854702008399328
70227,0.9854847233778239
70228,0.9854992314004347
70229,0.9855137249222734
70230,0.9855282039578334
70231,0.9855426685215937
70232,0.9855571186280189
70233,0.9855715542915591
70234,0.98558597552665
70235,0.9856003823477127
70236,0.9856147747691543
70237,0.985629152805367
70238,0.985643516470729
70239,0.9856578657796038
70240,0.9856722007463408
70241,0.9856865213852749
70242,0.9857008277107269
70243,0.9847156194871279
70244,0.9847308962292698
70245,0.984746157702304
70246,0.9847614039214921
70247,0.9847766349020803
70248,0.9847918506592996
70249,0.9838075509584907
70250,0.9838237353153538
70251,0.9838399034959482
70252,0.983856055516442
70253,0.9838721913929872
70254,0.9838883111417198
70255,0.9839044147787596
70256,0.9839205023202101
70257,0.9839365737821589
70258,0.9839526291806775
70259,0.9839686685318213
70260,0.9839846918516296
70261,0.9840006991561258
70262,0.984016690461317
70263,0.9840326657831947
70264,0.9840486251377343
70265,0.984064568540895
70266,0.9840804960086202
70267,0.9840964075568375
70268,0.9841123032014584
70269,0.9841281829583785
70270,0.9841440468434776
70271,0.9841598948726195
70272,0.9841757270616524
70273,0.9841915434264084
70274,0.9842073439827038
70275,0.9842231287463393
70276,0.9842388977330996
70277,0.9842546509587536
70278,0.9842703884390548
70279,0.9842861101897404
70280,0.9843018162265323
70281,0.9843175065651365
70282,0.9843331812212434
70283,0.9843488402105275
70284,0.9843644835486479
70285,0.983380611001373
70286,0.9833972220848298
70287,0.9834138165655046
70288,0.9834303944599919
70289,0.9834469557848695
70290,0.9834635005566987
70291,0.9834800287920243
70292,0.9834965405073747
70293,0.9835130357192614
70294,0.9835295144441797
70295,0.9835459766986083
70296,0.9835624224990095
70297,0.983578851861829
70298,0.9835952648034963
70299,0.9836116613404244
70300,0.9826285412391347
70301,0.9826459040165069
70302,0.9826632494397787
70303,0.9826805775262957
70304,0.9826978882933858
70305,0.9827151817583599
70306,0.9827324579385115
70307,0.9827497168511167
70308,0.9827669585134344
70309,0.9827841829427063
70310,0.9828013901561569
70311,0.9828185801709933
70312,0.9828357530044056
70313,0.9828529086735667
70314,0.9828700471956321
70315,0.9828871685877404
70316,0.982904272867013
70317,0.9829213600505542
70318,0.9829384301554512
70319,0.9829554831987741
70320,0.982972519197576
70321,0.9829895381688928
70322,0.9830065401297434
70323,0.98302352509713
70324,0.9830404930880374
70325,0.9830574441194337
70326,0.9830743782082699
70327,0.9830912953714801
70328,0.9831081956259814
70329,0.9831250789886741
70330,0.9831419454764415
70331,0.9831587951061502
70332,0.9831756278946499
70333,0.9831924438587731
70334,0.9832092430153361
70335,0.9832260253811378
70336,0.9832427909729607
70337,0.9832595398075705
70338,0.9832762719017158
70339,0.9832929872721289
70340,0.983309685935525
70341,0.983326367908603
70342,0.9833430332080446
70343,0.9833596818505154
70344,0.9833763138526638
70345,0.9833929292311219
70346,0.983409528002505
70347,0.9834261101834121
70348,0.9834426757904252
70349,0.98345922484011
70350,0.9834757573490154
70351,0.9834922733336741
70352,0.9835087728106019
70353,0.9835252557962985
70354,0.9835417223072467
70355,0.983558172359913
70356,0.9835746059707478
70357,0.9835910231561843
70358,0.9836074239326399
70359,0.9836238083165153
70360,0.983640176324195
70361,0.9836565279720468
70362,0.9836728632764226
70363,0.9836891822536575
70364,0.9837054849200707
70365,0.9837217712919647
70366,0.9837380413856259
70367,0.9837542952173245
70368,0.9837705328033142
70369,0.9837867541598326
70370,0.9838029593031011
70371,0.9828196479994499
70372,0.9828368197655674
70373,0.9828539743685003
70374,0.9828711118254033
70375,0.9828882321534139
70376,0.9829053353696524
70377,0.982922421491222
70378,0.9829394905352088
70379,0.9829565425186818
70380,0.9829735774586931
70381,0.9829905953722776
70382,0.9830075962764533
70383,0.9830245801882209
70384,0.9830415471245645
70385,0.983058497102451
70386,0.9830754301388304
70387,0.9830923462506357
70388,0.983109245454783
70389,0.9831261277681714
70390,0.9831429932076835
70391,0.9831598417901846
70392,0.9831766735325232
70393,0.9831934884515312
70394,0.9832102865640234
70395,0.983227067886798
70396,0.9832438324366363
70397,0.9832605802303028
70398,0.9832773112845454
70399,0.9832940256160951
70400,0.9833107232416662
70401,0.9833274041779564
70402,0.9833440684416466
70403,0.983360716049401
70404,0.9833773470178674
70405,0.9833939613636766
70406,0.9834105591034431
70407,0.9834271402537645
70408,0.983443704831222
70409,0.9834602528523803
70410,0.9834767843337872
70411,0.9834932992919743
70412,0.9835097977434566
70413,0.9835262797047325
70414,0.983542745192284
70415,0.9835591942225765
70416,0.9835756268120592
70417,0.9835920429771646
70418,0.9836084427343089
70419,0.9836248260998918
70420,0.9836411930902966
70421,0.9836575437218905
70422,0.983673878011024
70423,0.9836901959740315
70424,0.9837064976272308
70425,0.9837227829869237
70426,0.9837390520693956
70427,0.9837553048909154
70428,0.9837715414677362
70429,0.9837877618160943
70430,0.9838039659522101
70431,0.9838201538922878
70432,0.9838363256525154
70433,0.9838524812490647
70434,0.9838686206980911
70435,0.9838847440157342
70436,0.9839008512181173
70437,0.9839169423213476
70438,0.9839330173415162
70439,0.9839490762946981
70440,0.9839651191969523
70441,0.9839811460643216
70442,0.9839971569128331
70443,0.9840131517584974
70444,0.9840291306173095
70445,0.9840450935052482
70446,0.9840610404382764
70447,0.9840769714323411
70448,0.9830933862534982
70449,0.9831102844181624
70450,0.9831271656931068
70451,0.9831440300952126
70452,0.9831608776413443
70453,0.9831777083483495
70454,0.9831945222330588
70455,0.9832113193122861
70456,0.9832280996028285
70457,0.9832448631214664
70458,0.9832616098849633
70459,0.9832783399100657
70460,0.983295053213504
70461,0.9833117498119912
70462,0.9833284297222241
70463,0.9833450929608826
70464,0.9833617395446298
70465,0.9833783694901125
70466,0.9833949828139604
70467,0.983411579532787
70468,0.9834281596631891
70469,0.9834447232217466
70470,0.9834612702250232
70471,0.9834778006895659
70472,0.9834943146319052
70473,0.983510812068555
70474,0.9835272930160127
70475,0.9835437574907593
70476,0.9835602055092593
70477,0.9835766370879606
70478,0.983593052243295
70479,0.9836094509916775
70480,0.9836258333495069
70481,0.9836421993331655
70482,0.9836585489590195
70483,0.9836748822434183
70484,0.9836911992026952
70485,0.9837074998531673
70486,0.9837237842111352
70487,0.9837400522928832
70488,0.9837563041146794
70489,0.9837725396927757
70490,0.9837887590434076
70491,0.9838049621827945
70492,0.9838211491271395
70493,0.9838373198926296
70494,0.9838534744954356
70495,0.983869612951712
70496,0.9838857352775974
70497,0.983901841489214
70498,0.983917931602668
70499,0.9839340056340496
70500,0.9839500635994329
70501,0.9839661055148757
70502,0.9839821313964201
70503,0.9839981412600919
70504,0.9840141351219008
70505,0.9840301129978409
70506,0.9840460749038901
70507,0.9840620208560101
70508,0.984077950870147
70509,0.9840938649622308
70510,0.9841097631481757
70511,0.9841256454438796
70512,0.984141511865225
70513,0.9841573624280784
70514,0.9841731971482902
70515,0.9841890160416952
70516,0.9842048191241123
70517,0.9842206064113446
70518,0.9842363779191793
70519,0.984252133663388
70520,0.9842678736597265
70521,0.9842835979239346
70522,0.9842993064717368
70523,0.9843149993188415
70524,0.9843306764809416
70525,0.9843463379737143
70526,0.984361983812821
70527,0.9843776140139077
70528,0.9843932285926044
70529,0.9844088275645257
70530,0.9844244109452709
70531,0.984439978750423
70532,0.98445553099555
70533,0.9844710676962042
70534,0.9844865888679222
70535,0.9845020945262251
70536,0.9845175846866187
70537,0.984533059364593
70538,0.9845485185756229
70539,0.9845639623351675
70540,0.9845793906586706
70541,0.9845948035615605
70542,0.9846102010592501
70543,0.9846255831671369
70544,0.984640949900603
70545,0.9846563012750152
70546,0.9846716373057248
70547,0.9846869580080679
70548,0.9847022633973652
70549,0.9847175534889221
70550,0.9847328282980287
70551,0.9847480878399597
70552,0.9847633321299747
70553,0.9847785611833181
70554,0.9837942747653438
70555,0.9838104723917652
70556,0.983826653828655
70557,0.9838428190921945
70558,0.9838589681985491
70559,0.9838751011638679
70560,0.9838912180042838
70561,0.9839073187359137
70562,0.9839234033748584
70563,0.9839394719372023
70564,0.9839555244390142
70565,0.9839715608963465
70566,0.9839875813252358
70567,0.9840035857417023
70568,0.9840195741617506
70569,0.984035546601369
70570,0.9840515030765301
70571,0.9840674436031902
70572,0.9840833681972899
70573,0.9840992768747538
70574,0.9841151696514907
70575,0.9841310465433932
70576,0.9841469075663384
70577,0.9841627527361871
70578,0.9841785820687846
70579,0.9841943955799602
70580,0.9832106930356524
70581,0.9832274739521586
70582,0.9832442380961345
70583,0.9832609854843443
70584,0.9832777161335353
70585,0.9832944300604384
70586,0.9833111272817673
70587,0.9833278078142192
70588,0.9833444716744749
70589,0.9833611188791981
70590,0.983377749445036
70591,0.9833943633886192
70592,0.9834109607265616
70593,0.9834275414754606
70594,0.9824446054020219
70595,0.9824621520233092
70596,0.9824796811067442
70597,0.9824971926698559
70598,0.9825146867301559
70599,0.9825321633051382
70600,0.9825496224122794
70601,0.9825670640690387
70602,0.9825844882928577
70603,0.9826018951011607
70604,0.9826192845113544
70605,0.9826366565408283
70606,0.9826540112069544
70607,0.9826713485270874
70608,0.9826886685185645
70609,0.9827059711987058
70610,0.9827232565848141
70611,0.9827405246941746
70612,0.9827577755440555
70613,0.9827750091517077
70614,0.9827922255343646
70615,0.9828094247092428
70616,0.9828266066935414
70617,0.9828437715044424
70618,0.9828609191591106
70619,0.9828780496746936
70620,0.9828951630683221
70621,0.9829122593571095
70622,0.9829293385581518
70623,0.9829464006885285
70624,0.9829634457653016
70625,0.9829804738055162
70626,0.9829974848262004
70627,0.9830144788443651
70628,0.9830314558770045
70629,0.9830484159410954
70630,0.983065359053598
70631,0.9830822852314555
70632,0.9830991944915939
70633,0.9831160868509227
70634,0.9831329623263341
70635,0.9831498209347036
70636,0.9831666626928898
70637,0.9831834876177344
70638,0.9832002957260625
70639,0.9832170870346821
70640,0.9832338615603846
70641,0.9832506193199444
70642,0.9832673603301194
70643,0.9832840846076505
70644,0.982301291919387
70645,0.982318981782536
70646,0.9823366539646624
70647,0.9823543084834384
70648,0.9823719453565184
70649,0.9823895646015394
70650,0.9824071662361206
70651,0.9824247502778636
70652,0.9824423167443525
70653,0.9824598656531537
70654,0.9824773970218162
70655,0.9824949108678714
70656,0.981512906958958
70657,0.981531384813072
70658,0.9815498441985662
70659,0.9815682851338999
70660,0.9815867076375142
70661,0.9816051117278315
70662,0.9816234974232559
70663,0.9816418647421732
70664,0.9816602137029506
70665,0.9816785443239372
70666,0.9816968566234635
70667,0.9817151506198418
70668,0.9817334263313662
70669,0.9817516837763124
70670,0.9817699229729377
70671,0.9817881439394816
70672,0.9818063466941648
70673,0.9818245312551901
70674,0.9818426976407422
70675,0.9818608458689873
70676,0.9818789759580737
70677,0.9818970879261316
70678,0.9819151817912729
70679,0.9819332575715914
70680,0.9819513152851631
70681,0.9819693549500454
70682,0.9819873765842783
70683,0.9820053802058831
70684,0.9820233658328638
70685,0.9820413334832058
70686,0.9820592831748767
70687,0.9820772149258263
70688,0.9820951287539864
70689,0.9821130246772708
70690,0.9821309027135754
70691,0.9821487628807782
70692,0.9821666051967395
70693,0.9821844296793014
70694,0.9822022363462887
70695,0.9822200252155078
70696,0.9822377963047476
70697,0.9822555496317793
70698,0.9822732852143562
70699,0.9822910030702139
70700,0.9823087032170702
70701,0.9823263856726253
70702,0.9823440504545617
70703,0.9823616975805441
70704,0.9823793270682197
70705,0.9823969389352181
70706,0.9824145331991508
70707,0.9824321098776124
70708,0.9824496689881795
70709,0.9824672105484112
70710,0.9824847345758491
70711,0.9825022410880171
70712,0.9825197301024219
70713,0.9825372016365524
70714,0.9825546557078803
70715,0.9825720923338593
70716,0.9825895115319264
70717,0.9826069133195007
70718,0.982624297713984
70719,0.9826416647327606
70720,0.9826590143931976
70721,0.9826763467126447
70722,0.9826936617084342
70723,0.982710959397881
70724,0.9827282397982829
70725,0.9827455029269203
70726,0.9827627488010563
70727,0.9827799774379368
70728,0.9827971888547904
70729,0.9828143830688286
70730,0.9828315600972456
70731,0.9828487199572183
70732,0.9828658626659068
70733,0.9828829882404536
70734,0.9829000966979844
70735,0.9829171880556076
70736,0.9829342623304146
70737,0.9829513195394797
70738,0.98296835969986
70739,0.9829853828285957
70740,0.9830023889427101
70741,0.9830193780592091
70742,0.983036350195082
70743,0.9830533053673007
70744,0.9830702435928207
70745,0.98308716488858
70746,0.9831040692715
70747,0.983120956758485
70748,0.9831378273664225
70749,0.9831546811121832
70750,0.9831715180126208
70751,0.9831883380845722
70752,0.9832051413448575
70753,0.9822224275604049
70754,0.9822401962485005
70755,0.9822579471767878
70756,0.9822756803630179
70757,0.9822933958249239
70758,0.9823110935802214
70759,0.982328773646608
70760,0.9823464360417637
70761,0.9823640807833512
70762,0.982381707889015
70763,0.9823993173763823
70764,0.9824169092630626
70765,0.9824344835666478
70766,0.9824520403047121
70767,0.9824695794948124
70768,0.9824871011544878
70769,0.9825046053012599
70770,0.982522091952633
70771,0.9825395611260936
70772,0.982557012839111
70773,0.9825744471091369
70774,0.9825918639536055
70775,0.9826092633899338
70776,0.9816271451856461
70777,0.981645508858624
70778,0.9816638541771061
70779,0.9816821811594378
70780,0.9817004898239462
70781,0.9817187801889398
70782,0.9817370522727089
70783,0.9817553060935258
70784,0.9817735416696443
70785,0.9817917590192998
70786,0.9818099581607098
70787,0.9818281391120735
70788,0.9818463018915716
70789,0.9818644465173672
70790,0.9818825730076046
70791,0.9819006813804106
70792,0.9819187716538935
70793,0.9819368438461435
70794,0.9819548979752328
70795,0.9819729340592156
70796,0.981990952116128
70797,0.9820089521639879
70798,0.9820269342207955
70799,0.9820448983045328
70800,0.9820628444331639
70801,0.982080772624635
70802,0.9820986828968743
70803,0.982116575267792
70804,0.9821344497552804
70805,0.9821523063772142
70806,0.9821701451514498
70807,0.9821879660958263
70808,0.9822057692281643
70809,0.9822235545662671
70810,0.98224132212792
70811,0.9822590719308907
70812,0.9822768039929288
70813,0.9822945183317665
70814,0.9823122149651181
70815,0.9823298939106803
70816,0.9823475551861318
70817,0.9823651988091342
70818,0.982382824797331
70819,0.9824004331683481
70820,0.982418023939794
70821,0.9824355971292595
70822,0.9824531527543178
70823,0.9824706908325244
70824,0.9824882113814174
70825,0.9825057144185174
70826,0.9825231999613275
70827,0.9825406680273332
70828,0.9825581186340026
70829,0.9825755517987862
70830,0.9825929675391173
70831,0.9826103658724116
70832,0.9826277468160673
70833,0.9826451103874656
70834,0.9826624566039699
70835,0.9826797854829264
70836,0.9826970970416642
70837,0.9827143912974946
70838,0.982731668267712
70839,0.9827489279695933
70840,0.9817666701705233
70841,0.9817848943882439
70842,0.9818031003908544
70843,0.9818212881965607
70844,0.9818394578235506
70845,0.9818576092899939
70846,0.9818757426140419
70847,0.981893857813828
70848,0.9819119549074673
70849,0.981930033913057
70850,0.9819480948486762
70851,0.9819661377323856
70852,0.9819841625822283
70853,0.9820021694162291
70854,0.9820201582523947
70855,0.9820381291087142
70856,0.9820560820031583
70857,0.9820740169536799
70858,0.9820919339782139
70859,0.9821098330946775
70860,0.9821277143209697
70861,0.9821455776749717
70862,0.982163423174547
70863,0.9821812508375409
70864,0.9821990606817813
70865,0.9822168527250779
70866,0.9822346269852227
70867,0.9822523834799901
70868,0.9822701222271365
70869,0.9812883429945257
70870,0.9813070453003783
70871,0.9813257289132714
70872,0.9813443938518889
70873,0.9813630401348955
70874,0.9813816677809376
70875,0.9804007765587678
70876,0.9804203659874946
70877,0.9804399358365825
70878,0.9804594861256014
70879,0.9804790168741015
70880,0.9804985281016136
70881,0.980518019827649
70882,0.9805374920716993
70883,0.9805569448532367
70884,0.9805763781917143
70885,0.9805957921065651
70886,0.9806151866172033
70887,0.9806345617430231
70888,0.9806539175033999
70889,0.9806732539176893
70890,0.9806925710052279
70891,0.9807118687853326
70892,0.9807311472773013
70893,0.9807504065004125
70894,0.9807696464739253
70895,0.9807888672170798
70896,0.9808080687490968
70897,0.9808272510891777
70898,0.9808464142565049
70899,0.9808655582702415
70900,0.9808846831495316
70901,0.9809037889135
70902,0.9809228755812527
70903,0.9809419431718761
70904,0.980960991704438
70905,0.9809800211979868
70906,0.980999031671552
70907,0.9810180231441441
70908,0.9810369956347547
70909,0.9810559491623561
70910,0.9810748837459019
70911,0.9810937994043268
70912,0.9811126961565464
70913,0.9811315740214573
70914,0.9811504330179377
70915,0.9811692731648463
70916,0.9811880944810233
70917,0.9812068969852902
70918,0.9812256806964493
70919,0.9812444456332845
70920,0.9812631918145606
70921,0.9812819192590237
70922,0.9813006279854015
70923,0.9813193180124026
70924,0.981337989358717
70925,0.9813566420430161
70926,0.9813752760839526
70927,0.9813938915001605
70928,0.9814124883102553
70929,0.9814310665328337
70930,0.9814496261864741
70931,0.9814681672897361
70932,0.9814866898611606
70933,0.9815051939192704
70934,0.9815236794825695
70935,0.9815421465695434
70936,0.9815605951986593
70937,0.9815790253883658
70938,0.9815974371570931
70939,0.981615830523253
70940,0.9816342055052387
70941,0.9816525621214254
70942,0.9816709003901696
70943,0.9816892203298095
70944,0.9807080217087902
70945,0.9807273040459129
70946,0.9807465671103348
70947,0.980765810921319
70948,0.9807850354981092
70949,0.9808042408599302
70950,0.9808234270259872
70951,0.9808425940154665
70952,0.9808617418475349
70953,0.9808808705413405
70954,0.9808999801160119
70955,0.9809190705906585
70956,0.980938141984371
70957,0.9809571943162207
70958,0.98097622760526
70959,0.9809952418705221
70960,0.9810142371310213
70961,0.9810332134057529
70962,0.9810521707136932
70963,0.9810711090737995
70964,0.98109002850501
70965,0.9811089290262444
70966,0.9811278106564031
70967,0.9811466734143677
70968,0.981165517319001
70969,0.981184342389147
70970,0.9812031486436306
70971,0.9812219361012581
70972,0.981240704780817
70973,0.9812594547010761
70974,0.9812781858807852
70975,0.9812968983386755
70976,0.9813155920934594
70977,0.9813342671638308
70978,0.9813529235684646
70979,0.9813715613260173
70980,0.9813901804551267
70981,0.981408780974412
70982,0.9814273629024736
70983,0.9814459262578934
70984,0.9814644710592348
70985,0.9814829973250427
70986,0.9815015050738433
70987,0.9815199943241443
70988,0.981538465094435
70989,0.9815569174031862
70990,0.9815753512688502
70991,0.9815937667098609
70992,0.9816121637446337
70993,0.9816305423915656
70994,0.9816489026690353
70995,0.981667244595403
70996,0.9816855681890108
70997,0.9817038734681821
70998,0.9817221604512224
70999,0.9817404291564186
71000,0.9817586796020393
71001,0.9817769118063352
71002,0.9817951257875382
71003,0.9818133215638626
71004,0.9818314991535039
71005,0.9818496585746398
71006,0.9818677998454297
71007,0.981885922984015
71008,0.9809045277586437
71009,0.9809236136879204
71010,0.980942680540806
71011,0.9809617283363674
71012,0.9809807570936524
71013,0.9809997668316898
71014,0.9810187575694892
71015,0.9810377293260414
71016,0.9810566821203182
71017,0.9810756159712724
71018,0.9810945308978378
71019,0.9811134269189294
71020,0.9811323040534432
71021,0.9811511623202563
71022,0.9811700017382271
71023,0.9811888223261949
71024,0.9812076241029802
71025,0.9812264070873851
71026,0.9812451712981923
71027,0.9812639167541661
71028,0.981282643474052
71029,0.9813013514765767
71030,0.9813200407804482
71031,0.9813387114043558
71032,0.9813573633669701
71033,0.9813759966869432
71034,0.9813946113829083
71035,0.98141320747348
71036,0.9814317849772547
71037,0.9814503439128096
71038,0.9814688842987038
71039,0.9814874061534777
71040,0.9815059094956532
71041,0.9815243943437335
71042,0.9815428607162036
71043,0.9815613086315297
71044,0.9815797381081598
71045,0.9815981491645235
71046,0.9816165418190317
71047,0.9816349160900771
71048,0.981653271996034
71049,0.9816716095552583
71050,0.9816899287860876
71051,0.9817082297068411
71052,0.9817265123358198
71053,0.9817447766913062
71054,0.9817630227915648
71055,0.9817812506548416
71056,0.9817994602993645
71057,0.9818176517433431
71058,0.981835825004969
71059,0.9818539801024153
71060,0.9818721170538371
71061,0.9818902358773716
71062,0.9819083365911373
71063,0.9819264192132351
71064,0.9819444837617476
71065,0.9819625302547393
71066,0.9819805587102568
71067,0.9819985691463285
71068,0.982016561580965
71069,0.9820345360321584
71070,0.9820524925178834
71071,0.9820704310560964
71072,0.982088351664736
71073,0.9811067541118477
71074,0.9811256379158338
71075,0.9811445028454532
71076,0.9811633489195707
71077,0.9811821761570324
71078,0.9812009845766656
71079,0.9812197741972787
71080,0.9812385450376612
71081,0.981257297116584
71082,0.9812760304527993
71083,0.9812947450650404
71084,0.9813134409720219
71085,0.9813321181924397
71086,0.9803512764950959
71087,0.9803709153991488
71088,0.9803905346741122
71089,0.9804101343396053
71090,0.980429714415228
71091,0.9804492749205601
71092,0.9804688158751622
71093,0.9804883372985753
71094,0.9805078392103209
71095,0.9805273216299009
71096,0.9805467845767976
71097,0.9805662280704739
71098,0.9805856521303735
71099,0.9806050567759204
71100,0.9806244420265191
71101,0.980643807901555
71102,0.9806631544203941
71103,0.9806824816023827
71104,0.980701789466848
71105,0.980721078033098
71106,0.9807403473204213
71107,0.980759597348087
71108,0.9807788281353453
71109,0.980798039701427
71110,0.9808172320655435
71111,0.9808364052468873
71112,0.9808555592646315
71113,0.9808746941379303
71114,0.9808938098859183
71115,0.9809129065277116
71116,0.9809319840824066
71117,0.9809510425690808
71118,0.9809700820067929
71119,0.9809891024145823
71120,0.9810081038114692
71121,0.9810270862164552
71122,0.9810460496485227
71123,0.9810649941266352
71124,0.981083919669737
71125,0.9811028262967537
71126,0.9811217140265921
71127,0.9811405828781398
71128,0.9811594328702655
71129,0.9811782640218195
71130,0.9811970763516328
71131,0.9812158698785177
71132,0.9812346446212679
71133,0.9812534005986578
71134,0.9802726375795687
71135,0.9802923550832373
71136,0.980312052879256
71137,0.9803317309873227
71138,0.9803513894271155
71139,0.9803710282182928
71140,0.9803906473804934
71141,0.9804102469333364
71142,0.9804298268964216
71143,0.9804493872893286
71144,0.9804689281316181
71145,0.9804884494428309
71146,0.9805079512424882
71147,0.980527433550092
71148,0.9805468963851244
71149,0.9805663397670483
71150,0.9805857637153071
71151,0.9806051682493249
71152,0.980624553388506
71153,0.9806439191522356
71154,0.9806632655598795
71155,0.9806825926307842
71156,0.9807019003842766
71157,0.9807211888396646
71158,0.9807404580162367
71159,0.980759707933262
71160,0.9807789386099903
71161,0.9807981500656525
71162,0.9808173423194599
71163,0.9808365153906049
71164,0.9808556692982605
71165,0.9808748040615806
71166,0.9798944194498249
71167,0.9799145149826087
71168,0.9799345904299025
71169,0.9789551455619065
71170,0.978976179899176
71171,0.97899719321262
71172,0.979018185523252
71173,0.9790391568520643
71174,0.9790601072200282
71175,0.9790810366480942
71176,0.9791019451571915
71177,0.9791228327682288
71178,0.9791436995020936
71179,0.9791645453796527
71180,0.979185370421752
71181,0.9792061746492166
71182,0.9792269580828505
71183,0.9792477207434374
71184,0.9792684626517397
71185,0.9792891838284996
71186,0.9793098842944381
71187,0.9793305640702558
71188,0.9793512231766324
71189,0.979371861634227
71190,0.979392479463678
71191,0.9794130766856034
71192,0.9794336533206003
71193,0.9794542093892453
71194,0.9794747449120946
71195,0.9794952599096838
71196,0.9795157544025277
71197,0.9795362284111209
71198,0.9795566819559374
71199,0.9795771150574307
71200,0.979597527736034
71201,0.97961792001216
71202,0.9796382919062008
71203,0.9796586434385284
71204,0.9796789746294944
71205,0.97969928549943
71206,0.9797195760686459
71207,0.9797398463574328
71208,0.9797600963860611
71209,0.9797803261747807
71210,0.9798005357438214
71211,0.9798207251133928
71212,0.9798408943036843
71213,0.979861043334865
71214,0.979881172227084
71215,0.9799012810004702
71216,0.9799213696751324
71217,0.9799414382711593
71218,0.9799614868086194
71219,0.9799815153075613
71220,0.9800015237880135
71221,0.9790220120201095
71222,0.9790429795243373
71223,0.9790639260715394
71224,0.9790848516826622
71225,0.9791057563786316
71226,0.9791266401803521
71227,0.9791475031087076
71228,0.979168345184561
71229,0.9791891664287543
71230,0.9792099668621089
71231,0.9792307465054252
71232,0.9792515053794827
71233,0.9792722435050404
71234,0.9792929609028365
71235,0.9793136575935882
71236,0.9793343335979925
71237,0.9793549889367251
71238,0.9793756236304415
71239,0.9793962376997764
71240,0.9794168311653438
71241,0.9794374040477373
71242,0.9794579563675296
71243,0.9794784881452733
71244,0.9794989994014999
71245,0.9795194901567208
71246,0.9795399604314268
71247,0.979560410246088
71248,0.9795808396211544
71249,0.9796012485770553
71250,0.9796216371341997
71251,0.9796420053129761
71252,0.9796623531337527
71253,0.9796826806168774
71254,0.9797029877826776
71255,0.9797232746514606
71256,0.9797435412435131
71257,0.9797637875791019
71258,0.9797840136784731
71259,0.9798042195618529
71260,0.9798244052494473
71261,0.9798445707614418
71262,0.9798647161180021
71263,0.9798848413392734
71264,0.9799049464453812
71265,0.9799250314564303
71266,0.9799450963925058
71267,0.9789656410237977
71268,0.9789866648708504
71269,0.9790076677045627
71270,0.9790286495459375
71271,0.9790496104159565
71272,0.9790705503355808
71273,0.9790914693257501
71274,0.9791123674073835
71275,0.9791332446013791
71276,0.9791541009286141
71277,0.9791749364099448
71278,0.9791957510662067
71279,0.9792165449182145
71280,0.9792373179867621
71281,0.9792580702926224
71282,0.9792788018565478
71283,0.9792995126992698
71284,0.9793202028414995
71285,0.9793408723039267
71286,0.9793615211072212
71287,0.9793821492720316
71288,0.9794027568189861
71289,0.9794233437686923
71290,0.9794439101417372
71291,0.9784649557088119
71292,0.9784864799909619
71293,0.9785079827595866
71294,0.9785294640361887
71295,0.9775514235923745
71296,0.9775738609501032
71297,0.9775962758816873
71298,0.9776186684095417
71299,0.9776410385560589
71300,0.977663386343609
71301,0.97768571179454
71302,0.9777080149311771
71303,0.9777302957758236
71304,0.9777525543507604
71305,0.9777747906782459
71306,0.9777970047805166
71307,0.9778191966797865
71308,0.9778413663982475
71309,0.9778635139580694
71310,0.9778856393813996
71311,0.9779077426903637
71312,0.9779298239070651
71313,0.9779518830535847
71314,0.9769744199021069
71315,0.9769974339751683
71316,0.9770204250456579
71317,0.9770433931365667
71318,0.977066338270863
71319,0.9770892604714918
71320,0.9771121597613753
71321,0.9771350361634129
71322,0.977157889700481
71323,0.977180720395433
71324,0.9772035282710998
71325,0.9772263133502891
71326,0.977249075655786
71327,0.9772718152103529
71328,0.9772945320367293
71329,0.9773172261576322
71330,0.9773398975957555
71331,0.9773625463737707
71332,0.9773851725143267
71333,0.9774077760400495
71334,0.9774303569735426
71335,0.9774529153373872
71336,0.9774754511541415
71337,0.9774979644463412
71338,0.9775204552364998
71339,0.9765434232972329
71340,0.9765668681515085
71341,0.9765902895726464
71342,0.976613687584068
71343,0.9766370622091713
71344,0.9766604134713311
71345,0.9766837413938986
71346,0.9767070460002015
71347,0.9767303273135447
71348,0.9767535853572094
71349,0.9767768201544536
71350,0.976800031728512
71351,0.9768232201025965
71352,0.9768463852998952
71353,0.9768695273435735
71354,0.9768926462567733
71355,0.9769157420626136
71356,0.9769388147841902
71357,0.9769618644445758
71358,0.9769848910668201
71359,0.9770078946739497
71360,0.9770308752889681
71361,0.9770538329348563
71362,0.9770767676345715
71363,0.9770996794110487
71364,0.9771225682871996
71365,0.977145434285913
71366,0.9771682774300551
71367,0.9771910977424688
71368,0.9772138952459746
71369,0.9772366699633699
71370,0.9772594219174295
71371,0.9772821511309053
71372,0.9773048576265266
71373,0.9773275414269998
71374,0.9773502025550088
71375,0.9773728410332148
71376,0.977395456884256
71377,0.9774180501307485
71378,0.9774406207952855
71379,0.9774631689004376
71380,0.977485694468753
71381,0.9775081975227572
71382,0.9775306780849533
71383,0.9775531361778219
71384,0.977575571823821
71385,0.9775979850453864
71386,0.9776203758649312
71387,0.9776427443048463
71388,0.9776650903875002
71389,0.9776874141352387
71390,0.9777097155703859
71391,0.9777319947152431
71392,0.9777542515920894
71393,0.9777764862231818
71394,0.9777986986307549
71395,0.977820888837021
71396,0.9768435566142953
71397,0.9768667014852456
71398,0.9768898232228915
71399,0.9769129218503549
71400,0.9769359973907344
71401,0.9769590498671056
71402,0.9769820793025208
71403,0.9770050857200095
71404,0.9770280691425782
71405,0.9770510295932103
71406,0.9770739670948663
71407,0.9770968816704836
71408,0.9771197733429768
71409,0.9771426421352377
71410,0.977165488070135
71411,0.9771883111705147
71412,0.9772111114591999
71413,0.9772338889589908
71414,0.977256643692665
71415,0.9772793756829772
71416,0.9773020849526594
71417,0.9773247715244208
71418,0.977347435420948
71419,0.9773700766649052
71420,0.9773926952789332
71421,0.977415291285651
71422,0.9774378647076544
71423,0.9774604155675168
71424,0.9774829438877892
71425,0.9775054496909998
71426,0.9775279329996545
71427,0.9775503938362365
71428,0.9775728322232068
71429,0.9775952481830037
71430,0.9776176417380432
71431,0.9776400129107189
71432,0.9776623617234018
71433,0.9776846881984409
71434,0.9777069923581626
71435,0.9777292742248711
71436,0.9777515338208482
71437,0.9777737711683536
71438,0.9777959862896246
71439,0.9778181792068763
71440,0.9778403499423017
71441,0.9778624985180715
71442,0.9778846249563343
71443,0.9779067292792165
71444,0.9779288115088225
71445,0.9779508716672345
71446,0.9779729097765126
71447,0.9779949258586951
71448,0.9780169199357979
71449,0.9780388920298151
71450,0.9780608421627188
71451,0.9780827703564592
71452,0.9781046766329645
71453,0.978126561014141
71454,0.9781484235218729
71455,0.978170264178023
71456,0.9781920830044317
71457,0.9782138800229181
71458,0.978235655255279
71459,0.9782574087232897
71460,0.9782791404487037
71461,0.9783008504532527
71462,0.9783225387586467
71463,0.9783442053865741
71464,0.9783658503587014
71465,0.9783874736966737
71466,0.9784090754221143
71467,0.9784306555566249
71468,0.9784522141217857
71469,0.9784737511391552
71470,0.9784952666302705
71471,0.978516760616647
71472,0.9785382331197788
71473,0.9785596841611384
71474,0.9785811137621767
71475,0.9786025219443235
71476,0.9786239087289869
71477,0.9786452741375535
71478,0.9786666181913891
71479,0.9786879409118375
71480,0.9787092423202215
71481,0.9787305224378424
71482,0.9787517812859805
71483,0.9787730188858945
71484,0.9787942352588221
71485,0.9788154304259797
71486,0.9788366044085625
71487,0.9788577572277443
71488,0.978878888904678
71489,0.9788999994604954
71490,0.978921088916307
71491,0.9789421572932022
71492,0.9789632046122495
71493,0.9789842308944962
71494,0.9790052361609685
71495,0.9790262204326716
71496,0.97904718373059
71497,0.9780686258258118
71498,0.978090546239779
71499,0.9771129444944119
71500,0.9771358201121086
71501,0.9771586728656197
71502,0.977181502777798
71503,0.9772043098714734
71504,0.977227094169453
71505,0.9772498556945209
71506,0.9772725944694389
71507,0.9772953105169457
71508,0.9773180038597574
71509,0.9773406745205673
71510,0.9773633225220459
71511,0.9773859478868415
71512,0.9774085506375794
71513,0.9774311307968622
71514,0.9774536883872701
71515,0.9774762234313608
71516,0.9774987359516693
71517,0.977521225970708
71518,0.9775436935109671
71519,0.9775661385949143
71520,0.9765890609951192
71521,0.9766124602345044
71522,0.976635836086344
71523,0.9766591885740138
71524,0.9766825177208663
71525,0.9767058235502308
71526,0.976729106085413
71527,0.9767523653496955
71528,0.9767756013663375
71529,0.976798814158575
71530,0.9768220037496208
71531,0.9768451701626647
71532,0.9768683134208729
71533,0.9768914335473887
71534,0.9769145305653324
71535,0.9769376044978009
71536,0.976960655367868
71537,0.9759841829487097
71538,0.9760081867638534
71539,0.9760321665871778
71540,0.9760561224426629
71541,0.9760800543542645
71542,0.9761039623459143
71543,0.9761278464415206
71544,0.9761517066649674
71545,0.9761755430401149
71546,0.9761993555907994
71547,0.9762231443408336
71548,0.9762469093140062
71549,0.9762706505340821
71550,0.9762943680248027
71551,0.9763180618098853
71552,0.9763417319130239
71553,0.9763653783578884
71554,0.9763890011681254
71555,0.9764126003673577
71556,0.9764361759791844
71557,0.9764597280271813
71558,0.9764832565349002
71559,0.9765067615258698
71560,0.976530243023595
71561,0.9765537010515575
71562,0.9755776353833401
71563,0.975602045542877
71564,0.9756264313044534
71565,0.9756507926924549
71566,0.975675129731243
71567,0.9756994424451548
71568,0.975723730858503
71569,0.975747994995576
71570,0.9757722348806378
71571,0.9757964505379285
71572,0.9758206419916637
71573,0.9758448092660349
71574,0.9758689523852093
71575,0.97589307137333
71576,0.9759171662545161
71577,0.9759412370528624
71578,0.9759652837924397
71579,0.9759893064972949
71580,0.9760133051914505
71581,0.9760372798989053
71582,0.976061230643634
71583,0.9760851574495875
71584,0.9761090603406923
71585,0.9761329393408515
71586,0.9761567944739441
71587,0.9761806257638252
71588,0.9762044332343262
71589,0.9762282169092543
71590,0.9762519768123935
71591,0.9762757129675036
71592,0.9762994253983207
71593,0.9763231141285573
71594,0.976346779181902
71595,0.9763704205820201
71596,0.9763940383525528
71597,0.976417632517118
71598,0.9764412030993098
71599,0.9764647501226988
71600,0.9764882736108321
71601,0.9765117735872331
71602,0.9765352500754018
71603,0.9765587030988147
71604,0.9765821326809248
71605,0.9766055388451617
71606,0.9766289216149316
71607,0.9766522810136173
71608,0.9766756170645783
71609,0.9766989297911505
71610,0.9767222192166466
71611,0.9767454853643561
71612,0.9767687282575451
71613,0.9767919479194567
71614,0.9768151443733103
71615,0.9768383176423024
71616,0.9768614677496065
71617,0.9768845947183725
71618,0.9769076985717274
71619,0.9769307793327752
71620,0.9759543367747214
71621,0.9759783704211235
71622,0.9760023800458899
71623,0.9760263656730305
71624,0.9760503273265307
71625,0.9760742650303523
71626,0.976098178808433
71627,0.9761220686846864
71628,0.9761459346830026
71629,0.9761697768272475
71630,0.9761935951412632
71631,0.9762173896488682
71632,0.9762411603738568
71633,0.9762649073399998
71634,0.9762886305710443
71635,0.9763123300907134
71636,0.9763360059227066
71637,0.9763596580906999
71638,0.9763832866183454
71639,0.9764068915292716
71640,0.9764304728470834
71641,0.9764540305953622
71642,0.9764775647976657
71643,0.9765010754775281
71644,0.9765245626584601
71645,0.9765480263639489
71646,0.9765714666174582
71647,0.9765948834424283
71648,0.976618276862276
71649,0.9766416469003947
71650,0.9766649935801544
71651,0.9766883169249018
71652,0.9767116169579604
71653,0.9767348937026301
71654,0.9767581471821877
71655,0.9767813774198867
71656,0.9768045844389572
71657,0.9768277682626064
71658,0.9768509289140181
71659,0.976874066416353
71660,0.9768971807927485
71661,0.9769202720663189
71662,0.9769433402601557
71663,0.9769663853973269
71664,0.9769894075008778
71665,0.9770124065938305
71666,0.977035382699184
71667,0.9770583358399144
71668,0.9770812660389749
71669,0.9771041733192958
71670,0.9771270577037843
71671,0.9771499192153247
71672,0.9771727578767786
71673,0.9771955737109848
71674,0.9772183667407589
71675,0.977241136988894
71676,0.9772638844781605
71677,0.9772866092313057
71678,0.9773093112710546
71679,0.977331990620109
71680,0.9773546473011484
71681,0.9773772813368294
71682,0.9773998927497861
71683,0.9774224815626299
71684,0.9774450477979496
71685,0.9774675914783115
71686,0.9774901126262593
71687,0.977512611264314
71688,0.9775350874149743
71689,0.9775575411007165
71690,0.9775799723439941
71691,0.9776023811672384
71692,0.9776247675928583
71693,0.9776471316432402
71694,0.9776694733407483
71695,0.977691792707724
71696,0.9777140897664869
71697,0.977736364539334
71698,0.9777586170485401
71699,0.9777808473163576
71700,0.9778030553650169
71701,0.977825241216726
71702,0.9778474048936708
71703,0.977869546418015
71704,0.9778916658119001
71705,0.9779137630974455
71706,0.9779358382967483
71707,0.977957891431884
71708,0.9779799225249056
71709,0.9780019315978442
71710,0.9780239186727089
71711,0.9780458837714868
71712,0.978067826916143
71713,0.9780897481286206
71714,0.9781116474308409
71715,0.9781335248447032
71716,0.9781553803920848
71717,0.9781772140948414
71718,0.9781990259748066
71719,0.9782208160537923
71720,0.9782425843535886
71721,0.9782643308959638
71722,0.9782860557026645
71723,0.9783077587954154
71724,0.9773299399460447
71725,0.9773525986767333
71726,0.977375234760015
71727,0.9773978482185257
71728,0.977420439074879
71729,0.9774430073516657
71730,0.9774655530714541
71731,0.97748807625679
71732,0.9775105769301965
71733,0.9775330551141743
71734,0.9775555108312016
71735,0.9775779441037341
71736,0.9776003549542052
71737,0.9776227434050255
71738,0.9776451094785837
71739,0.9776674531972458
71740,0.9776897745833555
71741,0.9777120736592342
71742,0.9777343504471809
71743,0.9777566049694726
71744,0.9777788372483637
71745,0.9778010473060864
71746,0.9778232351648509
71747,0.9778454008468451
71748,0.9778675443742346
71749,0.9778896657691629
71750,0.9779117650537514
71751,0.9779338422500995
71752,0.9779558973802843
71753,0.977977930466361
71754,0.9779999415303626
71755,0.9770224303444253
71756,0.9770453964310375
71757,0.9770683395630404
71758,0.9770912597633772
71759,0.977114157054968
71760,0.9771370314607101
71761,0.977159883003478
71762,0.9771827117061233
71763,0.9772055175914744
71764,0.9772283006823376
71765,0.9772510610014956
71766,0.977273798571709
71767,0.9772965134157153
71768,0.9773192055562293
71769,0.9773418750159433
71770,0.9773645218175265
71771,0.977387145983626
71772,0.9774097475368657
71773,0.9774323264998473
71774,0.9774548828951498
71775,0.9774774167453296
71776,0.9774999280729205
71777,0.9775224169004338
71778,0.9775448832503585
71779,0.9775673271451607
71780,0.9775897486072844
71781,0.9776121476591512
71782,0.97763452432316
71783,0.9776568786216876
71784,0.9776792105770882
71785,0.9777015202116938
71786,0.977723807547814
71787,0.9777460726077362
71788,0.9777683154137254
71789,0.9777905359880246
71790,0.9778127343528541
71791,0.9778349105304125
71792,0.9778570645428758
71793,0.9778791964123982
71794,0.9779013061611114
71795,0.9779233938111253
71796,0.9779454593845274
71797,0.9779675029033834
71798,0.9779895243897369
71799,0.9780115238656092
71800,0.9780335013529999
71801,0.9780554568738865
71802,0.9780773904502245
71803,0.9780993021039474
71804,0.9781211918569669
71805,0.9781430597311728
71806,0.978164905748433
71807,0.9781867299305934
71808,0.9782085322994784
71809,0.9782303128768902
71810,0.9782520716846095
71811,0.978273808744395
71812,0.9782955240779838
71813,0.9783172177070912
71814,0.978338889653411
71815,0.9783605399386149
71816,0.9783821685843535
71817,0.9784037756122551
71818,0.978425361043927
71819,0.9784469249009545
71820,0.9784684672049015
71821,0.9784899879773105
71822,0.9785114872397019
71823,0.9785329650135753
71824,0.9785544213204084
71825,0.9785758561816573
71826,0.9785972696187571
71827,0.9786186616531212
71828,0.9786400323061415
71829,0.9786613815991888
71830,0.9786827095536124
71831,0.9787040161907402
71832,0.9787253015318789
71833,0.9787465655983137
71834,0.978767808411309
71835,0.9787890299921073
71836,0.9788102303619303
71837,0.9788314095419783
71838,0.9788525675534306
71839,0.9788737044174453
71840,0.9788948201551589
71841,0.9789159147876875
71842,0.9789369883361255
71843,0.9789580408215467
71844,0.9789790722650035
71845,0.9790000826875273
71846,0.9790210721101285
71847,0.9790420405537965
71848,0.9790629880394999
71849,0.979083914588186
71850,0.9791048202207815
71851,0.979125704958192
71852,0.9791465688213022
71853,0.9791674118309761
71854,0.9791882340080565
71855,0.9792090353733658
71856,0.9792298159477053
71857,0.9792505757518555
71858,0.9792713148065763
71859,0.9792920331326067
71860,0.979312730750665
71861,0.9783339074315739
71862,0.9783555626965098
71863,0.978377196317003
71864,0.9783988083146872
71865,0.9784203987111743
71866,0.9784419675280547
71867,0.9784635147868972
71868,0.9784850405092491
71869,0.9785065447166361
71870,0.9785280274305626
71871,0.978549488672511
71872,0.9785709284639428
71873,0.9785923468262977
71874,0.9786137437809941
71875,0.9786351193494288
71876,0.9786564735529776
71877,0.9786778064129946
71878,0.9786991179508128
71879,0.9787204081877435
71880,0.9787416771450771
71881,0.9787629248440826
71882,0.9787841513060075
71883,0.9788053565520785
71884,0.9788265406035007
71885,0.9788477034814582
71886,0.9788688452071139
71887,0.9788899658016096
71888,0.9789110652860658
71889,0.9789321436815819
71890,0.9789532010092364
71891,0.9789742372900868
71892,0.9789952525451692
71893,0.9790162467954988
71894,0.9790372200620701
71895,0.9790581723658561
71896,0.9790791037278093
71897,0.9791000141688609
71898,0.9791209037099216
71899,0.9791417723718806
71900,0.9791626201756068
71901,0.979183447141948
71902,0.9792042532917312
71903,0.9792250386457625
71904,0.9792458032248272
71905,0.97926654704969
71906,0.9792872701410946
71907,0.9793079725197642
71908,0.9793286542064011
71909,0.9793493152216871
71910,0.9793699555862831
71911,0.9793905753208296
71912,0.9794111744459463
71913,0.9794317529822322
71914,0.979452310950266
71915,0.9794728483706056
71916,0.9794933652637884
71917,0.9795138616503313
71918,0.9795343375507307
71919,0.9795547929854627
71920,0.9795752279749824
71921,0.9795956425397251
71922,0.9786165364502302
71923,0.9786379092273914
71924,0.9786592606424565
71925,0.9786805907167768
71926,0.9787018994716826
71927,0.9787231869284826
71928,0.9787444531084641
71929,0.9787656980328935
71930,0.9787869217230155
71931,0.978808124200054
71932,0.9788293054852114
71933,0.9788504655996689
71934,0.9788716045645868
71935,0.9788927224011039
71936,0.9779143188804631
71937,0.9779363935242608
71938,0.9779584461044464
71939,0.9779804766430726
71940,0.97800248516217
71941,0.9780244716837471
71942,0.9780464362297903
71943,0.9780683788222643
71944,0.9780902994831115
71945,0.9781121982342529
71946,0.978134075097587
71947,0.9781559300949907
71948,0.9781777632483191
71949,0.9781995745794052
71950,0.9782213641100604
71951,0.9782431318620743
71952,0.9782648778572147
71953,0.9782866021172275
71954,0.978308304663837
71955,0.9783299855187457
71956,0.9783516447036346
71957,0.9783732822401626
71958,0.9783948981499676
71959,0.9784164924546653
71960,0.9784380651758501
71961,0.9784596163350946
71962,0.9784811459539501
71963,0.9785026540539461
71964,0.9785241406565909
71965,0.9785456057833709
71966,0.9785670494557513
71967,0.9785884716951759
71968,0.9786098725230669
71969,0.9786312519608249
71970,0.9786526100298296
71971,0.9786739467514389
71972,0.9786952621469898
71973,0.9787165562377974
71974,0.9787378290451559
71975,0.9787590805903382
71976,0.9787803108945957
71977,0.9788015199791589
71978,0.9788227078652367
71979,0.9788438745740171
71980,0.9788650201266668
71981,0.9788861445443313
71982,0.9789072478481351
71983,0.9789283300591815
71984,0.9789493911985526
71985,0.9789704312873097
71986,0.9789914503464927
71987,0.9790124483971209
71988,0.9790334254601922
71989,0.9790543815566838
71990,0.9790753167075517
71991,0.979096230933731
71992,0.9791171242561361
71993,0.9791379966956602
71994,0.9791588482731758
71995,0.9791796790095344
71996,0.9792004889255669
71997,0.979221278042083
71998,0.979242046379872
71999,0.9792627939597022
72000,0.9792835208023212
72001,0.9793042269284558
72002,0.9793249123588121
72003,0.9793455771140757
72004,0.9793662212149111
72005,0.9793868446819627
72006,0.9794074475358537
72007,0.9794280297971872
72008,0.9794485914865454
72009,0.9794691326244899
72010,0.9794896532315619
72011,0.979510153328282
72012,0.9795306329351502
72013,0.9795510920726463
72014,0.9795715307612294
72015,0.9795919490213381
72016,0.9796123468733907
72017,0.9796327243377851
72018,0.9796530814348988
72019,0.9796734181850888
72020,0.9796937346086919
72021,0.9797140307260246
72022,0.9797343065573829
72023,0.9797545621230427
72024,0.9797747974432596
72025,0.9797950125382688
72026,0.9798152074282855
72027,0.9798353821335046
72028,0.9798555366741009
72029,0.9798756710702287
72030,0.9798957853420225
72031,0.9799158795095967
72032,0.9799359535930454
72033,0.9799560076124427
72034,0.9799760415878426
72035,0.979996055539279
72036,0.980016049486766
72037,0.9800360234502975
72038,0.9800559774498474
72039,0.9800759115053698
72040,0.9800958256367986
72041,0.9801157198640482
72042,0.9801355942070127
72043,0.9801554486855664
72044,0.9801752833195638
72045,0.9801950981288396
72046,0.9802148931332086
72047,0.9802346683524658
72048,0.9802544238063863
72049,0.9802741595147257
72050,0.9802938754972198
72051,0.9803135717735844
72052,0.9803332483635158
72053,0.9803529052866906
72054,0.9803725425627658
72055,0.9803921602113788
72056,0.980411758252147
72057,0.9804313367046685
72058,0.9804508955885219
72059,0.980470434923266
72060,0.9804899547284401
72061,0.9805094550235641
72062,0.9805289358281383
72063,0.9805483971616433
72064,0.9805678390435407
72065,0.9805872614932724
72066,0.9806066645302606
72067,0.9806260481739085
72068,0.9806454124435998
72069,0.9806647573586986
72070,0.98068408293855
72071,0.9807033892024795
72072,0.9807226761697934
72073,0.9797424436099035
72074,0.9797626910425773
72075,0.9797829182379371
72076,0.9798031252162099
72077,0.979823311997603
72078,0.979843478602303
72079,0.9788641248006016
72080,0.9788852501131448
72081,0.9789063543109328
72082,0.9789274374150697
72083,0.9789484994466389
72084,0.9789695404267021
72085,0.9789905603763006
72086,0.9790115593164542
72087,0.979032537268162
72088,0.9790534942524017
72089,0.9790744302901304
72090,0.9790953454022842
72091,0.9791162396097781
72092,0.9791371129335065
72093,0.9791579653943425
72094,0.9791787970131388
72095,0.9791996078107269
72096,0.9792203978079176
72097,0.9792411670255009
72098,0.979261915484246
72099,0.9792826432049014
72100,0.9793033502081949
72101,0.9793240365148335
72102,0.9793447021455033
72103,0.9793653471208701
72104,0.9793859714615789
72105,0.979406575188254
72106,0.9794271583214992
72107,0.9794477208818975
72108,0.9794682628900115
72109,0.9794887843663833
72110,0.9795092853315344
72111,0.9795297658059656
72112,0.9795502258101576
72113,0.9795706653645703
72114,0.9795910844896432
72115,0.9796114832057954
72116,0.9796318615334257
72117,0.9796522194929126
72118,0.9796725571046139
72119,0.9796928743888671
72120,0.9797131713659897
72121,0.9797334480562785
72122,0.9797537044800103
72123,0.9797739406574416
72124,0.9797941566088085
72125,0.979814352354327
72126,0.9798345279141928
72127,0.9798546833085814
72128,0.9798748185576482
72129,0.9798949336815287
72130,0.9799150287003378
72131,0.9799351036341705
72132,0.9799551585031019
72133,0.9799751933271867
72134,0.9799952081264599
72135,0.9790157026710612
72136,0.979036676481485
72137,0.9790576293285799
72138,0.979078561233299
72139,0.979099472216574
72140,0.9791203622993161
72141,0.9791412315024153
72142,0.9791620798467408
72143,0.9791829073531408
72144,0.979203714042443
72145,0.978224999685579
72146,0.9782467638038342
72147,0.9782685061688479
72148,0.9782902268023622
72149,0.978311925726098
72150,0.9783336029617541
72151,0.9783552585310077
72152,0.9783768924555144
72153,0.9783985047569081
72154,0.9784200954568013
72155,0.9784416645767845
72156,0.9784632121384269
72157,0.9784847381632761
72158,0.978506242672858
72159,0.9785277256886773
72160,0.9785491872322168
72161,0.9785706273249383
72162,0.9785920459882816
72163,0.9786134432436657
72164,0.9786348191124876
72165,0.9786561736161233
72166,0.9786775067759274
72167,0.9786988186132328
72168,0.9787201091493515
72169,0.9787413784055741
72170,0.9787626264031697
72171,0.9787838531633865
72172,0.978805058707451
72173,0.9788262430565691
72174,0.9788474062319248
72175,0.9788685482546815
72176,0.9788896691459812
72177,0.9789107689269447
72178,0.9789318476186719
72179,0.9789529052422414
72180,0.978973941818711
72181,0.9789949573691171
72182,0.9790159519144753
72183,0.9790369254757803
72184,0.9790578780740053
72185,0.9790788097301033
72186,0.9790997204650057
72187,0.9791206102996234
72188,0.9791414792548462
72189,0.979162327351543
72190,0.9791831546105619
72191,0.9792039610527303
72192,0.9792247466988545
72193,0.9792455115697202
72194,0.9792662556860923
72195,0.9792869790687149
72196,0.9793076817383114
72197,0.9793283637155844
72198,0.979349025021216
72199,0.9793696656758675
72200,0.9793902857001795
72201,0.979410885114772
72202,0.9794314639402445
72203,0.9794520221971758
72204,0.9794725599061241
72205,0.9794930770876272
72206,0.9795135737622023
72207,0.979534049950346
72208,0.9795545056725345
72209,0.9795749409492237
72210,0.9795953558008487
72211,0.9796157502478243
72212,0.9796361243105451
72213,0.9796564780093852
72214,0.9796768113646981
72215,0.9796971243968173
72216,0.9797174171260559
72217,0.9797376895727065
72218,0.9797579417570416
72219,0.9797781736993134
72220,0.9797983854197538
72221,0.9798185769385747
72222,0.9798387482759674
72223,0.9798588994521034
72224,0.9798790304871338
72225,0.9798991414011896
72226,0.9799192322143818
72227,0.9799393029468012
72228,0.9799593536185185
72229,0.9799793842495844
72230,0.9799993948600296
72231,0.9800193854698647
72232,0.9800393560990802
72233,0.9800593067676469
72234,0.9800792374955153
72235,0.9800991483026162
72236,0.9801190392088605
72237,0.9801389102341389
72238,0.9801587613983227
72239,0.980178592721263
72240,0.9801984042227909
72241,0.9802181959227182
72242,0.9802379678408364
72243,0.9802577199969175
72244,0.9802774524107136
72245,0.9802971651019573
72246,0.9803168580903612
72247,0.9793370311457431
72248,0.9793576837882761
72249,0.9793783157884878
72250,0.97939892716701
72251,0.9794195179444544
72252,0.9794400881414115
72253,0.9794606377784516
72254,0.9794811668761243
72255,0.9795016754549588
72256,0.9795221635354636
72257,0.9795426311381268
72258,0.979563078283416
72259,0.9795835049917785
72260,0.9796039112836408
72261,0.9796242971794092
72262,0.9796446626994698
72263,0.979665007864188
72264,0.9796853326939089
72265,0.9797056372089574
72266,0.9797259214296381
72267,0.9797461853762351
72268,0.9797664290690126
72269,0.979786652528214
72270,0.9798068557740628
72271,0.9798270388267624
72272,0.9798472017064958
72273,0.9798673444334258
72274,0.9798874670276952
72275,0.9799075695094267
72276,0.9799276518987227
72277,0.9799477142156655
72278,0.9799677564803175
72279,0.979987778712721
72280,0.9800077809328982
72281,0.9800277631608513
72282,0.9800477254165626
72283,0.9800676677199943
72284,0.9800875900910888
72285,0.9801074925497684
72286,0.9801273751159355
72287,0.9801472378094728
72288,0.9801670806502429
72289,0.9801869036580888
72290,0.9802067068528333
72291,0.9802264902542798
72292,0.9802462538822115
72293,0.9802659977563922
72294,0.9802857218965657
72295,0.9803054263224562
72296,0.9803251110537681
72297,0.9803447761101861
72298,0.9803644215113754
72299,0.9803840472769811
72300,0.9804036534266294
72301,0.9804232399799261
72302,0.9804428069564579
72303,0.9804623543757918
72304,0.9804818822574751
72305,0.9805013906210359
72306,0.9805208794859824
72307,0.9805403488718035
72308,0.9805597987979686
72309,0.9805792292839277
72310,0.9805986403491112
72311,0.9806180320129301
72312,0.9806374042947762
72313,0.9806567572140218
72314,0.9806760907900197
72315,0.9806954050421036
72316,0.9807146999895878
72317,0.9807339756517671
72318,0.9807532320479173
72319,0.9807724691972947
72320,0.9807916871191364
72321,0.9808108858326605
72322,0.9808300653570656
72323,0.9808492257115313
72324,0.980868366915218
72325,0.9808874889872667
72326,0.9809065919467997
72327,0.9809256758129199
72328,0.980944740604711
72329,0.980963786341238
72330,0.9809828130415467
72331,0.9810018207246636
72332,0.9810208094095965
72333,0.981039779115334
72334,0.981058729860846
72335,0.981077661665083
72336,0.981096574546977
72337,0.9811154685254407
72338,0.9811343436193684
72339,0.9811531998476348
72340,0.9811720372290965
72341,0.9811908557825907
72342,0.981209655526936
72343,0.981228436480932
72344,0.9812471986633599
72345,0.9812659420929817
72346,0.9812846667885409
72347,0.9813033727687622
72348,0.9813220600523517
72349,0.9813407286579965
72350,0.9813593786043653
72351,0.981378009910108
72352,0.9813966225938561
72353,0.981415216674222
72354,0.9814337921698001
72355,0.9814523490991656
72356,0.9804713872310005
72357,0.9804909060843428
72358,0.9805104054285863
72359,0.9805298852832304
72360,0.9805493456677549
72361,0.9805687866016202
72362,0.9805882081042673
72363,0.9806076101951176
72364,0.9806269928935732
72365,0.980646356219017
72366,0.980665700190812
72367,0.9806850248283024
72368,0.9807043301508129
72369,0.9807236161776487
72370,0.9807428829280959
72371,0.9807621304214211
72372,0.980781358676872
72373,0.9808005677136767
72374,0.9808197575510443
72375,0.9808389282081648
72376,0.9808580797042086
72377,0.9808772120583273
72378,0.9808963252896533
72379,0.9809154194172999
72380,0.9809344944603611
72381,0.9809535504379119
72382,0.9809725873690084
72383,0.9809916052726876
72384,0.9810106041679673
72385,0.9810295840738463
72386,0.9810485450093047
72387,0.9810674869933034
72388,0.9810864100447844
72389,0.9811053141826707
72390,0.9811241994258664
72391,0.9811430657932568
72392,0.9811619133037084
72393,0.9811807419760685
72394,0.981199551829166
72395,0.9812183428818104
72396,0.9812371151527931
72397,0.9812558686608862
72398,0.9802751031749682
72399,0.9802948182142737
72400,0.9803145135483924
72401,0.9803341891970196
72402,0.9803538451798313
72403,0.9803734815164831
72404,0.9803930982266115
72405,0.9804126953298332
72406,0.9804322728457454
72407,0.9804518307939256
72408,0.9804713691939317
72409,0.9804908880653022
72410,0.9805103874275557
72411,0.9805298673001919
72412,0.9805493277026904
72413,0.9805687686545118
72414,0.980588190175097
72415,0.9806075922838675
72416,0.9806269750002254
72417,0.9806463383435535
72418,0.9806656823332152
72419,0.9806850069885543
72420,0.9807043123288955
72421,0.9807235983735443
72422,0.9807428651417867
72423,0.9807621126528894
72424,0.9807813409260999
72425,0.9808005499806466
72426,0.9808197398357384
72427,0.9808389105105653
72428,0.9808580620242978
72429,0.9808771943960877
72430,0.9808963076450671
72431,0.9809154017903494
72432,0.9809344768510287
72433,0.9809535328461801
72434,0.9809725697948596
72435,0.9809915877161041
72436,0.9810105866289316
72437,0.981029566552341
72438,0.9810485275053121
72439,0.9810674695068061
72440,0.9810863925757648
72441,0.9811052967311114
72442,0.9811241819917499
72443,0.9811430483765657
72444,0.9811618959044253
72445,0.9811807245941759
72446,0.9811995344646465
72447,0.9812183255346468
72448,0.981237097822968
72449,0.9812558513483823
72450,0.9812745861296434
72451,0.9812933021854858
72452,0.9813119995346258
72453,0.9813306781957606
72454,0.981349338187569
72455,0.9813679795287108
72456,0.9813866022378275
72457,0.9814052063335418
72458,0.9814237918344578
72459,0.981442358759161
72460,0.9814609071262183
72461,0.981479436954178
72462,0.9814979482615702
72463,0.9815164410669059
72464,0.9815349153886781
72465,0.9815533712453611
72466,0.9815718086554107
72467,0.9815902276372643
72468,0.981608628209341
72469,0.9816270103900413
72470,0.9816453741977474
72471,0.9816637196508231
72472,0.9816820467676138
72473,0.9817003555664469
72474,0.9817186460656309
72475,0.9817369182834563
72476,0.9817551722381955
72477,0.9817734079481024
72478,0.9817916254314126
72479,0.9818098247063437
72480,0.981828005791095
72481,0.9818461687038476
72482,0.9818643134627643
72483,0.9818824400859899
72484,0.9819005485916511
72485,0.9819186389978564
72486,0.9819367113226961
72487,0.9819547655842427
72488,0.9819728018005502
72489,0.9819908199896551
72490,0.9820088201695755
72491,0.9820268023583115
72492,0.9820447665738454
72493,0.9820627128341415
72494,0.9820806411571459
72495,0.982098551560787
72496,0.982116444062975
72497,0.9821343186816027
72498,0.9821521754345447
72499,0.9821700143396576
72500,0.9821878354147804
72501,0.9822056386777341
72502,0.9822234241463221
72503,0.9822411918383298
72504,0.9822589417715248
72505,0.9822766739636573
72506,0.9822943884324592
72507,0.9823120851956452
72508,0.9823297642709119
72509,0.9823474256759385
72510,0.9813655691785113
72511,0.9813841942967736
72512,0.9814028007992256
72513,0.9814213887044737
72514,0.981439958031106
72515,0.9814585087976916
72516,0.9804775407729063
72517,0.980497053475782
72518,0.9805165466757062
72519,0.9805360203921722
72520,0.9805554746446539
72521,0.9805749094526053
72522,0.9805943248354613
72523,0.9806137208126372
72524,0.9806330974035291
72525,0.9806524546275136
72526,0.9806717925039479
72527,0.9806911110521698
72528,0.980710410291498
72529,0.9807296902412316
72530,0.9807489509206506
72531,0.9807681923490158
72532,0.9807874145455685
72533,0.9808066175295309
72534,0.9808258013201061
72535,0.9808449659364779
72536,0.9808641113978107
72537,0.9808832377232501
72538,0.9809023449319225
72539,0.9809214330429351
72540,0.980940502075376
72541,0.9809595520483141
72542,0.9809785829807995
72543,0.9809975948918632
72544,0.981016587800517
72545,0.9810355617257539
72546,0.9810545166865478
72547,0.9810734527018535
72548,0.9810923697906073
72549,0.9811112679717262
72550,0.9811301472641083
72551,0.9811490076866329
72552,0.9811678492581606
72553,0.9811866719975327
72554,0.9812054759235722
72555,0.9812242610550829
72556,0.9812430274108499
72557,0.9812617750096396
72558,0.9812805038701997
72559,0.981299214011259
72560,0.9813179054515275
72561,0.9813365782096969
72562,0.9813552323044398
72563,0.9813738677544104
72564,0.981392484578244
72565,0.9814110827945576
72566,0.9814296624219493
72567,0.9814482234789988
72568,0.9814667659842672
72569,0.9814852899562969
72570,0.981503795413612
72571,0.9815222823747178
72572,0.9815407508581014
72573,0.9815592008822313
72574,0.9815776324655574
72575,0.9815960456265114
72576,0.9816144403835063
72577,0.9816328167549371
72578,0.9816511747591801
72579,0.9816695144145932
72580,0.9816878357395161
72581,0.9817061387522702
72582,0.9817244234711585
72583,0.9817426899144657
72584,0.9817609381004582
72585,0.9817791680473843
72586,0.9817973797734739
72587,0.9818155732969387
72588,0.9818337486359723
72589,0.9818519058087499
72590,0.9818700448334289
72591,0.9818881657281481
72592,0.9819062685110285
72593,0.9819243532001729
72594,0.981942419813666
72595,0.9819604683695744
72596,0.9819784988859467
72597,0.9819965113808133
72598,0.9820145058721869
72599,0.9820324823780617
72600,0.9820504409164145
72601,0.9820683815052037
72602,0.9820863041623699
72603,0.9821042089058357
72604,0.9821220957535061
72605,0.9821399647232677
72606,0.9821578158329896
72607,0.9821756491005228
72608,0.9821934645437007
72609,0.9822112621803387
72610,0.9822290420282345
72611,0.9822468041051677
72612,0.9822645484289007
72613,0.9822822750171776
72614,0.9822999838877251
72615,0.9823176750582521
72616,0.9823353485464498
72617,0.9823530043699915
72618,0.9823706425465333
72619,0.9823882630937132
72620,0.9824058660291518
72621,0.9824234513704521
72622,0.9824410191351992
72623,0.9824585693409611
72624,0.982476102005288
72625,0.9824936171457125
72626,0.9825111147797497
72627,0.9825285949248974
72628,0.9825460575986357
72629,0.9825635028184272
72630,0.9825809306017171
72631,0.9825983409659333
72632,0.9826157339284861
72633,0.9826331095067685
72634,0.982650467718156
72635,0.9826678085800069
72636,0.982685132109662
72637,0.9827024383244449
72638,0.9827197272416619
72639,0.9827369988786018
72640,0.9827542532525362
72641,0.9827714903807195
72642,0.9827887102803889
72643,0.9828059129687644
72644,0.9828230984630485
72645,0.9828402667804268
72646,0.9828574179380676
72647,0.982874551953122
72648,0.982891668842724
72649,0.9829087686239907
72650,0.9829258513140217
72651,0.9829429169298997
72652,0.9829599654886904
72653,0.9829769970074423
72654,0.982994011503187
72655,0.9830110089929389
72656,0.9830279894936956
72657,0.9830449530224376
72658,0.9830618995961282
72659,0.9830788292317143
72660,0.9830957419461254
72661,0.9831126377562742
72662,0.9831295166790566
72663,0.9831463787313514
72664,0.9831632239300206
72665,0.9831800522919096
72666,0.9831968638338467
72667,0.9832136585726435
72668,0.9832304365250947
72669,0.9832471977079782
72670,0.9832639421380551
72671,0.9832806698320701
72672,0.9832973808067507
72673,0.9833140750788079
72674,0.983330752664936
72675,0.9833474135818125
72676,0.9833640578460986
72677,0.9833806854744384
72678,0.9833972964834594
72679,0.9824143906398978
72680,0.9824319674608474
72681,0.9824495267137601
72682,0.9824670684161951
72683,0.9824845925856942
72684,0.9815025989899064
72685,0.9815210871468381
72686,0.9815395568248522
72687,0.9815580080424186
72688,0.9815764408179883
72689,0.9815948551699943
72690,0.9816132511168509
72691,0.9816316286769541
72692,0.9816499878686813
72693,0.9816683287103918
72694,0.9816866512204264
72695,0.9817049554171077
72696,0.9817232413187398
72697,0.9817415089436086
72698,0.9817597583099817
72699,0.9817779894361087
72700,0.9817962023402206
72701,0.9818143970405302
72702,0.9818325735552323
72703,0.9818507319025035
72704,0.981868872100502
72705,0.981886994167368
72706,0.9819050981212237
72707,0.981923183980173
72708,0.9819412517623017
72709,0.9819593014856778
72710,0.9819773331683508
72711,0.9819953468283524
72712,0.9820133424836964
72713,0.9820313201523784
72714,0.982049279852376
72715,0.9820672216016489
72716,0.9820851454181391
72717,0.9821030513197702
72718,0.9821209393244481
72719,0.9821388094500608
72720,0.9821566617144786
72721,0.9821744961355535
72722,0.9821923127311202
72723,0.9822101115189951
72724,0.9822278925169771
72725,0.9822456557428472
72726,0.9822634012143686
72727,0.9822811289492868
72728,0.9822988389653294
72729,0.9823165312802067
72730,0.9823342059116108
72731,0.9823518628772164
72732,0.9823695021946804
72733,0.9823871238816423
72734,0.9824047279557236
72735,0.9824223144345285
72736,0.9824398833356435
72737,0.9824574346766374
72738,0.9824749684750615
72739,0.9824924847484497
72740,0.9825099835143184
72741,0.9825274647901662
72742,0.9825449285934743
72743,0.9825623749417067
72744,0.9825798038523097
72745,0.9825972153427122
72746,0.9826146094303256
72747,0.9826319861325442
72748,0.9826493454667445
72749,0.9826666874502861
72750,0.9826840121005107
72751,0.982701319434743
72752,0.9827186094702905
72753,0.9827358822244432
72754,0.9827531377144737
72755,0.9827703759576376
72756,0.9827875969711732
72757,0.9828048007723015
72758,0.9828219873782262
72759,0.9828391568061341
72760,0.9828563090731944
72761,0.9828734441965595
72762,0.9828905621933646
72763,0.9829076630807275
72764,0.9829247468757493
72765,0.9829418135955136
72766,0.9829588632570873
72767,0.98297589587752
72768,0.9829929114738443
72769,0.9830099100630758
72770,0.9830268916622131
72771,0.9830438562882379
72772,0.9830608039581147
72773,0.9830777346887912
72774,0.9830946484971982
72775,0.9831115454002495
72776,0.9831284254148419
72777,0.9831452885578555
72778,0.9831621348461536
72779,0.9831789642965821
72780,0.9831957769259708
72781,0.9832125727511323
72782,0.9832293517888623
72783,0.9832461140559399
72784,0.9832628595691273
72785,0.9832795883451702
72786,0.9832963004007972
72787,0.9833129957527205
72788,0.9833296744176353
72789,0.9833463364122204
72790,0.9833629817531376
72791,0.9833796104570326
72792,0.9833962225405338
72793,0.9834128180202535
72794,0.983429396912787
72795,0.9834459592347132
72796,0.9834625050025946
72797,0.9834790342329768
72798,0.983495546942389
72799,0.9835120431473442
72800,0.9835285228643383
72801,0.9835449861098512
72802,0.9835614329003461
72803,0.9835778632522698
72804,0.9835942771820526
72805,0.9836106747061085
72806,0.9836270558408351
72807,0.9836434206026133
72808,0.9836597690078082
72809,0.9836761010727678
72810,0.9836924168138245
72811,0.983708716247294
72812,0.9837249993894756
72813,0.9837412662566525
72814,0.9837575168650916
72815,0.9837737512310435
72816,0.9837899693707426
72817,0.983806171300407
72818,0.9838223570362388
72819,0.9838385265944234
72820,0.9838546799911306
72821,0.9838708172425138
72822,0.9838869383647102
72823,0.9839030433738409
72824,0.983919132286011
72825,0.9839352051173094
72826,0.9839512618838088
72827,0.9839673026015661
72828,0.983983327286622
72829,0.9839993359550011
72830,0.9830158283728372
72831,0.9830328040566224
72832,0.9830497627732075
72833,0.9830667045395511
72834,0.9830836293725951
72835,0.9831005372892642
72836,0.9831174283064663
72837,0.9831343024410926
72838,0.983151159710017
72839,0.983168000130097
72840,0.9831848237181728
72841,0.9832016304910682
72842,0.9832184204655899
72843,0.9832351936585279
72844,0.9832519500866552
72845,0.9832686897667285
72846,0.9832854127154874
72847,0.9833021189496548
72848,0.983318808485937
72849,0.9833354813410236
72850,0.9833521375315872
72851,0.9833687770742843
72852,0.9823858997358792
72853,0.9824035050334945
72854,0.9824210927346104
72855,0.9824386628568147
72856,0.9824562154176775
72857,0.9824737504347513
72858,0.9824912679255711
72859,0.9825087679076544
72860,0.9825262503985013
72861,0.9825437154155943
72862,0.9825611629763983
72863,0.9825785930983609
72864,0.9825960057989123
72865,0.982613401095465
72866,0.9826307790054146
72867,0.9826481395461388
72868,0.9826654827349983
72869,0.9826828085893361
72870,0.9827001171264782
72871,0.9827174083637331
72872,0.982734682318392
72873,0.982751939007729
72874,0.9827691784490006
72875,0.9827864006594463
72876,0.9828036056562884
72877,0.9828207934567319
72878,0.9818384638280895
72879,0.9818566162880314
72880,0.9818747506045852
72881,0.9818928667958849
72882,0.981910964880047
72883,0.9819290448751694
72884,0.9819471067993322
72885,0.9819651506705972
72886,0.9819831765070084
72887,0.9820011843265916
72888,0.9820191741473546
72889,0.9820371459872873
72890,0.9820550998643615
72891,0.982073035796531
72892,0.982090953801732
72893,0.9821088538978822
72894,0.9821267361028818
72895,0.982144600434613
72896,0.9821624469109402
72897,0.9821802755497099
72898,0.9821980863687506
72899,0.9822158793858733
72900,0.9822336546188709
72901,0.9822514120855187
72902,0.9822691518035741
72903,0.982286873790777
72904,0.9823045780648492
72905,0.982322264643495
72906,0.9823399335444011
72907,0.9823575847852363
72908,0.9823752183836518
72909,0.9823928343572813
72910,0.9824104327237408
72911,0.9824280135006287
72912,0.9824455767055256
72913,0.9824631223559948
72914,0.982480650469582
72915,0.9824981610638153
72916,0.9825156541562052
72917,0.982533129764245
72918,0.9825505879054102
72919,0.9825680285971589
72920,0.9825854518569318
72921,0.9826028577021523
72922,0.9826202461502261
72923,0.9826376172185417
72924,0.9826549709244702
72925,0.9826723072853653
72926,0.9826896263185633
72927,0.9827069280413833
72928,0.982724212471127
72929,0.9827414796250789
72930,0.982758729520506
72931,0.9817764619247834
72932,0.9817946763556432
72933,0.9818128725811748
72934,0.9818310506195744
72935,0.9818492104890202
72936,0.9818673522076719
72937,0.9818854757936711
72938,0.9819035812651418
72939,0.9819216686401891
72940,0.9819397379369006
72941,0.9819577891733454
72942,0.981975822367575
72943,0.9819938375376224
72944,0.9820118347015028
72945,0.9820298138772134
72946,0.9820477750827334
72947,0.9820657183360241
72948,0.9820836436550285
72949,0.9821015510576722
72950,0.9821194405618624
72951,0.9821373121854887
72952,0.9821551659464227
72953,0.9821730018625182
72954,0.9821908199516112
72955,0.9822086202315196
72956,0.9822264027200438
72957,0.9822441674349663
72958,0.9822619143940519
72959,0.9822796436150473
72960,0.982297355115682
72961,0.9823150489136673
72962,0.9823327250266971
72963,0.9823503834724475
72964,0.9823680242685771
72965,0.9823856474327264
72966,0.9824032529825187
72967,0.9824208409355597
72968,0.9824384113094372
72969,0.9824559641217216
72970,0.9824734993899658
72971,0.982491017131705
72972,0.9825085173644569
72973,0.9825260001057218
72974,0.9825434653729824
72975,0.9825609131837041
72976,0.9825783435553346
72977,0.9825957565053043
72978,0.9826131520510262
72979,0.9826305302098957
72980,0.9826478909992911
72981,0.9826652344365732
72982,0.9826825605390853
72983,0.9826998693241537
72984,0.982717160809087
72985,0.9827344350111769
72986,0.9827516919476974
72987,0.9827689316359056
72988,0.9827861540930412
72989,0.9828033593363265
72990,0.9828205473829668
72991,0.9828377182501502
72992,0.9828548719550476
72993,0.9828720085148127
72994,0.982889127946582
72995,0.982906230267475
72996,0.982923315494594
72997,0.9829403836450242
72998,0.9829574347358337
72999,0.9829744687840738
73000,0.9829914858067784
73001,0.9830084858209646
73002,0.9830254688436323
73003,0.9830424348917646
73004,0.9830593839823275
73005,0.9830763161322702
73006,0.9830932313585248
73007,0.9831101296780065
73008,0.9831270111076137
73009,0.9831438756642278
73010,0.9831607233647133
73011,0.9831775542259179
73012,0.9831943682646727
73013,0.9832111654977914
73014,0.9832279459420715
73015,0.9832447096142933
73016,0.9832614565312205
73017,0.9832781867096001
73018,0.9832949001661622
73019,0.9833115969176203
73020,0.9833282769806712
73021,0.9833449403719948
73022,0.9833615871082547
73023,0.9833782172060975
73024,0.9833948306821534
73025,0.9834114275530358
73026,0.9834280078353416
73027,0.9834445715456511
73028,0.983461118700528
73029,0.9834776493165195
73030,0.9834941634101562
73031,0.9835106609979521
73032,0.983527142096405
73033,0.9835436067219958
73034,0.9835600548911893
73035,0.9835764866204334
73036,0.9835929019261601
73037,0.9836093008247846
73038,0.9836256833327058
73039,0.9836420494663063
73040,0.9836583992419522
73041,0.9836747326759933
73042,0.9836910497847628
73043,0.9837073505845781
73044,0.98372363509174
73045,0.9837399033225328
73046,0.9837561552932249
73047,0.9837723910200683
73048,0.9827891102694236
73049,0.9828063125580099
73050,0.9828234976529044
73051,0.9828406655712923
73052,0.9828578163303415
73053,0.9828749499472027
73054,0.9828920664390096
73055,0.9829091658228787
73056,0.9829262481159093
73057,0.9829433133351838
73058,0.9829603614977673
73059,0.982977392620708
73060,0.9829944067210372
73061,0.9830114038157688
73062,0.9830283839219
73063,0.9830453470564108
73064,0.9830622932362645
73065,0.9830792224784072
73066,0.9830961347997681
73067,0.9831130302172596
73068,0.9831299087477771
73069,0.9831467704081991
73070,0.9831636152153873
73071,0.9831804431861865
73072,0.9831972543374247
73073,0.983214048685913
73074,0.9832308262484458
73075,0.9832475870418007
73076,0.9832643310827385
73077,0.9832810583880031
73078,0.9832977689743219
73079,0.9833144628584055
73080,0.9833311400569479
73081,0.9833478005866261
73082,0.9833644444641008
73083,0.9833810717060157
73084,0.9833976823289983
73085,0.983414276349659
73086,0.9834308537845918
73087,0.9834474146503743
73088,0.9834639589635673
73089,0.9834804867407152
73090,0.9834969979983457
73091,0.9835134927529701
73092,0.9835299710210831
73093,0.983546432819163
73094,0.9825633779137966
73095,0.9825808058219286
73096,0.9825982163108622
73097,0.9826156093980077
73098,0.9826329851007584
73099,0.9826503434364897
73100,0.9826676844225601
73101,0.9826850080763107
73102,0.982702314415065
73103,0.9827196034561293
73104,0.9827368752167929
73105,0.9827541297143273
73106,0.9827713669659871
73107,0.9827885869890096
73108,0.9828057898006148
73109,0.9828229754180056
73110,0.9828401438583674
73111,0.9828572951388688
73112,0.982874429276661
73113,0.9828915462888782
73114,0.9819091459427624
73115,0.981927227755913
73116,0.981945291496287
73117,0.9819633371819478
73118,0.9819813648309413
73119,0.9819993744612953
73120,0.9820173660910191
73121,0.9820353397381045
73122,0.9820532954205252
73123,0.9820712331562368
73124,0.9820891529631771
73125,0.9821070548592659
73126,0.98112543861253
73127,0.9811443037413531
73128,0.9811631500144752
73129,0.9811819774507425
73130,0.9812007860689826
73131,0.9812195758880041
73132,0.9812383469265968
73133,0.9812570992035318
73134,0.9812758327375612
73135,0.9812945475474187
73136,0.9813132436518192
73137,0.9813319210694585
73138,0.9803510795691392
73139,0.9803707186700197
73140,0.9803903381416139
73141,0.9804099380035414
73142,0.9804295182754019
73143,0.9804490789767758
73144,0.9804686201272238
73145,0.9804881417462871
73146,0.9805076438534872
73147,0.9805271264683263
73148,0.980546589610287
73149,0.9805660332988324
73150,0.9805854575534063
73151,0.9806048623934329
73152,0.980624247838317
73153,0.9806436139074441
73154,0.9806629606201803
73155,0.9806822879958723
73156,0.9807015960538474
73157,0.9807208848134138
73158,0.9807401542938602
73159,0.980759404514456
73160,0.9807786354944515
73161,0.9807978472530777
73162,0.9808170398095464
73163,0.98083621318305
73164,0.9808553673927621
73165,0.9808745024578368
73166,0.9808936183974092
73167,0.9809127152305952
73168,0.9809317929764917
73169,0.9809508516541764
73170,0.980969891282708
73171,0.980988911881126
73172,0.9810079134684513
73173,0.9810268960636852
73174,0.9810458596858105
73175,0.9810648043537907
73176,0.9810837300865706
73177,0.9811026369030758
73178,0.9811215248222132
73179,0.9811403938628707
73180,0.9811592440439173
73181,0.9811780753842032
73182,0.9811968879025599
73183,0.9812156816177997
73184,0.9812344565487164
73185,0.981253212714085
73186,0.9812719501326617
73187,0.9812906688231837
73188,0.9813093688043699
73189,0.9813280500949203
73190,0.981346712713516
73191,0.9813653566788199
73192,0.9813839820094757
73193,0.9814025887241089
73194,0.9814211768413262
73195,0.9814397463797158
73196,0.981458297357847
73197,0.9814768297942709
73198,0.98149534370752
73199,0.9815138391161082
73200,0.9815323160385309
73201,0.981550774493265
73202,0.981569214498769
73203,0.9815876360734829
73204,0.9816060392358282
73205,0.9816244240042082
73206,0.9816427903970076
73207,0.9816611384325928
73208,0.9816794681293118
73209,0.9816977795054944
73210,0.9817160725794519
73211,0.9817343473694775
73212,0.9817526038938459
73213,0.9817708421708136
73214,0.9817890622186188
73215,0.9818072640554818
73216,0.9818254476996042
73217,0.9818436131691698
73218,0.9818617604823441
73219,0.9818798896572742
73220,0.9818980007120895
73221,0.9819160936649011
73222,0.9819341685338017
73223,0.9819522253368663
73224,0.9819702640921518
73225,0.9819882848176968
73226,0.9820062875315222
73227,0.9820242722516306
73228,0.9820422389960067
73229,0.9820601877826174
73230,0.9820781186294114
73231,0.9820960315543196
73232,0.9821139265752548
73233,0.9821318037101121
73234,0.9821496629767686
73235,0.9821675043930838
73236,0.9821853279768987
73237,0.9822031337460373
73238,0.9822209217183051
73239,0.9822386919114902
73240,0.9822564443433627
73241,0.9822741790316751
73242,0.9822918959941622
73243,0.9823095952485409
73244,0.9823272768125104
73245,0.9823449407037523
73246,0.9823625869399305
73247,0.9823802155386911
73248,0.9823978265176629
73249,0.9824154198944569
73250,0.9824329956866663
73251,0.9824505539118671
73252,0.9824680945876173
73253,0.9824856177314578
73254,0.9825031233609116
73255,0.9825206114934845
73256,0.9825380821466644
73257,0.9825555353379221
73258,0.9825729710847108
73259,0.9825903894044662
73260,0.9826077903146067
73261,0.9826251738325331
73262,0.982642539975629
73263,0.9826598887612605
73264,0.9816777199569015
73265,0.9806965328305077
73266,0.9807158266507671
73267,0.9797356009369732
73268,0.9797558552089003
73269,0.9797760892366775
73270,0.9797963030405389
73271,0.9798164966406983
73272,0.9798366700573492
73273,0.9798568233106651
73274,0.9798769564207994
73275,0.9798970694078851
73276,0.9799171622920352
73277,0.9799372350933425
73278,0.9799572878318799
73279,0.9799773205277
73280,0.9799973332008358
73281,0.9800173258712997
73282,0.9800372985590845
73283,0.9800572512841629
73284,0.9790776838166125
73285,0.9790985956768657
73286,0.9791194866357095
73287,0.9791403567140345
73288,0.9791612059327112
73289,0.9791820343125885
73290,0.979202841874495
73291,0.9792236286392382
73292,0.9782448943777297
73293,0.9782666386112352
73294,0.9782883611113738
73295,0.9783100618998682
73296,0.9783317409984191
73297,0.9783533984287056
73298,0.978375034212385
73299,0.9783966483710933
73300,0.9784182409264446
73301,0.9784398119000314
73302,0.9784613613134246
73303,0.9784828891881738
73304,0.9785043955458068
73305,0.97852588040783
73306,0.9785473437957282
73307,0.9785687857309648
73308,0.9785902062349818
73309,0.9786116053291998
73310,0.9776334827851426
73311,0.9776558381246877
73312,0.9776781711200653
73313,0.9777004817936085
73314,0.9777227701676279
73315,0.9777450362644119
73316,0.9777672801062266
73317,0.9777895017153159
73318,0.9778117011139013
73319,0.9778338783241822
73320,0.9778560333683359
73321,0.9778781662685175
73322,0.9779002770468599
73323,0.9779223657254738
73324,0.9779444323264478
73325,0.9779664768718487
73326,0.9779884993837209
73327,0.978010499884087
73328,0.9780324783949474
73329,0.9780544349382808
73330,0.9780763695360436
73331,0.9780982822101705
73332,0.9781201729825741
73333,0.9781420418751453
73334,0.9781638889097528
73335,0.9781857141082438
73336,0.9782075174924435
73337,0.9782292990841552
73338,0.9782510589051606
73339,0.9782727969772195
73340,0.9782945133220698
73341,0.9783162079614282
73342,0.9783378809169889
73343,0.9783595322104253
73344,0.9783811618633883
73345,0.9784027698975079
73346,0.978424356334392
73347,0.9784459211956269
73348,0.9784674645027777
73349,0.9774894860275125
73350,0.9775119852918528
73351,0.9775344620681727
73352,0.9775569163789491
73353,0.9775793482466364
73354,0.9776017576936662
73355,0.9776241447424482
73356,0.9776465094153692
73357,0.9776688517347941
73358,0.9776911717230652
73359,0.9777134694025024
73360,0.9777357447954034
73361,0.9777579979240436
73362,0.9777802288106763
73363,0.9778024374775321
73364,0.97782462394682
73365,0.9778467882407262
73366,0.9778689303814152
73367,0.977891050391029
73368,0.9779131482916876
73369,0.977935224105489
73370,0.977957277854509
73371,0.9779793095608014
73372,0.9780013192463978
73373,0.978023306933308
73374,0.9780452726435196
73375,0.9780672163989983
73376,0.978089138221688
73377,0.9781110381335104
73378,0.9781329161563654
73379,0.9781547723121312
73380,0.9781766066226638
73381,0.9781984191097975
73382,0.978220209795345
73383,0.9782419787010967
73384,0.9782637258488218
73385,0.9782854512602672
73386,0.9783071549571585
73387,0.9783288369611993
73388,0.9783504972940716
73389,0.9773726357275608
73390,0.9773952517838052
73391,0.9774178452352956
73392,0.9774404161046256
73393,0.9774629644143661
73394,0.9774854901870653
73395,0.9775079934452492
73396,0.9765309739615458
73397,0.9765544312589355
73398,0.9765778651107506
73399,0.9766012755404251
73400,0.9766246625713692
73401,0.97664802622697
73402,0.9766713665305912
73403,0.9766946835055731
73404,0.9767179771752327
73405,0.9767412475628636
73406,0.9767644946917363
73407,0.9767877185850979
73408,0.9768109192661724
73409,0.9768340967581602
73410,0.976857251084239
73411,0.9768803822675631
73412,0.9769034903312637
73413,0.9769265752984488
73414,0.9769496371922035
73415,0.9769726760355896
73416,0.9769956918516459
73417,0.9770186846633884
73418,0.9770416544938098
73419,0.9770646013658799
73420,0.9770875253025457
73421,0.9771104263267311
73422,0.9771333044613371
73423,0.9771561597292417
73424,0.9771789921533005
73425,0.9772018017563456
73426,0.9772245885611869
73427,0.977247352590611
73428,0.9772700938673821
73429,0.9772928124142413
73430,0.9773155082539072
73431,0.9773381814090757
73432,0.97736083190242
73433,0.9773834597565905
73434,0.9774060649942151
73435,0.977428647637899
73436,0.977451207710225
73437,0.977473745233753
73438,0.9774962602310205
73439,0.9775187527245428
73440,0.9775412227368121
73441,0.9775636702902986
73442,0.9775860954074497
73443,0.9776084981106906
73444,0.977630878422424
73445,0.9776532363650303
73446,0.9776755719608674
73447,0.9776978852322709
73448,0.9777201762015539
73449,0.9777424448910077
73450,0.9777646913229008
73451,0.9777869155194796
73452,0.9778091175029684
73453,0.9778312972955692
73454,0.9778534549194616
73455,0.9778755903968035
73456,0.9778977037497302
73457,0.9779197950003551
73458,0.9779418641707696
73459,0.9779639112830426
73460,0.9779859363592215
73461,0.9780079394213312
73462,0.9780299204913749
73463,0.9780518795913336
73464,0.9780738167431663
73465,0.9780957319688103
73466,0.9781176252901808
73467,0.9771399964792961
73468,0.9771628450585271
73469,0.9771856708005976
73470,0.9772084737283331
73471,0.9772312538645367
73472,0.9772540112319884
73473,0.9772767458534457
73474,0.9772994577516432
73475,0.9773221469492928
73476,0.9773448134690835
73477,0.9773674573336821
73478,0.9773900785657325
73479,0.9774126771878556
73480,0.9774352532226503
73481,0.9774578066926927
73482,0.9774803376205361
73483,0.9775028460287115
73484,0.9775253319397273
73485,0.9775477953760694
73486,0.9775702363602012
73487,0.9775926549145638
73488,0.9776150510615758
73489,0.9776374248236331
73490,0.9776597762231097
73491,0.977682105282357
73492,0.977704412023704
73493,0.9777266964694574
73494,0.9777489586419017
73495,0.9777711985632991
73496,0.9777934162558894
73497,0.9778156117418906
73498,0.9778377850434978
73499,0.9778599361828847
73500,0.9778820651822021
73501,0.9779041720635793
73502,0.9779262568491229
73503,0.9779483195609179
73504,0.9769708599711519
73505,0.9769938776023651
73506,0.9770168722274502
73507,0.9770398438694017
73508,0.9770627925511914
73509,0.977085718295768
73510,0.977108621126057
73511,0.9771315010649615
73512,0.9771543581353613
73513,0.9771771923601136
73514,0.9772000037620525
73515,0.9772227923639895
73516,0.9772455581887131
73517,0.9772683012589892
73518,0.977291021597561
73519,0.9773137192271486
73520,0.9773363941704498
73521,0.9773590464501395
73522,0.9773816760888699
73523,0.9774042831092709
73524,0.9774268675339493
73525,0.9774494293854895
73526,0.9774719686864536
73527,0.9774944854593807
73528,0.9775169797267876
73529,0.9775394515111686
73530,0.9775619008349955
73531,0.9775843277207177
73532,0.977606732190762
73533,0.9776291142675329
73534,0.9776514739734123
73535,0.9776738113307603
73536,0.9776961263619139
73537,0.9777184190891884
73538,0.9777406895348764
73539,0.9777629377212483
73540,0.9777851636705525
73541,0.9778073674050147
73542,0.9778295489468388
73543,0.9778517083182063
73544,0.9778738455412765
73545,0.9778959606381868
73546,0.9779180536310522
73547,0.9779401245419657
73548,0.9779621733929982
73549,0.9779842002061986
73550,0.9780062050035937
73551,0.9780281878071883
73552,0.9780501486389652
73553,0.9780720875208853
73554,0.9780940044748874
73555,0.9781158995228885
73556,0.9781377726867836
73557,0.978159623988446
73558,0.978181453449727
73559,0.9772037608425808
73560,0.9772265456893148
73561,0.9772493077625888
73562,0.9772720470851649
73563,0.9772947636797824
73564,0.9773174575691579
73565,0.9773401287759853
73566,0.9773627773229359
73567,0.9773854032326581
73568,0.9774080065277779
73569,0.9774305872308986
73570,0.9774531453646008
73571,0.9774756809514428
73572,0.9774981940139601
73573,0.9775206845746658
73574,0.9775431526560504
73575,0.9775655982805821
73576,0.9775880214707064
73577,0.9776104222488466
73578,0.9766333003875285
73579,0.9766566554096299
73580,0.9766799870883809
73581,0.9767032954471131
73582,0.976726580509135
73583,0.9767498422977315
73584,0.9767730808361645
73585,0.9767962961476726
73586,0.976819488255471
73587,0.976842657182752
73588,0.9768658029526842
73589,0.9768889255884137
73590,0.976912025113063
73591,0.9769351015497316
73592,0.976958154921496
73593,0.9769811852514095
73594,0.9770041925625026
73595,0.9770271768777824
73596,0.9770501382202333
73597,0.9770730766128168
73598,0.9770959920784712
73599,0.9771188846401119
73600,0.9771417543206316
73601,0.9771646011428998
73602,0.9771874251297635
73603,0.9772102263040466
73604,0.9772330046885503
73605,0.977255760306053
73606,0.9772784931793103
73607,0.9773012033310551
73608,0.9773238907839975
73609,0.9773465555608251
73610,0.9773691976842025
73611,0.977391817176772
73612,0.977414414061153
73613,0.9774369883599425
73614,0.9774595400957147
73615,0.9774820692910213
73616,0.9775045759683916
73617,0.9775270601503322
73618,0.9775495218593274
73619,0.9775719611178388
73620,0.9775943779483057
73621,0.977616772373145
73622,0.9776391444147511
73623,0.977661494095496
73624,0.9776838214377294
73625,0.9777061264637786
73626,0.9777284091959487
73627,0.9777506696565225
73628,0.9777729078677603
73629,0.9777951238519005
73630,0.977817317631159
73631,0.9778394892277296
73632,0.9778616386637838
73633,0.9778837659614712
73634,0.977905871142919
73635,0.9779279542302325
73636,0.9779500152454946
73637,0.9779720542107665
73638,0.9779940711480871
73639,0.9780160660794733
73640,0.9780380390269201
73641,0.9780599900124004
73642,0.9780819190578652
73643,0.9781038261852437
73644,0.9781257114164429
73645,0.978147574773348
73646,0.9781694162778224
73647,0.9781912359517076
73648,0.9782130338168233
73649,0.9782348098949675
73650,0.9782565642079161
73651,0.9782782967774234
73652,0.9783000076252221
73653,0.9783216967730229
73654,0.9783433642425152
73655,0.9783650100553662
73656,0.9783866342332219
73657,0.9784082367977065
73658,0.9784298177704225
73659,0.9784513771729508
73660,0.978472915026851
73661,0.9784944313536607
73662,0.9785159261748964
73663,0.9785373995120529
73664,0.9785588513866036
73665,0.9785802818200003
73666,0.9786016908336735
73667,0.9786230784490322
73668,0.9786444446874639
73669,0.978665789570335
73670,0.9786871131189904
73671,0.9787084153547535
73672,0.9787296962989267
73673,0.9787509559727908
73674,0.9787721943976057
73675,0.9787934115946095
73676,0.9788146075850197
73677,0.9788357823900322
73678,0.9788569360308218
73679,0.9788780685285421
73680,0.9788991799043256
73681,0.9789202701792838
73682,0.978941339374507
73683,0.9789623875110642
73684,0.9789834146100037
73685,0.9790044206923525
73686,0.9790254057791168
73687,0.9790463698912816
73688,0.979067313049811
73689,0.9780887350257732
73690,0.9781106353405901
73691,0.9781325137660367
73692,0.9781543703239917
73693,0.9771767047864365
73694,0.9771995166757054
73695,0.9772223057644853
73696,0.9772450720755653
73697,0.9772678156317117
73698,0.977290536455668
73699,0.9773132345701551
73700,0.977335909997871
73701,0.9773585627614914
73702,0.9773811928836688
73703,0.9774038003870335
73704,0.9774263852941928
73705,0.9774489476277318
73706,0.9774714874102128
73707,0.9764945044143006
73708,0.976517998163012
73709,0.9765414684297157
73710,0.9765649152378819
73711,0.9765883386109575
73712,0.9766117385723658
73713,0.9766351151455069
73714,0.9766584683537574
73715,0.9766817982204703
73716,0.9767051047689755
73717,0.9767283880225798
73718,0.9767516480045662
73719,0.9767748847381947
73720,0.9767980982467023
73721,0.9768212885533023
73722,0.976844455681185
73723,0.9768675996535177
73724,0.9768907204934442
73725,0.9769138182240854
73726,0.9769368928685391
73727,0.9769599444498799
73728,0.9769829729911593
73729,0.977005978515406
73730,0.9760294607957505
73731,0.9760534193556748
73732,0.9760773539690124
73733,0.976101264659698
73734,0.9761251514516424
73735,0.9761490143687321
73736,0.9751733531849553
73737,0.9751981674246506
73738,0.975222956862507
73739,0.9752477215233142
73740,0.9752724614318367
73741,0.9752971766128143
73742,0.9753218670909625
73743,0.9753465328909715
73744,0.9753711740375073
73745,0.975395790555211
73746,0.975420382468699
73747,0.9754449498025634
73748,0.9754694925813714
73749,0.9754940108296659
73750,0.9755185045719651
73751,0.9755429738327628
73752,0.9755674186365282
73753,0.9755918390077061
73754,0.9756162349707168
73755,0.9756406065499564
73756,0.9756649537697966
73757,0.9756892766545844
73758,0.9757135752286428
73759,0.9757378495162703
73760,0.9757620995417413
73761,0.9757863253293058
73762,0.9758105269031895
73763,0.9758347042875941
73764,0.975858857506697
73765,0.9758829865846513
73766,0.9759070915455862
73767,0.9759311724136066
73768,0.9759552292127934
73769,0.9759792619672034
73770,0.9760032707008693
73771,0.9760272554378
73772,0.9760512162019801
73773,0.9760751530173705
73774,0.9760990659079078
73775,0.9761229548975051
73776,0.9761468200100514
73777,0.9761706612694117
73778,0.9761944786994272
73779,0.9762182723239156
73780,0.9762420421666703
73781,0.9762657882514613
73782,0.9762895106020345
73783,0.9763132092421124
73784,0.9763368841953937
73785,0.9763605354855532
73786,0.9763841631362423
73787,0.9754082669212136
73788,0.9754328463645707
73789,0.9754574012407681
73790,0.9754819315743605
73791,0.9755064373898783
73792,0.9755309187118274
73793,0.9755553755646892
73794,0.9755798079729204
73795,0.9756042159609535
73796,0.9756285995531964
73797,0.9756529587740328
73798,0.9756772936478219
73799,0.9757016041988985
73800,0.9757258904515733
73801,0.9757501524301324
73802,0.9757743901588379
73803,0.9757986036619275
73804,0.9758227929636147
73805,0.9758469580880889
73806,0.9758710990595151
73807,0.9758952159020343
73808,0.9759193086397634
73809,0.9759433772967951
73810,0.9759674218971981
73811,0.975991442465017
73812,0.9760154390242723
73813,0.9760394115989607
73814,0.9760633602130546
73815,0.9760872848905029
73816,0.975111685405355
73817,0.9751365612820113
73818,0.9751614122952227
73819,0.9751862384698402
73820,0.9752110398306899
73821,0.9752358164025733
73822,0.9752605682102669
73823,0.9752852952785225
73824,0.9753099976320672
73825,0.9753346752956034
73826,0.9753593282938087
73827,0.9753839566513361
73828,0.9754085603928141
73829,0.9754331395428463
73830,0.9754576941260118
73831,0.9754822241668654
73832,0.975506729689937
73833,0.9755312107197321
73834,0.975555667280732
73835,0.9755800993973929
73836,0.9756045070941471
73837,0.9756288903954023
73838,0.9756532493255419
73839,0.9756775839089247
73840,0.9757018941698853
73841,0.9747266798828589
73842,0.9747519405726311
73843,0.9747771760143377
73844,0.9748023862332139
73845,0.9748275712544701
73846,0.9748527311032912
73847,0.9748778658048372
73848,0.9749029753842426
73849,0.9749280598666172
73850,0.9749531192770454
73851,0.9749781536405866
73852,0.9750031629822752
73853,0.9750281473271205
73854,0.9750531067001069
73855,0.9750780411261938
73856,0.9751029506303155
73857,0.9751278352373817
73858,0.9751526949722769
73859,0.9751775298598608
73860,0.9752023399249684
73861,0.9752271251924097
73862,0.9752518856869701
73863,0.9752766214334099
73864,0.9753013324564649
73865,0.9753260187808462
73866,0.9753506804312402
73867,0.9753753174323084
73868,0.975399929808688
73869,0.9754245175849912
73870,0.9754490807858057
73871,0.975473619435695
73872,0.9754981335591976
73873,0.9755226231808276
73874,0.9755470883250746
73875,0.9755715290164039
73876,0.974596445029381
73877,0.9746218358889219
73878,0.9746472013702924
73879,0.9746725414988578
73880,0.9746978562999584
73881,0.974723145798909
73882,0.974748410020999
73883,0.9747736489914928
73884,0.9747988627356292
73885,0.974824051278622
73886,0.9748492146456599
73887,0.974874352861906
73888,0.9748994659524989
73889,0.9749245539425514
73890,0.9749496168571515
73891,0.9749746547213622
73892,0.9749996675602215
73893,0.9750246553987421
73894,0.9750496182619117
73895,0.9750745561746934
73896,0.9750994691620251
73897,0.9751243572488196
73898,0.9751492204599652
73899,0.975174058820325
73900,0.9751988723547375
73901,0.9752236610880161
73902,0.9752484250449496
73903,0.975273164250302
73904,0.9752978787288125
73905,0.9753225685051955
73906,0.9753472336041409
73907,0.9753718740503137
73908,0.9753964898683544
73909,0.9754210810828787
73910,0.9754456477184781
73911,0.975470189799719
73912,0.9754947073511435
73913,0.9755192003972694
73914,0.9755436689625895
73915,0.9755681130715724
73916,0.9755925327486623
73917,0.9756169280182788
73918,0.9756412989048173
73919,0.9756656454326486
73920,0.9756899676261191
73921,0.9757142655095513
73922,0.975738539107243
73923,0.9757627884434676
73924,0.9757870135424747
73925,0.9758112144284892
73926,0.975835391125712
73927,0.9758595436583201
73928,0.9758836720504657
73929,0.9759077763262773
73930,0.9759318565098593
73931,0.9759559126252917
73932,0.9759799446966307
73933,0.9760039527479085
73934,0.976027936803133
73935,0.9760518968862884
73936,0.9760758330213345
73937,0.9760997452322078
73938,0.9761236335428203
73939,0.9761474979770604
73940,0.9761713385587925
73941,0.9761951553118571
73942,0.9752194480101961
73943,0.975244216178102
73944,0.9752689595902179
73945,0.9752936782712871
73946,0.9753183722460285
73947,0.9753430415391359
73948,0.9753676861752787
73949,0.9753923061791016
73950,0.9754169015752244
73951,0.9754414723882427
73952,0.9754660186427273
73953,0.9754905403632244
73954,0.9755150375742556
73955,0.9755395103003184
73956,0.9755639585658853
73957,0.9755883823954047
73958,0.9756127818133004
73959,0.9756371568439717
73960,0.9756615075117938
73961,0.9756858338411174
73962,0.9757101358562688
73963,0.9757344135815499
73964,0.9757586670412385
73965,0.975782896259588
73966,0.9758071012608278
73967,0.9758312820691628
73968,0.9758554387087739
73969,0.9758795712038176
73970,0.9759036795784265
73971,0.9759277638567089
73972,0.9759518240627492
73973,0.9759758602206074
73974,0.97599987235432
73975,0.9760238604878988
73976,0.9760478246453321
73977,0.9760717648505842
73978,0.9760956811275951
73979,0.9761195735002812
73980,0.9761434419925348
73981,0.9761672866282244
73982,0.9761911074311946
73983,0.9762149044252664
73984,0.9762386776342367
73985,0.9762624270818786
73986,0.9762861527919416
73987,0.9763098547881516
73988,0.9763335330942104
73989,0.9763571877337964
73990,0.9763808187305643
73991,0.9764044261081449
73992,0.9764280098901458
73993,0.9764515701001506
73994,0.9764751067617197
73995,0.9764986198983896
73996,0.9765221095336736
73997,0.9765455756910613
73998,0.9765690183940188
73999,0.9765924376659888
74000,0.9756163332805156
74001,0.9756407047614946
74002,0.9756650518831722
74003,0.9756893746698957
74004,0.9757136731459878
74005,0.9757379473357469
74006,0.9757621972634474
74007,0.975786422953339
74008,0.9758106244296475
74009,0.9758348017165744
74010,0.975858954838297
74011,0.9758830838189684
74012,0.9759071886827175
74013,0.9759312694536494
74014,0.9759553261558447
74015,0.9759793588133601
74016,0.9760033674502283
74017,0.976027352090458
74018,0.9760513127580337
74019,0.9760752494769163
74020,0.9760991622710423
74021,0.9761230511643246
74022,0.9761469161806522
74023,0.9761707573438899
74024,0.9761945746778791
74025,0.9762183682064369
74026,0.976242137953357
74027,0.9762658839424091
74028,0.9762896061973392
74029,0.9763133047418696
74030,0.9763369795996988
74031,0.9763606307945016
74032,0.9763842583499294
74033,0.9764078622896096
74034,0.9764314426371462
74035,0.9764549994161196
74036,0.9764785326500864
74037,0.9765020423625801
74038,0.9765255285771103
74039,0.9765489913171631
74040,0.9765724306062015
74041,0.9765958464676645
74042,0.9766192389249682
74043,0.9766426080015049
74044,0.9766659537206439
74045,0.9766892761057308
74046,0.9767125751800878
74047,0.9767358509670142
74048,0.9767591034897858
74049,0.976782332771655
74050,0.9768055388358513
74051,0.9768287217055805
74052,0.9768518814040258
74053,0.9768750179543466
74054,0.9768981313796796
74055,0.9769212217031382
74056,0.9769442889478127
74057,0.9769673331367704
74058,0.9769903542930555
74059,0.9770133524396891
74060,0.9770363275996694
74061,0.9770592797959716
74062,0.9770822090515479
74063,0.9771051153893274
74064,0.9771279988322167
74065,0.977150859403099
74066,0.977173697124835
74067,0.9771965120202625
74068,0.9772193041121963
74069,0.9772420734234285
74070,0.9772648199767284
74071,0.9772875437948426
74072,0.9773102449004949
74073,0.9773329233163864
74074,0.9773555790651957
74075,0.9773782121695783
74076,0.9774008226521674
74077,0.9774234105355736
74078,0.9774459758423846
74079,0.9774685185951658
74080,0.97749103881646
74081,0.9775135365287875
74082,0.9775360117546458
74083,0.9775584645165102
74084,0.9775808948368335
74085,0.9776033027380461
74086,0.9776256882425558
74087,0.9776480513727481
74088,0.9766708919011112
74089,0.9766942093504855
74090,0.9767175034940632
74091,0.9767407743551386
74092,0.9767640219569825
74093,0.9767872463228426
74094,0.9768104474759433
74095,0.9768336254394855
74096,0.9768567802366475
74097,0.9768799118905839
74098,0.9769030204244263
74099,0.9769261058612835
74100,0.9769491682242407
74101,0.9769722075363604
74102,0.9769952238206818
74103,0.9770182171002214
74104,0.9770411873979723
74105,0.9770641347369049
74106,0.9770870591399665
74107,0.9771099606300815
74108,0.9771328392301514
74109,0.9771556949630548
74110,0.9771785278516474
74111,0.9772013379187622
74112,0.9772241251872092
74113,0.9772468896797758
74114,0.9772696314192263
74115,0.9772923504283025
74116,0.9773150467297235
74117,0.9773377203461855
74118,0.9773603713003622
74119,0.9773829996149046
74120,0.9774056053124409
74121,0.9774281884155769
74122,0.9774507489468957
74123,0.9774732869289577
74124,0.9774958023843011
74125,0.9775182953354412
74126,0.977540765804871
74127,0.9775632138150611
74128,0.9775856393884593
74129,0.9776080425474913
74130,0.9776304233145603
74131,0.977652781712047
74132,0.9776751177623098
74133,0.9776974314876847
74134,0.9777197229104857
74135,0.9777419920530039
74136,0.9777642389375086
74137,0.9777864635862468
74138,0.9778086660214429
74139,0.9778308462652995
74140,0.9778530043399968
74141,0.977875140267693
74142,0.9778972540705239
74143,0.9779193457706032
74144,0.9779414153900229
74145,0.9779634629508525
74146,0.9779854884751394
74147,0.9780074919849094
74148,0.9780294735021658
74149,0.9780514330488903
74150,0.9780733706470424
74151,0.9780952863185596
74152,0.9781171800853576
74153,0.9781390519693303
74154,0.9781609019923494
74155,0.9781827301762651
74156,0.9782045365429055
74157,0.978226321114077
74158,0.9782480839115643
74159,0.9782698249571299
74160,0.9782915442725151
74161,0.9783132418794391
74162,0.9783349177995996
74163,0.9783565720546724
74164,0.9783782046663119
74165,0.9783998156561506
74166,0.9784214050457997
74167,0.9784429728568483
74168,0.9784645191108645
74169,0.9784860438293944
74170,0.9785075470339627
74171,0.9785290287460727
74172,0.9785504889872061
74173,0.9785719277788231
74174,0.9785933451423625
74175,0.9786147410992417
74176,0.9786361156708567
74177,0.978657468878582
74178,0.9786788007437708
74179,0.978700111287755
74180,0.9787214005318452
74181,0.9787426684973306
74182,0.9787639152054792
74183,0.9787851406775377
74184,0.9788063449347316
74185,0.9788275279982651
74186,0.9788486898893213
74187,0.9788698306290621
74188,0.9788909502386283
74189,0.9789120487391394
74190,0.978933126151694
74191,0.9789541824973695
74192,0.9789752177972223
74193,0.9789962320722876
74194,0.9790172253435796
74195,0.9790381976320918
74196,0.9790591489587963
74197,0.9790800793446446
74198,0.979100988810567
74199,0.9791218773774729
74200,0.9791427450662511
74201,0.9791635918977691
74202,0.9791844178928738
74203,0.9792052230723912
74204,0.9792260074571265
74205,0.9792467710678641
74206,0.9792675139253675
74207,0.9792882360503796
74208,0.9793089374636226
74209,0.9793296181857979
74210,0.9793502782375862
74211,0.9793709176396477
74212,0.9793915364126216
74213,0.9794121345771267
74214,0.9794327121537613
74215,0.9784537689132278
74216,0.9784753043765829
74217,0.978496818315237
74218,0.9785183107507041
74219,0.9785397817044764
74220,0.9785612311980252
74221,0.9785826592527997
74222,0.9786040658902282
74223,0.9786254511317172
74224,0.978646814998652
74225,0.9786681575123966
74226,0.9786894786942932
74227,0.9787107785656632
74228,0.9787320571478065
74229,0.9787533144620016
74230,0.9787745505295059
74231,0.9787957653715553
74232,0.9788169590093648
74233,0.9788381314641281
74234,0.9788592827570175
74235,0.9788804129091844
74236,0.978901521941759
74237,0.9789226098758501
74238,0.9789436767325459
74239,0.9789647225329132
74240,0.9789857472979978
74241,0.9790067510488244
74242,0.9790277338063967
74243,0.9790486955916977
74244,0.979069636425689
74245,0.9790905563293115
74246,0.9791114553234851
74247,0.9791323334291088
74248,0.9791531906670606
74249,0.979174027058198
74250,0.9791948426233572
74251,0.9792156373833538
74252,0.9792364113589827
74253,0.9782576643211426
74254,0.9782793957910865
74255,0.9783011055404207
74256,0.978322793590855
74257,0.9783444599640776
74258,0.9783661046817547
74259,0.9783877277655311
74260,0.9784093292370298
74261,0.9784309091178524
74262,0.9784524674295786
74263,0.978474004193767
74264,0.9784955194319541
74265,0.9785170131656553
74266,0.9785384854163643
74267,0.9785599362055534
74268,0.9785813655546732
74269,0.9786027734851533
74270,0.9786241600184016
74271,0.9786455251758045
74272,0.9786668689787272
74273,0.9786881914485136
74274,0.9787094926064861
74275,0.9787307724739459
74276,0.9787520310721729
74277,0.9787732684224256
74278,0.9787944845459414
74279,0.9788156794639364
74280,0.9788368531976057
74281,0.9788580057681229
74282,0.9788791371966405
74283,0.977900747254415
74284,0.9779228354630563
74285,0.9779449015945274
74286,0.9779669456708947
74287,0.9779889677142022
74288,0.9780109677464719
74289,0.9780329457897038
74290,0.978054901865876
74291,0.9780768359969445
74292,0.9780987482048437
74293,0.9781206385114855
74294,0.9781425069387604
74295,0.9781643535085367
74296,0.9781861782426611
74297,0.9782079811629583
74298,0.9782297622912312
74299,0.9782515216492609
74300,0.9782732592588068
74301,0.9782949751416066
74302,0.9783166693193761
74303,0.9783383418138095
74304,0.9783599926465794
74305,0.9783816218393364
74306,0.9784032294137099
74307,0.9784248153913074
74308,0.978446379793715
74309,0.9784679226424968
74310,0.978489443959196
74311,0.9785109437653338
74312,0.9785324220824099
74313,0.9785538789319027
74314,0.9785753143352691
74315,0.9785967283139445
74316,0.9786181208893429
74317,0.9786394920828567
74318,0.9786608419158573
74319,0.9786821704096945
74320,0.9787034775856969
74321,0.9787247634651715
74322,0.9787460280694041
74323,0.9787672714196596
74324,0.9787884935371811
74325,0.9788096944431909
74326,0.9788308741588898
74327,0.9788520327054576
74328,0.9788731701040528
74329,0.9778947861259378
74330,0.9779168802927285
74331,0.9779389523763939
74332,0.9779610023990063
74333,0.9779830303826155
74334,0.9780050363492495
74335,0.9780270203209144
74336,0.9780489823195941
74337,0.9780709223672507
74338,0.9780928404858241
74339,0.9781147366972326
74340,0.9781366110233722
74341,0.9781584634861175
74342,0.9781802941073208
74343,0.9782021029088127
74344,0.9782238899124021
74345,0.9782456551398759
74346,0.9782673986129995
74347,0.9782891203535162
74348,0.9783108203831479
74349,0.9783324987235945
74350,0.9773546551466594
74351,0.9773772891744988
74352,0.9773999005796218
74353,0.9774224893846396
74354,0.9774450556121412
74355,0.9774675992846928
74356,0.9774901204248381
74357,0.9775126190550981
74358,0.9765355949480965
74359,0.976559047626809
74360,0.9765824768645633
74361,0.9766058826847887
74362,0.9766292651108908
74363,0.9766526241662522
74364,0.976675959874232
74365,0.9766992722581658
74366,0.976722561341366
74367,0.9767458271471218
74368,0.9767690696986988
74369,0.9767922890193398
74370,0.976815485132264
74371,0.9768386580606675
74372,0.9768618078277232
74373,0.9768849344565811
74374,0.9769080379703676
74375,0.9769311183921864
74376,0.9769541757451178
74377,0.9769772100522192
74378,0.9770002213365248
74379,0.9770232096210459
74380,0.977046174928771
74381,0.9770691172826653
74382,0.9770920367056711
74383,0.977114933220708
74384,0.9771378068506723
74385,0.9771606576184377
74386,0.9771834855468551
74387,0.9772062906587523
74388,0.9772290729769345
74389,0.9772518325241839
74390,0.9772745693232602
74391,0.9772972833969001
74392,0.9773199747678177
74393,0.9773426434587045
74394,0.977365289492229
74395,0.9773879128910373
74396,0.9774105136777529
74397,0.9774330918749765
74398,0.9774556475052864
74399,0.9774781805912381
74400,0.9775006911553649
74401,0.9775231792201771
74402,0.9775456448081629
74403,0.9775680879417878
74404,0.9775905086434952
74405,0.9776129069357056
74406,0.9776352828408174
74407,0.9776576363812064
74408,0.9776799675792262
74409,0.977702276457208
74410,0.9777245630374607
74411,0.9777468273422708
74412,0.9777690693939027
74413,0.9777912892145985
74414,0.9778134868265779
74415,0.9778356622520386
74416,0.977857815513156
74417,0.9778799466320833
74418,0.9779020556309518
74419,0.9779241425318703
74420,0.977946207356926
74421,0.9779682501281833
74422,0.9779902708676854
74423,0.9780122695974528
74424,0.9780342463394843
74425,0.9780562011157568
74426,0.9780781339482247
74427,0.9781000448588212
74428,0.978121933869457
74429,0.9781438010020213
74430,0.9781656462783811
74431,0.9781874697203817
74432,0.9782092713498466
74433,0.9782310511885773
74434,0.9782528092583539
74435,0.9782745455809343
74436,0.9782962601780548
74437,0.9783179530714301
74438,0.978339624282753
74439,0.9783612738336948
74440,0.9783829017459049
74441,0.9784045080410114
74442,0.9784260927406206
74443,0.9784476558663172
74444,0.9784691974396642
74445,0.9784907174822033
74446,0.9785122160154545
74447,0.9785336930609163
74448,0.9785551486400658
74449,0.9785765827743585
74450,0.9785979954852287
74451,0.9786193867940891
74452,0.9776412564724558
74453,0.9776636040421984
74454,0.9776859292755395
74455,0.9777082321948044
74456,0.9777305128222958
74457,0.9777527711802946
74458,0.9777750072910589
74459,0.977797221176825
74460,0.9778194128598067
74461,0.9778415823621956
74462,0.9778637297061614
74463,0.9778858549138514
74464,0.9779079580073907
74465,0.9779300390088825
74466,0.9779520979404079
74467,0.9779741348240257
74468,0.9779961496817728
74469,0.9780181425356641
74470,0.9780401134076925
74471,0.9780620623198287
74472,0.9780839892940218
74473,0.9781058943521987
74474,0.9781277775162646
74475,0.9781496388081024
74476,0.9781714782495735
74477,0.9781932958625175
74478,0.9782150916687519
74479,0.9782368656900725
74480,0.9782586179482533
74481,0.9782803484650466
74482,0.978302057262183
74483,0.9783237443613713
74484,0.9783454097842984
74485,0.97836705355263
74486,0.9783886756880097
74487,0.9784102762120597
74488,0.9784318551463804
74489,0.9784534125125509
74490,0.9784749483321286
74491,0.9784964626266491
74492,0.978517955417627
74493,0.9785394267265549
74494,0.9785608765749042
74495,0.9785823049841247
74496,0.9786037119756448
74497,0.9786250975708715
74498,0.9786464617911904
74499,0.9786678046579659
74500,0.9786891261925407
74501,0.9787104264162363
74502,0.978731705350353
74503,0.9787529630161698
74504,0.9787741994349443
74505,0.9787954146279129
74506,0.9788166086162907
74507,0.978837781421272
74508,0.9788589330640294
74509,0.9788800635657146
74510,0.9789011729474579
74511,0.9789222612303691
74512,0.9789433284355361
74513,0.9789643745840263
74514,0.9789853996968858
74515,0.9790064037951398
74516,0.9790273868997923
74517,0.9790483490318265
74518,0.9790692902122045
74519,0.9790902104618674
74520,0.9791111098017355
74521,0.9791319882527083
74522,0.9791528458356641
74523,0.9791736825714605
74524,0.9791944984809343
74525,0.9792152935849014
74526,0.979236067904157
74527,0.9792568214594751
74528,0.9792775542716096
74529,0.9792982663612931
74530,0.9793189577492378
74531,0.9793396284561351
74532,0.9793602785026557
74533,0.9793809079094496
74534,0.9794015166971464
74535,0.9794221048863546
74536,0.9794426724976626
74537,0.979463219551638
74538,0.9794837460688277
74539,0.9795042520697584
74540,0.9795247375749361
74541,0.9795452026048462
74542,0.9795656471799539
74543,0.9795860713207035
74544,0.9796064750475194
74545,0.9796268583808052
74546,0.9796472213409443
74547,0.9796675639482997
74548,0.9796878862232139
74549,0.9797081881860092
74550,0.9797284698569877
74551,0.979748731256431
74552,0.9797689724046005
74553,0.9797891933217373
74554,0.9798093940280624
74555,0.9798295745437765
74556,0.9798497348890601
74557,0.9798698750840735
74558,0.979889995148957
74559,0.9789105948539556
74560,0.9789316737196688
74561,0.9789527315170504
74562,0.9789737682671583
74563,0.9789947839910292
74564,0.9790157787096789
74565,0.979036752444102
74566,0.9790577052152724
74567,0.9790786370441427
74568,0.9790995479516448
74569,0.9791204379586896
74570,0.9791413070861672
74571,0.9791621553549467
74572,0.9791829827858762
74573,0.9792037893997834
74574,0.9792245752174747
74575,0.9792453402597361
74576,0.9792660845473325
74577,0.9792868081010084
74578,0.9793075109414872
74579,0.9793281930894717
74580,0.9793488545656441
74581,0.979369495390666
74582,0.9793901155851781
74583,0.9794107151698006
74584,0.9794312941651332
74585,0.9794518525917547
74586,0.9794723904702237
74587,0.9794929078210781
74588,0.9795134046648352
74589,0.9795338810219918
74590,0.9795543369130243
74591,0.9795747723583886
74592,0.9795951873785201
74593,0.9796155819938339
74594,0.9796359562247247
74595,0.9796563100915665
74596,0.9796766436147134
74597,0.9796969568144988
74598,0.9797172497112359
74599,0.9797375223252176
74600,0.9797577746767167
74601,0.9797780067859853
74602,0.9797982186732557
74603,0.9798184103587396
74604,0.979838581862629
74605,0.9798587332050951
74606,0.9798788644062894
74607,0.9798989754863431
74608,0.9799190664653672
74609,0.9799391373634528
74610,0.9799591882006707
74611,0.9799792189970719
74612,0.9799992297726869
74613,0.9800192205475269
74614,0.9790396910917073
74615,0.9790606409256986
74616,0.9790815698203256
74617,0.9791024777965172
74618,0.9791233648751813
74619,0.979144231077205
74620,0.9791650764234547
74621,0.9791859009347756
74622,0.9782072043821172
74623,0.9782289862867827
74624,0.9782507464204291
74625,0.9772729845549414
74626,0.9772957002125576
74627,0.9773183931658684
74628,0.9773410634375668
74629,0.9773637110503228
74630,0.9773863360267843
74631,0.9774089383895761
74632,0.9774315181613007
74633,0.9774540753645378
74634,0.9774766100218446
74635,0.9774991221557559
74636,0.9775216117887836
74637,0.9775440789434175
74638,0.9775665236421248
74639,0.9775889459073501
74640,0.9776113457615156
74641,0.9776337232270214
74642,0.9776560783262447
74643,0.9776784110815407
74644,0.9777007215152423
74645,0.9777230096496599
74646,0.9777452755070815
74647,0.977767519109773
74648,0.9777897404799781
74649,0.9778119396399182
74650,0.9778341166117923
74651,0.9778562714177775
74652,0.9778784040800287
74653,0.9779005146206783
74654,0.977922603061837
74655,0.9779446694255932
74656,0.9779667137340134
74657,0.9779887360091418
74658,0.9780107362730007
74659,0.9780327145475904
74660,0.9780546708548892
74661,0.9780766052168534
74662,0.9780985176554172
74663,0.9781204081924932
74664,0.978142276849972
74665,0.9781641236497222
74666,0.9781859486135905
74667,0.978207751763402
74668,0.9782295331209598
74669,0.9782512927080453
74670,0.9782730305464181
74671,0.978294746657816
74672,0.9783164410639551
74673,0.9783381137865299
74674,0.978359764847213
74675,0.9783813942676556
74676,0.978403002069487
74677,0.9784245882743151
74678,0.977446652653851
74679,0.977469194730159
74680,0.9774917142756562
74681,0.9775142113128619
74682,0.9775366858642733
74683,0.977559137952365
74684,0.977581567599589
74685,0.977603974828375
74686,0.9776263596611303
74687,0.9776487221202397
74688,0.9776710622280655
74689,0.977693380006948
74690,0.977715675479205
74691,0.9777379486671318
74692,0.9777601995930018
74693,0.9777824282790657
74694,0.9778046347475524
74695,0.9778268190206683
74696,0.9778489811205976
74697,0.9778711210695026
74698,0.9778932388895231
74699,0.9779153346027769
74700,0.9779374082313599
74701,0.9779594597973456
74702,0.9779814893227855
74703,0.9780034968297092
74704,0.9780254823401243
74705,0.9780474458760162
74706,0.9780693874593486
74707,0.9770918068621878
74708,0.9771147036069532
74709,0.9771375774664165
74710,0.9771604284634515
74711,0.9761837563710343
74712,0.9762075607124925
74713,0.9762313412615055
74714,0.9762550980418537
74715,0.9762788310772942
74716,0.9763025403915597
74717,0.9763262260083597
74718,0.9763498879513799
74719,0.9763735262442821
74720,0.9763971409107046
74721,0.9764207319742622
74722,0.9764442994585457
74723,0.9764678433871229
74724,0.9764913637835375
74725,0.9765148606713101
74726,0.9765383340739375
74727,0.9765617840148931
74728,0.9765852105176269
74729,0.9766086136055653
74730,0.9766319933021115
74731,0.9766553496306452
74732,0.9766786826145226
74733,0.9767019922770768
74734,0.9767252786416174
74735,0.9767485417314309
74736,0.9767717815697803
74737,0.9767949981799054
74738,0.976818191585023
74739,0.9768413618083264
74740,0.9768645088729857
74741,0.9768876328021482
74742,0.9769107336189377
74743,0.976933811346455
74744,0.9769568660077779
74745,0.976979897625961
74746,0.9770029062240361
74747,0.9770258918250115
74748,0.9770488544518731
74749,0.9770717941275834
74750,0.977094710875082
74751,0.9771176047172858
74752,0.9771404756770886
74753,0.9771633237773614
74754,0.9771861490409522
74755,0.9772089514906864
74756,0.9772317311493665
74757,0.9772544880397719
74758,0.9772772221846596
74759,0.9772999336067639
74760,0.9773226223287962
74761,0.977345288373445
74762,0.9773679317633767
74763,0.9773905525212344
74764,0.977413150669639
74765,0.9774357262311886
74766,0.9774582792284587
74767,0.9774808096840025
74768,0.9775033176203504
74769,0.9775258030600101
74770,0.9775482660254674
74771,0.9775707065391851
74772,0.9775931246236037
74773,0.9776155203011413
74774,0.9776378935941936
74775,0.977660244525134
74776,0.9776825731163132
74777,0.97770487939006
74778,0.9777271633686806
74779,0.977749425074459
74780,0.977771664529657
74781,0.9777938817565139
74782,0.977816076777247
74783,0.9778382496140514
74784,0.9778604002890998
74785,0.977882528824543
74786,0.9779046352425095
74787,0.9779267195651057
74788,0.9779487818144159
74789,0.9779708220125024
74790,0.9779928401814054
74791,0.9780148363431431
74792,0.9780368105197117
74793,0.9780587627330853
74794,0.9780806930052162
74795,0.9781026013580345
74796,0.9781244878134487
74797,0.9781463523933454
74798,0.9781681951195889
74799,0.978190016014022
74800,0.9782118150984658
74801,0.9782335923947192
74802,0.9782553479245596
74803,0.9782770817097425
74804,0.9782987937720016
74805,0.9783204841330491
74806,0.9783421528145753
74807,0.9783637998382488
74808,0.9783854252257168
74809,0.9784070289986047
74810,0.9784286111785161
74811,0.9784501717870333
74812,0.9784717108457169
74813,0.978493228376106
74814,0.9785147243997181
74815,0.9785361989380492
74816,0.9785576520125739
74817,0.9785790836447453
74818,0.978600493855995
74819,0.9786218826677332
74820,0.9786432501013487
74821,0.9786645961782089
74822,0.97868592091966
74823,0.9787072243470266
74824,0.9787285064816122
74825,0.9787497673446991
74826,0.9787710069575479
74827,0.9787922253413984
74828,0.978813422517469
74829,0.9788345985069568
74830,0.9788557533310378
74831,0.9788768870108668
74832,0.9788979995675776
74833,0.9789190910222827
74834,0.9789401613960735
74835,0.9789612107100205
74836,0.9789822389851729
74837,0.9790032462425591
74838,0.9790242325031862
74839,0.9790451977880406
74840,0.9790661421180875
74841,0.9790870655142714
74842,0.9791079679975155
74843,0.9791288495887224
74844,0.9791497103087736
74845,0.9791705501785299
74846,0.9791913692188312
74847,0.9792121674504966
74848,0.9792329448943241
74849,0.9792537015710914
74850,0.9792744375015551
74851,0.9792951527064511
74852,0.9793158472064946
74853,0.9793365210223801
74854,0.9793571741747815
74855,0.9793778066843519
74856,0.9793984185717239
74857,0.9794190098575093
74858,0.9794395805622994
74859,0.9794601307066649
74860,0.979480660311156
74861,0.9795011693963023
74862,0.9795216579826128
74863,0.9795421260905762
74864,0.9795625737406606
74865,0.9795830009533136
74866,0.9796034077489625
74867,0.979623794148014
74868,0.9796441601708546
74869,0.9786650055879752
74870,0.9786863299202211
74871,0.9787076329387916
74872,0.9787289146649897
74873,0.9787501751200971
74874,0.9787714143253744
74875,0.9787926323020607
74876,0.978813829071374
74877,0.9788350046545111
74878,0.9788561590726476
74879,0.9788772923469378
74880,0.9788984044985151
74881,0.9789194955484916
74882,0.9789405655179584
74883,0.9789616144279855
74884,0.9789826422996216
74885,0.9790036491538948
74886,0.9790246350118119
74887,0.9790455998943588
74888,0.9790665438225004
74889,0.9790874668171805
74890,0.9791083688993223
74891,0.9791292500898278
74892,0.9791501104095781
74893,0.9791709498794336
74894,0.9791917685202338
74895,0.9792125663527973
74896,0.9792333433979219
74897,0.9792540996763848
74898,0.978275334959067
74899,0.9782970487672039
74900,0.9783187408723841
74901,0.9783404112962998
74902,0.9783620600606213
74903,0.9783836871869975
74904,0.9784052926970555
74905,0.9784268766124007
74906,0.9784484389546172
74907,0.9784699797452673
74908,0.9784914990058917
74909,0.9785129967580097
74910,0.9785344730231191
74911,0.9785559278226962
74912,0.9785773611781957
74913,0.9785987731110511
74914,0.9786201636426742
74915,0.9786415327944556
74916,0.9786628805877645
74917,0.9786842070439487
74918,0.9787055121843345
74919,0.9777272957803522
74920,0.9777495573537851
74921,0.9777717966767698
74922,0.9777940137715456
74923,0.9778162086603297
74924,0.9778383813653169
74925,0.9778605319086798
74926,0.9768831600626942
74927,0.9769062653499878
74928,0.976929347543541
74929,0.976952406666436
74930,0.976975442741732
74931,0.9769984557924649
74932,0.9770214458416479
74933,0.9770444129122708
74934,0.9770673570273011
74935,0.9770902782096826
74936,0.9771131764823366
74937,0.9771360518681614
74938,0.9771589043900324
74939,0.977181734070802
74940,0.9772045409333
74941,0.9772273250003332
74942,0.9772500862946857
74943,0.9772728248391188
74944,0.977295540656371
74945,0.9773182337691583
74946,0.9773409042001736
74947,0.9773635519720875
74948,0.9773861771075476
74949,0.9774087796291793
74950,0.9774313595595849
74951,0.9774539169213444
74952,0.9774764517370153
74953,0.9774989640291322
74954,0.9775214538202075
74955,0.977543921132731
74956,0.9775663659891701
74957,0.9775887884119696
74958,0.9776111884235519
74959,0.9776335660463169
74960,0.9776559213026424
74961,0.9766787539650086
74962,0.976702063556248
74963,0.9767253498495451
74964,0.9767486128681862
74965,0.9767718526354343
74966,0.9767950691745293
74967,0.9768182625086876
74968,0.9768414326611028
74969,0.9768645796549448
74970,0.9768877035133606
74971,0.9769108042594742
74972,0.9769338819163863
74973,0.9769569365071745
74974,0.9769799680548935
74975,0.9770029765825747
74976,0.9770259621132268
74977,0.9770489246698353
74978,0.9770718642753626
74979,0.9770947809527486
74980,0.9771176747249097
74981,0.97714054561474
74982,0.9771633936451101
74983,0.977186218838868
74984,0.9772090212188391
74985,0.9772318008078258
74986,0.9772545576286076
74987,0.9772772917039413
74988,0.9773000030565611
74989,0.9773226917091782
74990,0.9773453576844814
74991,0.9773680010051365
74992,0.9773906216937871
74993,0.9774132197730537
74994,0.9774357952655345
74995,0.9774583481938048
74996,0.9774808785804178
74997,0.9775033864479036
74998,0.9775258718187703
74999,0.9775483347155032
75000,0.9775707751605651
75001,0.9775931931763966
75002,0.9776155887854157
75003,0.977637962010018
75004,0.9776603128725767
75005,0.9776826413954427
75006,0.9777049476009445
75007,0.9777272315113883
75008,0.9777494931490581
75009,0.9777717325362155
75010,0.9777939496950999
75011,0.9778161446479284
75012,0.977838317416896
75013,0.9778604680241755
75014,0.9778825964919174
75015,0.9779047028422504
75016,0.9779267870972806
75017,0.9779488492790924
75018,0.977970889409748
75019,0.9779929075112874
75020,0.978014903605729
75021,0.9780368777150685
75022,0.9780588298612803
75023,0.9770812598164414
75024,0.9771041671029818
75025,0.9771270514936834
75026,0.9771499130114308
75027,0.9771727516790856
75028,0.9771955675194863
75029,0.9772183605554489
75030,0.9772411308097663
75031,0.9772638783052088
75032,0.9772866030645239
75033,0.9773093051104363
75034,0.9773319844656483
75035,0.977354641152839
75036,0.9773772751946652
75037,0.977399886613761
75038,0.9774224754327377
75039,0.9774450416741843
75040,0.9774675853606669
75041,0.9774901065147292
75042,0.9775126051588924
75043,0.9775350813156551
75044,0.9775575350074935
75045,0.9775799662568614
75046,0.9776023750861899
75047,0.9776247615178878
75048,0.9776471255743416
75049,0.9776694672779155
75050,0.977691786650951
75051,0.9777140837157676
75052,0.9777363584946624
75053,0.9777586110099101
75054,0.9777808412837633
75055,0.9778030493384522
75056,0.9778252351961849
75057,0.9778473988791473
75058,0.9778695404095029
75059,0.9778916598093934
75060,0.9779137571009382
75061,0.9779358323062346
75062,0.9779578854473578
75063,0.977979916546361
75064,0.9780019256252751
75065,0.9780239127061094
75066,0.978045877810851
75067,0.9780678209614648
75068,0.9780897421798942
75069,0.9781116414880602
75070,0.9781335189078623
75071,0.9781553744611777
75072,0.9781772081698622
75073,0.9781990200557494
75074,0.9782208101406512
75075,0.9782425784463578
75076,0.9782643249946372
75077,0.9782860498072363
75078,0.9783077529058798
75079,0.9783294343122707
75080,0.9783510940480905
75081,0.978372732134999
75082,0.9783943485946341
75083,0.9784159434486125
75084,0.978437516718529
75085,0.9784590684259568
75086,0.9784805985924475
75087,0.9785021072395316
75088,0.9785235943887175
75089,0.9785450600614924
75090,0.978566504279322
75091,0.9785879270636505
75092,0.9786093284359008
75093,0.9786307084174741
75094,0.9786520670297505
75095,0.9786734042940886
75096,0.9786947202318256
75097,0.9787160148642775
75098,0.978737288212739
75099,0.9787585402984834
75100,0.9787797711427628
75101,0.9778014805169329
75102,0.9778236679427031
75103,0.9778458331921357
75104,0.977867976287396
75105,0.9778900972506269
75106,0.9779121961039496
75107,0.9779342728694629
75108,0.9779563275692436
75109,0.9779783602253462
75110,0.9780003708598036
75111,0.9780223594946265
75112,0.9780443261518033
75113,0.9780662708533007
75114,0.9780881936210635
75115,0.9781100944770145
75116,0.9781319734430545
75117,0.9781538305410624
75118,0.9781756657928954
75119,0.9781974792203888
75120,0.978219270845356
75121,0.9782410406895885
75122,0.9782627887748563
75123,0.9782845151229074
75124,0.9783062197554682
75125,0.9783279026942433
75126,0.9783495639609158
75127,0.9783712035771467
75128,0.9783928215645759
75129,0.9784144179448212
75130,0.978435992739479
75131,0.9784575459701242
75132,0.97847907765831
75133,0.978500587825568
75134,0.9785220764934085
75135,0.9785435436833201
75136,0.9785649894167701
75137,0.978586413715204
75138,0.9786078166000465
75139,0.9786291980927001
75140,0.9786505582145465
75141,0.9786718969869458
75142,0.9786932144312367
75143,0.9787145105687367
75144,0.978735785420742
75145,0.9787570390085274
75146,0.9787782713533465
75147,0.9787994824764316
75148,0.9788206723989938
75149,0.9788418411422233
75150,0.9788629887272885
75151,0.9788841151753371
75152,0.9789052205074957
75153,0.9789263047448695
75154,0.9789473679085429
75155,0.9789684100195788
75156,0.9789894310990195
75157,0.979010431167886
75158,0.9790314102471784
75159,0.9790523683578759
75160,0.9790733055209365
75161,0.9790942217572974
75162,0.9781156168379997
75163,0.9781374902844385
75164,0.9781593418683622
75165,0.9781811716116222
75166,0.9782029795360484
75167,0.9782247656634486
75168,0.9782465300156091
75169,0.9782682726142942
75170,0.9782899934812463
75171,0.9783116926381866
75172,0.9783333701068141
75173,0.9783550259088063
75174,0.978376660065819
75175,0.9783982725994864
75176,0.978419863531421
75177,0.9784414328832136
75178,0.9784629806764338
75179,0.9784845069326292
75180,0.9785060116733263
75181,0.9785274949200297
75182,0.9785489566942225
75183,0.9785703970173667
75184,0.9785918159109026
75185,0.9786132133962491
75186,0.9786345894948035
75187,0.9786559442279421
75188,0.9786772776170196
75189,0.9786985896833694
75190,0.9787198804483036
75191,0.9787411499331129
75192,0.9787623981590668
75193,0.9787836251474136
75194,0.9788048309193802
75195,0.9788260154961724
75196,0.9788471788989749
75197,0.978868321148951
75198,0.9788894422672428
75199,0.9789105422749718
75200,0.9789316211932376
75201,0.9789526790431194
75202,0.978973715845675
75203,0.9789947316219413
75204,0.9790157263929339
75205,0.9790367001796476
75206,0.9790576530030562
75207,0.9780790846342376
75208,0.9781009945946232
75209,0.9781228826559979
75210,0.9781447488402498
75211,0.978166593169245
75212,0.978188415664828
75213,0.9782102163488211
75214,0.9782319952430252
75215,0.9782537523692191
75216,0.9782754877491598
75217,0.978297201404583
75218,0.9783188933572021
75219,0.9783405636287091
75220,0.9783622122407744
75221,0.9783838392150465
75222,0.9784054445731524
75223,0.9784270283366975
75224,0.9784485905272655
75225,0.9784701311664187
75226,0.9784916502756976
75227,0.9785131478766215
75228,0.9785346239906878
75229,0.9785560786393728
75230,0.978577511844131
75231,0.9785989236263958
75232,0.9786203140075788
75233,0.9786416830090704
75234,0.9786630306522397
75235,0.9786843569584344
75236,0.9787056619489807
75237,0.9787269456451836
75238,0.9787482080683269
75239,0.9787694492396729
75240,0.9787906691804629
75241,0.9788118679119167
75242,0.9788330454552331
75243,0.9788542018315897
75244,0.9788753370621428
75245,0.9788964511680277
75246,0.9789175441703585
75247,0.9789386160902281
75248,0.9789596669487087
75249,0.978980696766851
75250,0.9790017055656847
75251,0.9790226933662187
75252,0.9790436601894409
75253,0.9790646060563181
75254,0.979085530987796
75255,0.9791064350047998
75256,0.9791273181282333
75257,0.9791481803789797
75258,0.9791690217779012
75259,0.9791898423458394
75260,0.9792106421036146
75261,0.9792314210720268
75262,0.9792521792718548
75263,0.979272916723857
75264,0.9792936334487706
75265,0.9793143294673126
75266,0.9793350048001788
75267,0.9793556594680447
75268,0.9793762934915649
75269,0.9793969068913734
75270,0.9794174996880837
75271,0.9794380719022885
75272,0.97945862355456
75273,0.97947915466545
75274,0.9794996652554895
75275,0.9795201553451891
75276,0.979540624955039
75277,0.9795610741055087
75278,0.9795815028170475
75279,0.9796019111100839
75280,0.9796222990050263
75281,0.9796426665222626
75282,0.9796630136821604
75283,0.9796833405050668
75284,0.9797036470113086
75285,0.9797239332211923
75286,0.9797441991550042
75287,0.9797644448330102
75288,0.9797846702754559
75289,0.9798048755025669
75290,0.9798250605345483
75291,0.9798452253915853
75292,0.9798653700938426
75293,0.9798854946614649
75294,0.9799055991145769
75295,0.9799256834732829
75296,0.9799457477576674
75297,0.9799657919877947
75298,0.979985816183709
75299,0.9800058203654344
75300,0.9800258045529752
75301,0.9800457687663156
75302,0.9800657130254197
75303,0.9800856373502318
75304,0.9801055417606763
75305,0.9801254262766577
75306,0.9801452909180604
75307,0.980165135704749
75308,0.9801849606565682
75309,0.9802047657933433
75310,0.9802245511348792
75311,0.9802443167009612
75312,0.9802640625113551
75313,0.9802837885858066
75314,0.9803034949440417
75315,0.9803231816057668
75316,0.9803428485906686
75317,0.9803624959184141
75318,0.9803821236086505
75319,0.9804017316810056
75320,0.9804213201550875
75321,0.9804408890504848
75322,0.9804604383867661
75323,0.9804799681834809
75324,0.9804994784601591
75325,0.9805189692363108
75326,0.9805384405314269
75327,0.9805578923649787
75328,0.980577324756418
75329,0.9805967377251772
75330,0.9806161312906693
75331,0.9806355054722878
75332,0.980654860289407
75333,0.9806741957613816
75334,0.9806935119075472
75335,0.9807128087472198
75336,0.9807320862996963
75337,0.9807513445842544
75338,0.9807705836201522
75339,0.9807898034266288
75340,0.980809004022904
75341,0.9808281854281785
75342,0.9808473476616336
75343,0.9808664907424316
75344,0.9808856146897155
75345,0.9809047195226093
75346,0.9809238052602178
75347,0.9809428719216269
75348,0.9809619195259032
75349,0.9809809480920941
75350,0.9809999576392284
75351,0.9810189481863156
75352,0.9810379197523463
75353,0.981056872356292
75354,0.9810758060171053
75355,0.98109472075372
75356,0.9811136165850506
75357,0.9811324935299931
75358,0.9811513516074244
75359,0.9811701908362026
75360,0.9811890112351669
75361,0.9812078128231377
75362,0.9812265956189167
75363,0.9812453596412866
75364,0.9812641049090114
75365,0.9812828314408365
75366,0.9813015392554884
75367,0.9813202283716748
75368,0.9813388988080849
75369,0.9813575505833891
75370,0.9813761837162394
75371,0.9813947982252686
75372,0.9814133941290915
75373,0.9814319714463038
75374,0.9814505301954829
75375,0.9814690703951876
75376,0.9814875920639581
75377,0.981506095220316
75378,0.9815245798827644
75379,0.9815430460697881
75380,0.9815614937998534
75381,0.9815799230914077
75382,0.9815983339628805
75383,0.9816167264326827
75384,0.9816351005192068
75385,0.9816534562408268
75386,0.9816717936158984
75387,0.9816901126627591
75388,0.9817084133997278
75389,0.9817266958451054
75390,0.9817449600171743
75391,0.9817632059341985
75392,0.9817814336144242
75393,0.9817996430760789
75394,0.9818178343373722
75395,0.9818360074164953
75396,0.9818541623316213
75397,0.981872299100905
75398,0.9818904177424833
75399,0.9819085182744748
75400,0.9819266007149801
75401,0.9819446650820816
75402,0.9819627113938436
75403,0.9819807396683126
75404,0.9819987499235167
75405,0.9820167421774662
75406,0.9820347164481533
75407,0.9820526727535525
75408,0.9820706111116199
75409,0.9820885315402939
75410,0.982106434057495
75411,0.9821243186811257
75412,0.9821421854290706
75413,0.9821600343191965
75414,0.9821778653693523
75415,0.9821956785973689
75416,0.9822134740210596
75417,0.98223125165822
75418,0.9822490115266276
75419,0.9822667536440423
75420,0.9822844780282062
75421,0.9823021846968436
75422,0.9823198736676614
75423,0.9823375449583484
75424,0.9823551985865759
75425,0.9823728345699977
75426,0.9823904529262496
75427,0.98240805367295
75428,0.9824256368276997
75429,0.9824432024080818
75430,0.9824607504316619
75431,0.9824782809159881
75432,0.9824957938785908
75433,0.982513289336983
75434,0.9825307673086602
75435,0.9825482278111003
75436,0.9825656708617638
75437,0.9825830964780939
75438,0.9826005046775161
75439,0.9826178954774386
75440,0.9826352688952522
75441,0.9826526249483304
75442,0.9826699636540293
75443,0.9826872850296874
75444,0.9827045890926263
75445,0.9827218758601499
75446,0.9827391453495451
75447,0.9827563975780813
75448,0.9827736325630108
75449,0.9827908503215684
75450,0.9828080508709721
75451,0.9828252342284224
75452,0.9828424004111026
75453,0.9828595494361789
75454,0.9828766813208004
75455,0.9828937960820989
75456,0.9829108937371893
75457,0.9829279743031691
75458,0.982945037797119
75459,0.9829620842361023
75460,0.9829791136371657
75461,0.9829961260173384
75462,0.983013121393633
75463,0.9830300997830446
75464,0.9830470612025518
75465,0.982064505419241
75466,0.981082931700681
75467,0.981101839315173
75468,0.9811207280314997
75469,0.9811395978685498
75470,0.9811584488451929
75471,0.9811772809802801
75472,0.9811960942926437
75473,0.9802153885512217
75474,0.9802351632753085
75475,0.9802549182345536
75476,0.9802746534487119
75477,0.9802943689375188
75478,0.9803140647206896
75479,0.9803337408179204
75480,0.9803533972488869
75481,0.9803730340332458
75482,0.9803926511906339
75483,0.9804122487406682
75484,0.9804318267029464
75485,0.9804513850970463
75486,0.9804709239425266
75487,0.9804904432589259
75488,0.9805099430657636
75489,0.9805294233825395
75490,0.9805488842287338
75491,0.9805683256238075
75492,0.980587747587202
75493,0.9806071501383392
75494,0.9806265332966217
75495,0.9806458970814327
75496,0.9806652415121359
75497,0.9806845666080758
75498,0.9807038723885775
75499,0.9807231588729467
75500,0.979742925830595
75501,0.979763172781289
75502,0.9797833994951508
75503,0.979803605992407
75504,0.9798237922932642
75505,0.9798439584179086
75506,0.9798641043865064
75507,0.9788847299693285
75508,0.9789058346870003
75509,0.9789269183105016
75510,0.978947980860916
75511,0.9779695221094308
75512,0.9779915415775873
75513,0.9780135390372798
75514,0.978035514510506
75515,0.9780574680192411
75516,0.9780793995854388
75517,0.9781013092310306
75518,0.978123196977926
75519,0.9781450628480131
75520,0.9781669068631574
75521,0.9781887290452033
75522,0.9782105294159726
75523,0.978232307997266
75524,0.978254064810862
75525,0.9782757998785173
75526,0.9782975132219671
75527,0.9783192048629247
75528,0.9783408748230816
75529,0.978362523124108
75530,0.9783841497876521
75531,0.9784057548353406
75532,0.9784273382887786
75533,0.9784489001695494
75534,0.978470440499215
75535,0.9784919592993158
75536,0.9785134565913705
75537,0.9785349323968763
75538,0.9785563867373092
75539,0.9785778196341235
75540,0.978599231108752
75541,0.9786206211826063
75542,0.9786419898770764
75543,0.978663337213531
75544,0.9786846632133176
75545,0.9787059678977621
75546,0.9787272512881692
75547,0.9787485134058221
75548,0.9787697542719832
75549,0.9787909739078933
75550,0.9788121723347719
75551,0.9788333495738176
75552,0.9788545056462076
75553,0.978875640573098
75554,0.9788967543756236
75555,0.9789178470748984
75556,0.9789389186920149
75557,0.9789599692480448
75558,0.9789809987640388
75559,0.9790020072610263
75560,0.9790229947600158
75561,0.9790439612819948
75562,0.9790649068479298
75563,0.9790858314787665
75564,0.9791067351954293
75565,0.9791276180188222
75566,0.9791484799698279
75567,0.9791693210693083
75568,0.9791901413381046
75569,0.979210940797037
75570,0.979231719466905
75571,0.9792524773684873
75572,0.9792732145225418
75573,0.9792939309498057
75574,0.9793146266709952
75575,0.9793353017068063
75576,0.9793559560779139
75577,0.9793765898049724
75578,0.9793972029086156
75579,0.9794177954094566
75580,0.9794383673280879
75581,0.9794589186850813
75582,0.9794794495009882
75583,0.9794999597963395
75584,0.9795204495916455
75585,0.979540918907396
75586,0.9795613677640603
75587,0.9795817961820873
75588,0.9796022041819052
75589,0.9796225917839223
75590,0.979642959008526
75591,0.9796633058760837
75592,0.9796836324069422
75593,0.979703938621428
75594,0.9797242245398474
75595,0.9797444901824862
75596,0.9797647355696102
75597,0.9797849607214647
75598,0.9798051656582748
75599,0.9798253504002455
75600,0.9798455149675617
75601,0.9798656593803877
75602,0.9798857836588681
75603,0.9799058878231272
75604,0.9799259718932689
75605,0.9799460358893776
75606,0.9799660798315171
75607,0.9799861037397315
75608,0.9800061076340446
75609,0.9800260915344604
75610,0.9800460554609627
75611,0.9800659994335155
75612,0.9800859234720627
75613,0.9801058275965284
75614,0.9801257118268167
75615,0.980145576182812
75616,0.9801654206843784
75617,0.9801852453513605
75618,0.9802050502035831
75619,0.9802248352608508
75620,0.9802446005429489
75621,0.9802643460696426
75622,0.9802840718606775
75623,0.9803037779357793
75624,0.980323464314654
75625,0.9803431310169882
75626,0.9803627780624485
75627,0.980382405470682
75628,0.980402013261316
75629,0.9804216014539584
75630,0.9804411700681973
75631,0.9804607191236014
75632,0.9804802486397198
75633,0.980499758636082
75634,0.9805192491321978
75635,0.9805387201475579
75636,0.9805581717016334
75637,0.9805776038138756
75638,0.9805970165037168
75639,0.9806164097905696
75640,0.9806357836938274
75641,0.9806551382328641
75642,0.9806744734270342
75643,0.9806937892956729
75644,0.980713085858096
75645,0.9807323631336001
75646,0.9807516211414626
75647,0.9807708599009415
75648,0.9807900794312754
75649,0.9808092797516839
75650,0.9808284608813673
75651,0.9808476228395069
75652,0.9808667656452645
75653,0.980885889317783
75654,0.980904993876186
75655,0.9809240793395781
75656,0.9809431457270449
75657,0.9809621930576525
75658,0.9809812213504485
75659,0.980000730374586
75660,0.9800207196495739
75661,0.9800406889452765
75662,0.980060638281663
75663,0.9800805676786828
75664,0.9801004771562654
75665,0.98012036673432
75666,0.9801402364327365
75667,0.9801600862713844
75668,0.9801799162701137
75669,0.9801997264487543
75670,0.9802195168271164
75671,0.9802392874249903
75672,0.9802590382621468
75673,0.9802787693583366
75674,0.9802984807332907
75675,0.9803181724067207
75676,0.9803378443983182
75677,0.9803574967277552
75678,0.9803771294146839
75679,0.9803967424787372
75680,0.980416335939528
75681,0.98043590981665
75682,0.9804554641296768
75683,0.9804749988981628
75684,0.9804945141416429
75685,0.9805140098796322
75686,0.9805334861316266
75687,0.9805529429171023
75688,0.980572380255516
75689,0.980591798166305
75690,0.9806111966688874
75691,0.9806305757826617
75692,0.9806499355270069
75693,0.9806692759212827
75694,0.9806885969848297
75695,0.9807078987369688
75696,0.9807271811970019
75697,0.9807464443842112
75698,0.9807656883178602
75699,0.9807849130171926
75700,0.9798046182515583
75701,0.9798248035406621
75702,0.9798449686545645
75703,0.9798651136134305
75704,0.9798852384374052
75705,0.9799053431466132
75706,0.9799254277611593
75707,0.9799454923011282
75708,0.9799655367865843
75709,0.9799855612375722
75710,0.9800055656741163
75711,0.9800255501162212
75712,0.9800455145838711
75713,0.9790659588471556
75714,0.9790868824265188
75715,0.9791077850927591
75716,0.9791286668667794
75717,0.9791495277694612
75718,0.9791703678216657
75719,0.9791911870442327
75720,0.9792119854579816
75721,0.9792327630837108
75722,0.9792535199421978
75723,0.9792742560541996
75724,0.9792949714404523
75725,0.9793156661216712
75726,0.9793363401185511
75727,0.979356993451766
75728,0.9793776261419691
75729,0.9793982382097932
75730,0.9794188296758504
75731,0.9794394005607321
75732,0.9794599508850093
75733,0.9794804806692321
75734,0.9795009899339305
75735,0.9795214786996138
75736,0.9795419469867707
75737,0.9795623948158694
75738,0.9795828222073577
75739,0.9796032291816632
75740,0.9796236157591928
75741,0.979643981960333
75742,0.9796643278054501
75743,0.97968465331489
75744,0.979704958508978
75745,0.9797252434080195
75746,0.9797455080322993
75747,0.9797657524020821
75748,0.9797859765376122
75749,0.9798061804591138
75750,0.9798263641867909
75751,0.9798465277408271
75752,0.979866671141386
75753,0.979886794408611
75754,0.9799068975626254
75755,0.9799269806235323
75756,0.9799470436114148
75757,0.9799670865463359
75758,0.9799871094483386
75759,0.9800071123374456
75760,0.979027594983785
75761,0.9790485569078392
75762,0.9790694978804451
75763,0.9790904179225436
75764,0.9791113170550548
75765,0.9791321952988778
75766,0.979153052674891
75767,0.9791738892039515
75768,0.9791947049068961
75769,0.9792154998045404
75770,0.9792362739176793
75771,0.979257027267087
75772,0.9792777598735166
75773,0.979298471757701
75774,0.979319162940352
75775,0.9793398334421608
75776,0.9793604832837978
75777,0.9793811124859129
75778,0.9794017210691354
75779,0.9794223090540738
75780,0.9794428764613161
75781,0.9794634233114298
75782,0.9794839496249615
75783,0.9795044554224378
75784,0.9795249407243644
75785,0.9795454055512266
75786,0.9795658499234893
75787,0.9795862738615967
75788,0.979606677385973
75789,0.9796270605170214
75790,0.9796474232751253
75791,0.9796677656806474
75792,0.9796880877539301
75793,0.9797083895152955
75794,0.9797286709850453
75795,0.979748932183461
75796,0.9797691731308039
75797,0.9797893938473149
75798,0.9798095943532146
75799,0.9798297746687036
75800,0.9798499348139622
75801,0.9798700748091507
75802,0.9798901946744089
75803,0.9799102944298568
75804,0.979930374095594
75805,0.9799504336917004
75806,0.9799704732382355
75807,0.9799904927552388
75808,0.9800104922627297
75809,0.980030471780708
75810,0.980050431329153
75811,0.9800703709280244
75812,0.9800902905972617
75813,0.9801101903567847
75814,0.980130070226493
75815,0.9801499302262666
75816,0.9801697703759655
75817,0.9801895906954299
75818,0.9802093912044799
75819,0.9802291719229163
75820,0.9802489328705195
75821,0.9802686740670508
75822,0.9802883955322511
75823,0.9803080972858421
75824,0.9803277793475255
75825,0.9803474417369832
75826,0.9803670844738778
75827,0.980386707577852
75828,0.9804063110685287
75829,0.9804258949655117
75830,0.9804454592883848
75831,0.9804650040567122
75832,0.9794850290401638
75833,0.9795055337587643
75834,0.9795260179828934
75835,0.9795464817330355
75836,0.9795669250296541
75837,0.9795873478931927
75838,0.9796077503440741
75839,0.9796281324027007
75840,0.9796484940894546
75841,0.9796688354246975
75842,0.9796891564287707
75843,0.9797094571219953
75844,0.979729737524672
75845,0.978750497407206
75846,0.9787717362903572
75847,0.9787929539452394
75848,0.9788141503930702
75849,0.9788353256550462
75850,0.9788564797523425
75851,0.9788776127061133
75852,0.9788987245374915
75853,0.978919815267589
75854,0.9789408849174964
75855,0.9789619335082835
75856,0.9789829610609989
75857,0.9790039675966701
75858,0.9790249531363036
75859,0.97804641745101
75860,0.9780683600622533
75861,0.9780902807418512
75862,0.9781121795117245
75863,0.9781340563937717
75864,0.9781559114098699
75865,0.978177744581874
75866,0.9781995559316172
75867,0.978221345480911
75868,0.9782431132515448
75869,0.9782648592652864
75870,0.9782865835438818
75871,0.9783082861090553
75872,0.9783299669825095
75873,0.9783516261859253
75874,0.9783732637409619
75875,0.9783948796692568
75876,0.9784164739924259
75877,0.9784380467320637
75878,0.9784595979097428
75879,0.9784811275470144
75880,0.9785026356654082
75881,0.9785241222864323
75882,0.9785455874315733
75883,0.9785670311222964
75884,0.9785884533800452
75885,0.978609854226242
75886,0.9786312336822878
75887,0.9786525917695619
75888,0.9786739285094224
75889,0.9786952439232061
75890,0.9787165380322284
75891,0.9787378108577833
75892,0.9787590624211439
75893,0.9787802927435615
75894,0.9788015018462666
75895,0.9788226897504682
75896,0.9788438564773543
75897,0.9788650020480916
75898,0.9788861264838256
75899,0.9789072298056808
75900,0.9789283120347606
75901,0.9789493731921471
75902,0.9789704132989017
75903,0.9789914323760642
75904,0.9790124304446539
75905,0.9790334075256687
75906,0.9790543636400858
75907,0.9790752988088613
75908,0.9790962130529305
75909,0.9791171063932074
75910,0.9791379788505855
75911,0.9791588304459372
75912,0.9791796612001142
75913,0.9792004711339473
75914,0.9792212602682462
75915,0.9792420286238002
75916,0.9792627762213776
75917,0.9792835030817261
75918,0.9793042092255724
75919,0.9793248946736228
75920,0.9793455594465628
75921,0.979366203565057
75922,0.9793868270497496
75923,0.9794074299212641
75924,0.9794280122002034
75925,0.9794485739071497
75926,0.9794691150626648
75927,0.9794896356872898
75928,0.9785106355516703
75929,0.9785321141768061
75930,0.9785535713340506
75931,0.9785750070448612
75932,0.9785964213306735
75933,0.9786178142129017
75934,0.9786391857129388
75935,0.9786605358521563
75936,0.9786818646519042
75937,0.9787031721335115
75938,0.9787244583182857
75939,0.9787457232275127
75940,0.9787669668824578
75941,0.9787881893043644
75942,0.978809390514455
75943,0.9788305705339309
75944,0.9788517293839719
75945,0.9788728670857371
75946,0.9788939836603641
75947,0.9789150791289694
75948,0.9789361535126485
75949,0.978957206832476
75950,0.978978239109505
75951,0.9789992503647679
75952,0.9780207403694008
75953,0.9780427086448936
75954,0.9780646549630896
75955,0.9780865793459351
75956,0.9781084818153545
75957,0.9781303623932501
75958,0.9781522211015028
75959,0.9781740579619711
75960,0.9781958729964919
75961,0.9782176662268802
75962,0.9782394376749293
75963,0.9782611873624106
75964,0.9782829153110739
75965,0.9783046215426471
75966,0.9783263060788363
75967,0.9783479689413263
75968,0.9783696101517797
75969,0.9783912297318379
75970,0.9784128277031204
75971,0.9784344040872253
75972,0.9784559589057288
75973,0.9784774921801859
75974,0.9784990039321297
75975,0.9785204941830722
75976,0.9785419629545034
75977,0.9785634102678922
75978,0.9785848361446858
75979,0.9786062406063103
75980,0.9786276236741701
75981,0.9786489853696482
75982,0.9786703257141063
75983,0.9786916447288848
75984,0.9787129424353027
75985,0.9787342188546577
75986,0.9787554740082263
75987,0.9787767079172636
75988,0.9787979206030034
75989,0.9788191120866586
75990,0.9788402823894206
75991,0.9788614315324596
75992,0.9788825595369249
75993,0.9789036664239446
75994,0.9789247522146253
75995,0.9789458169300529
75996,0.9789668605912922
75997,0.9789878832193869
75998,0.9790088848353595
75999,0.9790298654602118
76000,0.9790508251149241
76001,0.9790717638204565
76002,0.9790926815977473
76003,0.9791135784677146
76004,0.9791344544512551
76005,0.9791553095692449
76006,0.979176143842539
76007,0.9791969572919718
76008,0.9792177499383566
76009,0.9782390215526112
76010,0.9782607716560069
76011,0.9782825000201688
76012,0.9783042066668253
76013,0.978325891617683
76014,0.9783475548944269
76015,0.9783691965187203
76016,0.9783908165122048
76017,0.9784124148965004
76018,0.9784339916932056
76019,0.978455546923897
76020,0.9784770806101301
76021,0.9784985927734383
76022,0.9785200834353339
76023,0.9785415526173076
76024,0.9785630003408285
76025,0.9785844266273445
76026,0.9786058314982816
76027,0.9786272149750449
76028,0.9786485770790179
76029,0.9786699178315625
76030,0.9786912372540197
76031,0.9787125353677089
76032,0.9787338121939281
76033,0.9787550677539542
76034,0.9787763020690426
76035,0.9787975151604279
76036,0.9788187070493231
76037,0.9788398777569199
76038,0.9778615270545142
76039,0.9778836544637551
76040,0.977905759756645
76041,0.977927842955289
76042,0.9779499040817705
76043,0.9779719431581505
76044,0.9779939602064682
76045,0.9780159552487406
76046,0.9780379283069628
76047,0.9780598794031078
76048,0.9780818085591266
76049,0.9781037157969485
76050,0.9781256011384808
76051,0.9781474646056088
76052,0.9781693062201958
76053,0.9781911260040836
76054,0.9782129239790921
76055,0.9782347001670191
76056,0.9782564545896407
76057,0.9782781872687115
76058,0.9782998982259642
76059,0.9783215874831096
76060,0.9783432550618372
76061,0.9783649009838143
76062,0.9783865252706871
76063,0.9784081279440797
76064,0.9784297090255949
76065,0.9784512685368137
76066,0.9784728064992957
76067,0.9784943229345787
76068,0.9785158178641793
76069,0.9785372913095924
76070,0.9785587432922915
76071,0.9785801738337285
76072,0.978601582955334
76073,0.978622970678517
76074,0.9786443370246654
76075,0.9786656820151455
76076,0.9786870056713023
76077,0.9787083080144594
76078,0.9787295890659192
76079,0.9787508488469627
76080,0.9787720873788498
76081,0.978793304682819
76082,0.9788145007800876
76083,0.9788356756918516
76084,0.978856829439286
76085,0.9788779620435446
76086,0.97889907352576
76087,0.9789201639070436
76088,0.9789412332084858
76089,0.9789622814511559
76090,0.9789833086561023
76091,0.979004314844352
76092,0.9790253000369114
76093,0.9780467640048904
76094,0.9780687062697531
76095,0.9780906266033166
76096,0.9781125250275011
76097,0.9781344015642053
76098,0.9781562562353056
76099,0.9781780890626566
76100,0.9781999000680912
76101,0.9782216892734205
76102,0.9782434567004336
76103,0.9782652023708979
76104,0.9782869263065591
76105,0.9783086285291412
76106,0.9783303090603465
76107,0.9783519679218553
76108,0.9783736051353267
76109,0.9783952207223978
76110,0.9784168147046842
76111,0.97843838710378
76112,0.9784599379412574
76113,0.9784814672386675
76114,0.9785029750175394
76115,0.9785244612993809
76116,0.9785459261056784
76117,0.9785673694578966
76118,0.9785887913774789
76119,0.9786101918858472
76120,0.978631571004402
76121,0.9786529287545226
76122,0.9786742651575665
76123,0.9786955802348702
76124,0.978716874007749
76125,0.9787381464974964
76126,0.9787593977253849
76127,0.9787806277126658
76128,0.9788018364805692
76129,0.9788230240503037
76130,0.978844190443057
76131,0.9788653356799956
76132,0.9788864597822644
76133,0.9789075627709878
76134,0.9789286446672687
76135,0.978949705492189
76136,0.9789707452668095
76137,0.97899176401217
76138,0.9790127617492893
76139,0.9790337384991651
76140,0.9790546942827741
76141,0.9790756291210723
76142,0.9790965430349943
76143,0.9791174360454541
76144,0.9791383081733447
76145,0.9791591594395382
76146,0.9791799898648861
76147,0.9792007994702185
76148,0.9792215882763453
76149,0.9792423563040551
76150,0.9792631035741161
76151,0.9792838301072754
76152,0.9793045359242596
76153,0.9793252210457746
76154,0.9793458854925055
76155,0.9793665292851167
76156,0.979387152444252
76157,0.9794077549905346
76158,0.979428336944567
76159,0.9794488983269313
76160,0.9794694391581887
76161,0.9794899594588802
76162,0.979510459249526
76163,0.9795309385506259
76164,0.9795513973826593
76165,0.9795718357660849
76166,0.9795922537213412
76167,0.9796126512688461
76168,0.9796330284289972
76169,0.9796533852221717
76170,0.9796737216687262
76171,0.9796940377889973
76172,0.9797143336033012
76173,0.9797346091319336
76174,0.97975486439517
76175,0.9787755991633907
76176,0.9787968129573303
76177,0.9788180055480776
76178,0.9788391769568252
76179,0.9788603272047445
76180,0.9788814563129856
76181,0.9789025643026777
76182,0.978923651194929
76183,0.977945216760951
76184,0.9779672605223094
76185,0.9779892822509229
76186,0.978011281968813
76187,0.9780332596979796
76188,0.9780552154604004
76189,0.9780771492780312
76190,0.9780990611728059
76191,0.9781209511666361
76192,0.9781428192814121
76193,0.9781646655390019
76194,0.9781864899612518
76195,0.9782082925699862
76196,0.9782300733870077
76197,0.9782518324340972
76198,0.9782735697330136
76199,0.9782952853054944
76200,0.978316979173255
76201,0.9783386513579894
76202,0.9783603018813697
76203,0.9783819307650464
76204,0.9784035380306486
76205,0.9784251236997834
76206,0.9784466877940365
76207,0.978468230334972
76208,0.9784897513441324
76209,0.9785112508430388
76210,0.9785327288531906
76211,0.978554185396066
76212,0.9785756204931214
76213,0.9785970341657919
76214,0.9786184264354912
76215,0.9786397973236117
76216,0.9786611468515242
76217,0.9786824750405781
76218,0.9787037819121018
76219,0.9787250674874021
76220,0.9787463317877645
76221,0.9787675748344534
76222,0.9787887966487119
76223,0.9778104970018866
76224,0.9778326754156779
76225,0.9778548316621389
76226,0.9778769657634262
76227,0.9778990777416736
76228,0.9779211676189933
76229,0.9779432354174751
76230,0.9779652811591868
76231,0.9779873048661741
76232,0.9780093065604608
76233,0.9780312862640486
76234,0.9780532439989171
76235,0.9780751797870242
76236,0.9780970936503055
76237,0.978118985610675
76238,0.9781408556900246
76239,0.9781627039102245
76240,0.9781845302931228
76241,0.978206334860546
76242,0.9782281176342985
76243,0.9782498786361633
76244,0.9782716178879013
76245,0.9782933354112517
76246,0.9783150312279322
76247,0.9783367053596383
76248,0.9783583578280445
76249,0.978379988654803
76250,0.9774020976116699
76251,0.9774246842207537
76252,0.977447248254516
76253,0.977469789735521
76254,0.9774923086863101
76255,0.9775148051294023
76256,0.9775372790872939
76257,0.977559730582459
76258,0.9775821596373492
76259,0.9776045662743933
76260,0.9776269505159981
76261,0.9776493123845479
76262,0.9776716519024045
76263,0.9776939690919073
76264,0.9777162639753737
76265,0.9777385365750985
76266,0.9777607869133542
76267,0.9777830150123914
76268,0.977805220894438
76269,0.9778274045816999
76270,0.9778495660963609
76271,0.9778717054605824
76272,0.9778938226965039
76273,0.9779159178262425
76274,0.9769384906220184
76275,0.9769615406064042
76276,0.9769845675523248
76277,0.9770075714828071
76278,0.9770305524208553
76279,0.9770535103894502
76280,0.9770764454115497
76281,0.9770993575100889
76282,0.9771222467079799
76283,0.9771451130281118
76284,0.9771679564933511
76285,0.9771907771265411
76286,0.9772135749505027
76287,0.9772363499880334
76288,0.9772591022619085
76289,0.97728183179488
76290,0.9773045386096778
76291,0.9773272227290085
76292,0.9773498841755562
76293,0.9773725229719825
76294,0.977395139140926
76295,0.9774177327050031
76296,0.9774403036868072
76297,0.9774628521089094
76298,0.977485377993858
76299,0.977507881364179
76300,0.9775303622423757
76301,0.977552820650929
76302,0.9775752566122974
76303,0.9775976701489167
76304,0.9776200612832007
76305,0.9776424300375403
76306,0.9776647764343044
76307,0.9776871004958393
76308,0.9777094022444691
76309,0.9777316817024956
76310,0.9777539388921982
76311,0.9777761738358342
76312,0.9777983865556384
76313,0.9778205770738237
76314,0.9778427454125805
76315,0.9768653913442021
76316,0.9768885143913344
76317,0.9769116143269753
76318,0.9769346911742247
76319,0.9769577449561595
76320,0.9769807756958335
76321,0.9770037834162775
76322,0.977026768140499
76323,0.9770497298914831
76324,0.9770726686921912
76325,0.9770955845655623
76326,0.9771184775345123
76327,0.977141347621934
76328,0.9771641948506977
76329,0.9771870192436506
76330,0.977209820823617
76331,0.9772325996133985
76332,0.9772553556357739
76333,0.9772780889134993
76334,0.9773007994693079
76335,0.9773234873259103
76336,0.9773461525059944
76337,0.9773687950322253
76338,0.9773914149272456
76339,0.9774140122136751
76340,0.9774365869141112
76341,0.9774591390511286
76342,0.9774816686472794
76343,0.9775041757250932
76344,0.9775266603070771
76345,0.9775491224157158
76346,0.9775715620734712
76347,0.977593979302783
76348,0.9776163741260686
76349,0.9776387465657227
76350,0.9776610966441178
76351,0.977683424383604
76352,0.9777057298065089
76353,0.9777280129351381
76354,0.9777502737917747
76355,0.9777725123986795
76356,0.977794728778091
76357,0.9778169229522259
76358,0.9778390949432781
76359,0.9778612447734198
76360,0.9778833724648007
76361,0.9779054780395485
76362,0.9779275615197689
76363,0.9779496229275453
76364,0.977971662284939
76365,0.9779936796139895
76366,0.9780156749367142
76367,0.9780376482751082
76368,0.9780595996511451
76369,0.9780815290867761
76370,0.9781034366039308
76371,0.9781253222245166
76372,0.9781471859704192
76373,0.9781690278635022
76374,0.9781908479256077
76375,0.9782126461785556
76376,0.9782344226441443
76377,0.9782561773441502
76378,0.978277910300328
76379,0.9782996215344106
76380,0.9783213110681094
76381,0.9783429789231137
76382,0.9783646251210916
76383,0.9783862496836891
76384,0.978407852632531
76385,0.9784294339892202
76386,0.978450993775338
76387,0.9784725320124441
76388,0.9784940487220768
76389,0.9785155439257529
76390,0.9785370176449676
76391,0.9785584699011945
76392,0.978579900715886
76393,0.9786013101104728
76394,0.9786226981063644
76395,0.9786440647249487
76396,0.9786654099875924
76397,0.9786867339156409
76398,0.9787080365304178
76399,0.978729317853226
76400,0.9787505779053467
76401,0.97877181670804
76402,0.9787930342825447
76403,0.9788142306500784
76404,0.9788354058318375
76405,0.9788565598489971
76406,0.9788776927227113
76407,0.9788988044741129
76408,0.9789198951243138
76409,0.9789409646944044
76410,0.9789620132054545
76411,0.9789830406785125
76412,0.979004047134606
76413,0.9790250325947413
76414,0.9790459970799039
76415,0.9790669406110585
76416,0.9790878632091484
76417,0.9791087648950964
76418,0.9791296456898039
76419,0.9791505056141518
76420,0.9791713446890002
76421,0.9791921629351882
76422,0.9792129603735338
76423,0.9792337370248346
76424,0.9792544929098673
76425,0.9792752280493877
76426,0.979295942464131
76427,0.9793166361748115
76428,0.979337309202123
76429,0.9793579615667386
76430,0.9793785932893105
76431,0.9793992043904707
76432,0.97941979489083
76433,0.978440864561104
76434,0.9784624129223622
76435,0.9784839397460281
76436,0.9785054450536282
76437,0.9785269288666681
76438,0.9785483912066315
76439,0.9785698320949807
76440,0.9785912515531566
76441,0.9786126496025788
76442,0.9786340262646451
76443,0.9786553815607324
76444,0.9786767155121959
76445,0.9786980281403697
76446,0.9787193194665662
76447,0.9787405895120769
76448,0.9787618382981718
76449,0.9787830658460996
76450,0.9788042721770881
76451,0.9788254573123434
76452,0.9778471210231756
76453,0.9778692628312484
76454,0.9778913825085785
76455,0.9779134800772856
76456,0.9779355555594672
76457,0.9779576089771989
76458,0.976980140102659
76459,0.9770031484583784
76460,0.9770261338172406
76461,0.9770490962022308
76462,0.9770720356363115
76463,0.9770949521424221
76464,0.9771178457434792
76465,0.9771407164623762
76466,0.977163564321984
76467,0.9771863893451505
76468,0.9772091915547005
76469,0.9772319709734365
76470,0.9772547276241377
76471,0.9772774615295609
76472,0.9773001727124399
76473,0.9773228611954858
76474,0.9773455270013874
76475,0.9773681701528103
76476,0.9773907906723976
76477,0.97741338858277
76478,0.9774359639065254
76479,0.9774585166662391
76480,0.9774810468844637
76481,0.9775035545837296
76482,0.9775260397865445
76483,0.9775485025153935
76484,0.9775709427927394
76485,0.9775933606410225
76486,0.9776157560826607
76487,0.9776381291400493
76488,0.9776604798355615
76489,0.977682808191548
76490,0.977705114230337
76491,0.9777273979742347
76492,0.9777496594455248
76493,0.9777718986664689
76494,0.977794115659306
76495,0.9778163104462532
76496,0.9778384830495053
76497,0.9778606334912349
76498,0.9778827617935925
76499,0.9779048679787063
76500,0.9779269520686826
76501,0.9779490140856055
76502,0.977971054051537
76503,0.9779930719885169
76504,0.9780150679185634
76505,0.9780370418636722
76506,0.9780589938458175
76507,0.9780809238869511
76508,0.9781028320090032
76509,0.9781247182338817
76510,0.978146582583473
76511,0.9781684250796414
76512,0.9781902457442295
76513,0.9782120445990579
76514,0.9782338216659253
76515,0.978255576966609
76516,0.9782773105228643
76517,0.9782990223564246
76518,0.9783207124890019
76519,0.9783423809422862
76520,0.9783640277379461
76521,0.9783856528976282
76522,0.9784072564429579
76523,0.9784288383955386
76524,0.9784503987769524
76525,0.9784719376087595
76526,0.9784934549124988
76527,0.9785149507096877
76528,0.978536425021822
76529,0.978557877870376
76530,0.9785793092768024
76531,0.9786007192625327
76532,0.978622107848977
76533,0.9786434750575237
76534,0.9786648209095402
76535,0.9786861454263722
76536,0.9787074486293443
76537,0.9787287305397597
76538,0.9787499911789004
76539,0.978771230568027
76540,0.9787924487283788
76541,0.978813645681174
76542,0.9788348214476096
76543,0.9788559760488613
76544,0.9788771095060839
76545,0.9788982218404106
76546,0.978919313072954
76547,0.9789403832248051
76548,0.9789614323170343
76549,0.9789824603706904
76550,0.9780039671569266
76551,0.9780259521972495
76552,0.9770484150136441
76553,0.977071355128573
76554,0.9770942723148514
76555,0.9771171665953963
76556,0.977140037993102
76557,0.97716288653084
76558,0.9771857122314589
76559,0.9772085151177843
76560,0.9772312952126191
76561,0.9772540525387434
76562,0.9772767871189146
76563,0.9772994989758672
76564,0.9773221881323131
76565,0.9773448546109414
76566,0.9773674984344187
76567,0.9773901196253888
76568,0.9774127182064729
76569,0.9774352942002695
76570,0.9774578476293547
76571,0.9774803785162819
76572,0.977502886883582
76573,0.9775253727537633
76574,0.9775478361493117
76575,0.9775702770926907
76576,0.9775926956063412
76577,0.9776150917126817
76578,0.9776374654341082
76579,0.9776598167929946
76580,0.9776821458116923
76581,0.9777044525125302
76582,0.9777267369178151
76583,0.9777489990498313
76584,0.977771238930841
76585,0.977793456583084
76586,0.9778156520287781
76587,0.9778378252901186
76588,0.9778599763892789
76589,0.97788210534841
76590,0.977904212189641
76591,0.9779262969350786
76592,0.9779483596068077
76593,0.9779704002268909
76594,0.9779924188173688
76595,0.9780144154002599
76596,0.978036389997561
76597,0.9780583426312467
76598,0.9780802733232694
76599,0.97810218209556
76600,0.9781240689700272
76601,0.978145933968558
76602,0.9781677771130172
76603,0.978189598425248
76604,0.9782113979270718
76605,0.9772336753904131
76606,0.977256430337549
76607,0.9772791625411097
76608,0.9773018720238272
76609,0.9773245588084111
76610,0.977347222917548
76611,0.9773698643739023
76612,0.9773924832001153
76613,0.9774150794188058
76614,0.9774376530525701
76615,0.9774602041239818
76616,0.977482732655592
76617,0.9775052386699293
76618,0.9775277221894996
76619,0.9775501832367864
76620,0.977572621834251
76621,0.9775950380043317
76622,0.9776174317694448
76623,0.9776398031519841
76624,0.977662152174321
76625,0.9776844788588044
76626,0.9777067832277611
76627,0.9777290653034955
76628,0.9777513251082895
76629,0.9777735626644032
76630,0.9777957779940739
76631,0.9778179711195171
76632,0.9778401420629258
76633,0.9778622908464711
76634,0.9778844174923017
76635,0.9769070217726692
76636,0.9769301032101778
76637,0.9769531615777838
76638,0.9769761968985456
76639,0.9769992091954987
76640,0.9770221984916551
76641,0.9770451648100043
76642,0.9770681081735125
76643,0.9770910286051232
76644,0.9771139261277567
76645,0.9771368007643106
76646,0.9771596525376597
76647,0.9771824814706556
76648,0.9772052875861271
76649,0.9772280709068806
76650,0.9772508314556992
76651,0.9772735692553437
76652,0.9772962843285518
76653,0.9773189766980385
76654,0.9773416463864962
76655,0.9773642934165947
76656,0.9773869178109809
76657,0.9774095195922792
76658,0.9774320987830915
76659,0.9774546554059969
76660,0.9774771894835521
76661,0.9774997010382912
76662,0.9775221900927257
76663,0.9775446566693446
76664,0.9775671007906147
76665,0.9775895224789799
76666,0.977611921756862
76667,0.9776342986466602
76668,0.9776566531707515
76669,0.9776789853514903
76670,0.977701295211209
76671,0.9777235827722173
76672,0.9777458480568028
76673,0.9777680910872307
76674,0.9777903118857443
76675,0.9778125104745641
76676,0.9778346868758888
76677,0.977856841111895
76678,0.9778789732047366
76679,0.977901083176546
76680,0.977923171049433
76681,0.9779452368454856
76682,0.9779672805867695
76683,0.9779893022953284
76684,0.9780113019931842
76685,0.9780332797023364
76686,0.9780552354447629
76687,0.9780771692424193
76688,0.9780990811172394
76689,0.9781209710911353
76690,0.9781428391859968
76691,0.978164685423692
76692,0.978186509826067
76693,0.9782083124149465
76694,0.9782300932121331
76695,0.9782518522394072
76696,0.9782735895185283
76697,0.9782953050712334
76698,0.9783169989192382
76699,0.9783386710842364
76700,0.9783603215879004
76701,0.9783819504518806
76702,0.9784035576978057
76703,0.9784251433472831
76704,0.9784467074218985
76705,0.978468249943216
76706,0.978489770932778
76707,0.9785112704121055
76708,0.9785327484026981
76709,0.9785542049260337
76710,0.9785756400035689
76711,0.9785970536567388
76712,0.9786184459069569
76713,0.9786398167756156
76714,0.9786611662840857
76715,0.9786824944537168
76716,0.978703801305837
76717,0.9787250868617532
76718,0.978746351142751
76719,0.9787675941700946
76720,0.9787888159650271
76721,0.9788100165487702
76722,0.9788311959425245
76723,0.9788523541674695
76724,0.9788734912447634
76725,0.9788946071955432
76726,0.978915702040925
76727,0.9789367758020036
76728,0.9789578284998526
76729,0.9789788601555249
76730,0.9789998707900521
76731,0.9790208604244449
76732,0.9790418290796928
76733,0.9790627767767646
76734,0.9790837035366079
76735,0.9791046093801495
76736,0.9791254943282953
76737,0.9791463584019302
76738,0.9791672016219183
76739,0.9791880240091028
76740,0.9792088255843061
76741,0.9792296063683298
76742,0.9792503663819546
76743,0.9792711056459407
76744,0.9792918241810272
76745,0.9793125220079327
76746,0.9793331991473551
76747,0.9793538556199713
76748,0.9793744914464382
76749,0.9793951066473913
76750,0.9784162009935709
76751,0.978437774006071
76752,0.9784593254563398
76753,0.9784808553659287
76754,0.9785023637563676
76755,0.9785238506491648
76756,0.9785453160658073
76757,0.9785667600277606
76758,0.9775886823065933
76759,0.9776110824242279
76760,0.9776334601529393
76761,0.9776558155151053
76762,0.9776781485330812
76763,0.9777004592292001
76764,0.9777227476257726
76765,0.9777450137450872
76766,0.9777672576094099
76767,0.9777894792409847
76768,0.9778116786620332
76769,0.9778338558947548
76770,0.9778560109613268
76771,0.9778781438839041
76772,0.9779002546846199
76773,0.9779223433855848
76774,0.9779444100088875
76775,0.9779664545765948
76776,0.976988976860876
76777,0.9770119763842535
76778,0.9770349529196016
76779,0.9770579064898969
76780,0.9770808371180929
76781,0.9771037448271203
76782,0.9771266296398867
76783,0.9771494915792771
76784,0.9771723306681533
76785,0.9771951469293546
76786,0.9772179403856971
76787,0.9772407110599742
76788,0.9772634589749568
76789,0.9772861841533926
76790,0.977308886618007
76791,0.9773315663915022
76792,0.9773542234965582
76793,0.977376857955832
76794,0.977399469791958
76795,0.9774220590275483
76796,0.977444625685192
76797,0.9774671697874556
76798,0.9774896913568835
76799,0.977512190415997
76800,0.9765351667374204
76801,0.9765586198441296
76802,0.9765820495094528
76803,0.9766054557568197
76804,0.9766288386096365
76805,0.976652198091286
76806,0.9766755342251278
76807,0.9766988470344979
76808,0.9767221365427093
76809,0.9767454027730514
76810,0.9767686457487905
76811,0.9767918654931695
76812,0.9768150620294083
76813,0.9768382353807032
76814,0.9768613855702277
76815,0.9768845126211321
76816,0.9769076165565432
76817,0.9769306973995652
76818,0.9769537551732788
76819,0.9769767899007418
76820,0.9769998016049889
76821,0.9770227903090318
76822,0.9770457560358594
76823,0.9770686988084373
76824,0.9770916186497082
76825,0.977114515582592
76826,0.9771373896299858
76827,0.9771602408147634
76828,0.9771830691597762
76829,0.9772058746878524
76830,0.9772286574217975
76831,0.9772514173843945
76832,0.977274154598403
76833,0.9772968690865605
76834,0.9773195608715814
76835,0.9773422299761576
76836,0.977364876422958
76837,0.9773875002346292
76838,0.9774101014337949
76839,0.9774326800430565
76840,0.9774552360849925
76841,0.9774777695821589
76842,0.9775002805570893
76843,0.9775227690322946
76844,0.9765457347803883
76845,0.9765691773243359
76846,0.976592596437455
76847,0.9766159921431646
76848,0.9766393644648607
76849,0.9766627134259153
76850,0.9766860390496774
76851,0.9767093413594728
76852,0.9767326203786038
76853,0.9767558761303493
76854,0.9767791086379651
76855,0.9768023179246839
76856,0.9768255040137147
76857,0.9768486669282437
76858,0.9768718066914338
76859,0.9768949233264249
76860,0.9769180168563335
76861,0.9769410873042532
76862,0.9769641346932545
76863,0.9769871590463847
76864,0.9770101603866681
76865,0.9770331387371062
76866,0.9770560941206773
76867,0.9770790265603367
76868,0.9771019360790171
76869,0.9771248226996277
76870,0.9771476864450555
76871,0.9771705273381639
76872,0.9771933454017939
76873,0.9772161406587636
76874,0.9772389131318683
76875,0.9772616628438804
76876,0.9772843898175496
76877,0.977307094075603
76878,0.9773297756407449
76879,0.9773524345356567
76880,0.9773750707829973
76881,0.9773976844054032
76882,0.9764207751756127
76883,0.9764443426167165
76884,0.9764678865021571
76885,0.9764914068554783
76886,0.9765149037002004
76887,0.9755388768099453
76888,0.975563325708686
76889,0.9755877501707463
76890,0.9756121502205506
76891,0.975636525882499
76892,0.9756608771809673
76893,0.9756852041403067
76894,0.9757095067848441
76895,0.9757337851388823
76896,0.9757580392266996
76897,0.97578226907255
76898,0.9758064747006633
76899,0.9758306561352453
76900,0.9758548134004774
76901,0.9758789465205169
76902,0.9759030555194969
76903,0.9759271404215264
76904,0.9759512012506902
76905,0.9759752380310494
76906,0.9759992507866405
76907,0.9760232395414764
76908,0.976047204319546
76909,0.9760711451448137
76910,0.9760950620412208
76911,0.9761189550326838
76912,0.9761428241430958
76913,0.9761666693963261
76914,0.9761904908162199
76915,0.9762142884265985
76916,0.9762380622512596
76917,0.976261812313977
76918,0.9762855386385008
76919,0.9753097409986822
76920,0.9753344189187235
76921,0.9753590721731775
76922,0.9753837007866976
76923,0.9754083047839123
76924,0.9754328841894256
76925,0.975457439027817
76926,0.9754819693236413
76927,0.9755064751014287
76928,0.9755309563856852
76929,0.9755554132008919
76930,0.9755798455715057
76931,0.9756042535219589
76932,0.9756286370766596
76933,0.9756529962599912
76934,0.975677331096313
76935,0.9757016416099599
76936,0.9757259278252423
76937,0.9757501897664465
76938,0.9757744274578343
76939,0.9757986409236435
76940,0.9758228301880877
76941,0.975846995275356
76942,0.9758711362096135
76943,0.9758952530150012
76944,0.9759193457156359
76945,0.9759434143356103
76946,0.975967458898993
76947,0.9759914794298286
76948,0.9760154759521376
76949,0.9760394484899165
76950,0.976063397067138
76951,0.9760873217077505
76952,0.9761112224356787
76953,0.9761350992748234
76954,0.9761589522490615
76955,0.9751832811323707
76956,0.97520808544908
76957,0.9752328649738685
76958,0.9752576197315158
76959,0.9752823497467766
76960,0.9753070550443811
76961,0.9753317356490344
76962,0.9753563915854172
76963,0.9753810228781854
76964,0.9744061293020952
76965,0.9744317103822531
76966,0.9744572658941149
76967,0.9744827958632362
76968,0.974508300315147
76969,0.9745337792753518
76970,0.9745592327693294
76971,0.9745846608225335
76972,0.974610063460392
76973,0.9746354407083077
76974,0.9746607925916577
76975,0.974686119135794
76976,0.9747114203660431
76977,0.9747366963077062
76978,0.9747619469860593
76979,0.9747871724263532
76980,0.974812372653813
76981,0.9748375476936393
76982,0.974862697571007
76983,0.974887822311066
76984,0.974912921938941
76985,0.9749379964797317
76986,0.9749630459585126
76987,0.9749880704003332
76988,0.975013069830218
76989,0.9750380442731663
76990,0.9750629937541526
76991,0.9750879182981265
76992,0.9751128179300124
76993,0.97513769267471
76994,0.975162542557094
76995,0.9751873676020144
76996,0.9752121678342962
76997,0.9752369432787397
76998,0.9752616939601202
76999,0.9752864199031885
77000,0.9753111211326706
77001,0.9753357976732676
77002,0.9753604495496562
77003,0.9753850767864881
77004,0.9754096794083906
77005,0.9754342574399665
77006,0.9754588109057936
77007,0.9754833398304255
77008,0.9755078442383911
77009,0.9755323241541948
77010,0.9755567796023166
77011,0.9755812106072118
77012,0.9756056171933115
77013,0.9756299993850224
77014,0.9756543572067266
77015,0.9756786906827818
77016,0.9757029998375216
77017,0.9757272846952553
77018,0.9757515452802675
77019,0.975775781616819
77020,0.975799993729146
77021,0.9758241816414608
77022,0.9758483453779511
77023,0.9758724849627807
77024,0.9758966004200892
77025,0.9759206917739921
77026,0.9759447590485808
77027,0.9759688022679226
77028,0.9759928214560606
77029,0.976016816637014
77030,0.9760407878347781
77031,0.976064735073324
77032,0.9760886583765991
77033,0.9761125577685266
77034,0.9761364332730058
77035,0.9761602849139124
77036,0.9761841127150979
77037,0.9762079167003901
77038,0.9762316968935931
77039,0.9762554533184871
77040,0.9762791859988285
77041,0.9763028949583499
77042,0.9763265802207604
77043,0.9763502418097451
77044,0.9763738797489657
77045,0.9763974940620602
77046,0.9764210847726429
77047,0.9764446519043044
77048,0.9764681954806119
77049,0.976491715525109
77050,0.9765152120613159
77051,0.9765386851127288
77052,0.976562134702821
77053,0.9765855608550421
77054,0.9766089635928182
77055,0.976632342939552
77056,0.9766556989186229
77057,0.9766790315533869
77058,0.9767023408671766
77059,0.9767256268833013
77060,0.9767488896250471
77061,0.9767721291156768
77062,0.9767953453784297
77063,0.9768185384365222
77064,0.9768417083131474
77065,0.9768648550314751
77066,0.976887978614652
77067,0.9769110790858018
77068,0.9769341564680248
77069,0.9769572107843987
77070,0.9769802420579775
77071,0.9770032503117926
77072,0.9770262355688523
77073,0.9770491978521417
77074,0.9770721371846234
77075,0.9770950535892364
77076,0.9771179470888973
77077,0.9771408177064996
77078,0.977163665464914
77079,0.977186490386988
77080,0.9772092924955468
77081,0.9772320718133923
77082,0.977254828363304
77083,0.9762780619181632
77084,0.9763017720012036
77085,0.97632545838601
77086,0.9763491210962689
77087,0.976372760155643
77088,0.9763963755877713
77089,0.9764199674162692
77090,0.9764435356647287
77091,0.976467080356718
77092,0.9764906015157818
77093,0.9765140991654412
77094,0.9765375733291939
77095,0.976561024030514
77096,0.9765844512928523
77097,0.9766078551396361
77098,0.9766312355942691
77099,0.9766545926801319
77100,0.9766779264205815
77101,0.9767012368389517
77102,0.9767245239585529
77103,0.9767477878026724
77104,0.9767710283945737
77105,0.9767942457574977
77106,0.9768174399146616
77107,0.9768406108892597
77108,0.9768637587044628
77109,0.9768868833834189
77110,0.9769099849492525
77111,0.9769330634250654
77112,0.9769561188339358
77113,0.9769791511989194
77114,0.9770021605430484
77115,0.9770251468893323
77116,0.9770481102607572
77117,0.9770710506802867
77118,0.9770939681708611
77119,0.977116862755398
77120,0.9771397344567919
77121,0.9771625832979146
77122,0.9771854093016148
77123,0.9772082124907187
77124,0.9772309928880293
77125,0.9772537505163271
77126,0.9772764853983698
77127,0.9772991975568921
77128,0.9773218870146063
77129,0.9773445537942019
77130,0.9773671979183457
77131,0.9773898194096817
77132,0.9774124182908315
77133,0.9774349945843939
77134,0.9774575483129452
77135,0.9774800794990391
77136,0.9775025881652071
77137,0.9775250743339575
77138,0.9775475380277766
77139,0.9775699792691281
77140,0.9775923980804534
77141,0.9776147944841711
77142,0.9776371685026777
77143,0.9776595201583471
77144,0.9776818494735312
77145,0.9777041564705592
77146,0.977726441171738
77147,0.9777487035993525
77148,0.977770943775665
77149,0.9777931617229156
77150,0.9778153574633225
77151,0.9778375310190813
77152,0.9778596824123656
77153,0.9778818116653268
77154,0.9779039188000941
77155,0.9779260038387747
77156,0.9779480668034536
77157,0.9779701077161937
77158,0.9779921265990361
77159,0.9780141234739996
77160,0.9780360983630811
77161,0.9780580512882555
77162,0.9780799822714756
77163,0.9781018913346725
77164,0.9781237784997553
77165,0.9781456437886111
77166,0.9781674872231053
77167,0.9781893088250813
77168,0.9782111086163605
77169,0.978232886618743
77170,0.9782546428540065
77171,0.9782763773439076
77172,0.9782980901101805
77173,0.9783197811745382
77174,0.9783414505586716
77175,0.9783630982842502
77176,0.9783847243729216
77177,0.978406328846312
77178,0.9784279117260258
77179,0.978449473033646
77180,0.9784710127907339
77181,0.9784925310188292
77182,0.9785140277394501
77183,0.9785355029740933
77184,0.9785569567442342
77185,0.9785783890713263
77186,0.9785997999768022
77187,0.9786211894820728
77188,0.9786425576085275
77189,0.9776644041276594
77190,0.9776867285613149
77191,0.9777090306816933
77192,0.977731310511097
77193,0.9777535680718055
77194,0.9777758033860765
77195,0.9777980164761454
77196,0.9778202073642253
77197,0.9778423760725069
77198,0.977864522623159
77199,0.9778866470383283
77200,0.977908749340139
77201,0.9779308295506937
77202,0.9779528876920722
77203,0.9769754235364579
77204,0.9769984366063865
77205,0.977021426674746
77206,0.9770443937645263
77207,0.9770673378986947
77208,0.9770902591001953
77209,0.9771131573919493
77210,0.9771360327968549
77211,0.9771588853377876
77212,0.9771817150375999
77213,0.9772045219191215
77214,0.9772273060051594
77215,0.9772500673184976
77216,0.9772728058818975
77217,0.9772955217180974
77218,0.9773182148498134
77219,0.9773408852997386
77220,0.9773635330905435
77221,0.9773861582448757
77222,0.9774087607853607
77223,0.9774313407346007
77224,0.9774538981151758
77225,0.9774764329496434
77226,0.9774989452605383
77227,0.9775214350703728
77228,0.9775439024016368
77229,0.9775663472767976
77230,0.9775887697183
77231,0.9776111697485665
77232,0.9766340471401223
77233,0.9766574014158442
77234,0.9766807323489618
77235,0.976704039962806
77236,0.9767273242806842
77237,0.9767505853258809
77238,0.9767738231216571
77239,0.9767970376912506
77240,0.976820229057876
77241,0.9768433972447247
77242,0.9768665422749648
77243,0.9768896641717415
77244,0.9769127629581765
77245,0.9759363384074937
77246,0.9759603900432683
77247,0.9759844176394269
77248,0.9760084212199972
77249,0.9760324008089827
77250,0.975056856180488
77251,0.9750817868589683
77252,0.9751066926192292
77253,0.9751315734861765
77254,0.9751564294846911
77255,0.9751812606396288
77256,0.9752060669758211
77257,0.9752308485180742
77258,0.9752556052911695
77259,0.975280337319864
77260,0.9753050446288896
77261,0.9753297272429536
77262,0.9753543851867388
77263,0.9753790184849029
77264,0.9754036271620794
77265,0.9754282112428769
77266,0.9754527707518795
77267,0.9754773057136468
77268,0.9745023159028385
77269,0.9745278008444649
77270,0.9745532603138857
77271,0.9745786943365604
77272,0.9746041029379232
77273,0.9746294861433825
77274,0.9746548439783217
77275,0.9746801764680985
77276,0.9747054836380454
77277,0.9747307655134697
77278,0.9747560221196532
77279,0.9747812534818524
77280,0.9748064596252989
77281,0.9748316405751987
77282,0.9748567963567327
77283,0.9748819269950568
77284,0.9749070325153016
77285,0.9749321129425728
77286,0.9749571683019504
77287,0.9749821986184902
77288,0.9750072039172224
77289,0.9750321842231522
77290,0.9740576393113849
77291,0.9740835687073756
77292,0.9741094721869284
77293,0.974135349775947
77294,0.9731617012504338
77295,0.9731885261367402
77296,0.9732153242115661
77297,0.9732420955017095
77298,0.9732688400339417
77299,0.9732955578350072
77300,0.9733222489316239
77301,0.9733489133504828
77302,0.9733755511182485
77303,0.9734021622615586
77304,0.9734287468070243
77305,0.9734553047812302
77306,0.9734818362107343
77307,0.9735083411220679
77308,0.9735348195417359
77309,0.973561271496217
77310,0.9735876970119629
77311,0.9736140961153992
77312,0.973640468832925
77313,0.973666815190913
77314,0.9736931352157097
77315,0.973719428933635
77316,0.9737456963709826
77317,0.9737719375540201
77318,0.9737981525089886
77319,0.973824341262103
77320,0.9738505038395522
77321,0.9738766402674986
77322,0.9739027505720789
77323,0.9739288347794032
77324,0.9739548929155557
77325,0.9739809250065946
77326,0.9740069310785521
77327,0.9740329111574341
77328,0.9740588652692207
77329,0.9740847934398662
77330,0.9741106956952986
77331,0.9741365720614202
77332,0.9741624225641075
77333,0.9741882472292108
77334,0.9742140460825549
77335,0.9742398191499386
77336,0.9742655664571351
77337,0.9742912880298916
77338,0.9743169838939297
77339,0.9743426540749452
77340,0.9743682985986085
77341,0.9743939174905639
77342,0.9744195107764304
77343,0.9744450784818013
77344,0.9744706206322442
77345,0.9744961372533014
77346,0.9745216283704895
77347,0.9745470940092996
77348,0.9745725341951974
77349,0.974597948953623
77350,0.9746233383099911
77351,0.9746487022896914
77352,0.9746740409180875
77353,0.9746993542205182
77354,0.9747246422222968
77355,0.9747499049487113
77356,0.9747751424250244
77357,0.9748003546764736
77358,0.9748255417282713
77359,0.9748507036056043
77360,0.9748758403336347
77361,0.9749009519374991
77362,0.9749260384423093
77363,0.9749510998731515
77364,0.9749761362550874
77365,0.9750011476131533
77366,0.9750261339723605
77367,0.9750510953576954
77368,0.9750760317941195
77369,0.9751009433065692
77370,0.9751258299199559
77371,0.9751506916591663
77372,0.9751755285490622
77373,0.9752003406144805
77374,0.9752251278802331
77375,0.9752498903711074
77376,0.9752746281118659
77377,0.9752993411272464
77378,0.9753240294419617
77379,0.9753486930807004
77380,0.9753733320681259
77381,0.9753979464288774
77382,0.9754225361875692
77383,0.9754471013687911
77384,0.9754716419971081
77385,0.975496158097061
77386,0.9755206496931659
77387,0.9755451168099143
77388,0.9755695594717735
77389,0.975593977703186
77390,0.9756183715285701
77391,0.9756427409723196
77392,0.975667086058804
77393,0.9756914068123684
77394,0.9757157032573336
77395,0.975739975417996
77396,0.9757642233186277
77397,0.9757884469834767
77398,0.9758126464367666
77399,0.9758368217026968
77400,0.9758609728054427
77401,0.9758850997691554
77402,0.9759092026179619
77403,0.9759332813759649
77404,0.9759573360672433
77405,0.9759813667158518
77406,0.9760053733458209
77407,0.9760293559811575
77408,0.976053314645844
77409,0.9760772493638391
77410,0.9761011601590777
77411,0.9761250470554704
77412,0.9761489100769043
77413,0.9761727492472422
77414,0.9761965645903234
77415,0.9762203561299633
77416,0.9762441238899533
77417,0.9762678678940613
77418,0.9762915881660312
77419,0.9763152847295834
77420,0.9763389576084144
77421,0.976362606826197
77422,0.9763862324065806
77423,0.9764098343731907
77424,0.9764334127496294
77425,0.9764569675594748
77426,0.9764804988262819
77427,0.9765040065735819
77428,0.9765274908248827
77429,0.9765509516036683
77430,0.9765743889333998
77431,0.9765978028375143
77432,0.9766211933394259
77433,0.9766445604625249
77434,0.9766679042301786
77435,0.9766912246657307
77436,0.9767145217925015
77437,0.9767377956337884
77438,0.9767610462128651
77439,0.9767842735529821
77440,0.976807477677367
77441,0.9768306586092237
77442,0.9768538163717332
77443,0.9768769509880533
77444,0.9769000624813186
77445,0.9769231508746405
77446,0.9769462161911077
77447,0.9769692584537852
77448,0.9769922776857155
77449,0.9770152739099177
77450,0.977038247149388
77451,0.9770611974270997
77452,0.9770841247660031
77453,0.9771070291890256
77454,0.9771299107190715
77455,0.9771527693790225
77456,0.9771756051917372
77457,0.9771984181800513
77458,0.9772212083667778
77459,0.9772439757747071
77460,0.9772667204266065
77461,0.9772894423452205
77462,0.9773121415532713
77463,0.9773348180734579
77464,0.9773574719284569
77465,0.9773801031409222
77466,0.9774027117334849
77467,0.9774252977287538
77468,0.9774478611493147
77469,0.9774704020177312
77470,0.977492920356544
77471,0.9775154161882716
77472,0.9775378895354098
77473,0.9775603404204318
77474,0.9775827688657888
77475,0.977605174893909
77476,0.9776275585271984
77477,0.9776499197880408
77478,0.9776722586987974
77479,0.977694575281807
77480,0.9777168695593864
77481,0.9777391415538298
77482,0.9777613912874091
77483,0.9777836187823742
77484,0.9778058240609525
77485,0.9778280071453493
77486,0.9778501680577478
77487,0.9778723068203088
77488,0.9778944234551711
77489,0.9779165179844512
77490,0.9779385904302439
77491,0.9779606408146214
77492,0.9779826691596343
77493,0.9780046754873108
77494,0.9780266598196574
77495,0.9780486221786583
77496,0.9780705625862758
77497,0.9780924810644505
77498,0.9781143776351007
77499,0.978136252320123
77500,0.9781581051413922
77501,0.9781799361207612
77502,0.9782017452800608
77503,0.9782235326411002
77504,0.9782452982256667
77505,0.9782670420555262
77506,0.9782887641524222
77507,0.9783104645380769
77508,0.9783321432341908
77509,0.9783538002624425
77510,0.978375435644489
77511,0.9783970494019658
77512,0.9784186415564866
77513,0.9784402121296435
77514,0.9784617611430072
77515,0.9784832886181266
77516,0.9785047945765293
77517,0.9785262790397211
77518,0.9785477420291867
77519,0.9785691835663889
77520,0.9785906036727693
77521,0.978612002369748
77522,0.9786333796787238
77523,0.9786547356210739
77524,0.9786760702181543
77525,0.9786973834912995
77526,0.978718675461823
77527,0.9787399461510166
77528,0.978761195580151
77529,0.9787824237704756
77530,0.9788036307432187
77531,0.9788248165195873
77532,0.9788459811207672
77533,0.9788671245679228
77534,0.9788882468821978
77535,0.9789093480847143
77536,0.9789304281965736
77537,0.9789514872388559
77538,0.9779730249827452
77539,0.977995040949779
77540,0.9780170349118481
77541,0.9780390068909467
77542,0.9780609569090467
77543,0.9780828849880981
77544,0.9781047911500291
77545,0.9781266754167457
77546,0.9781485378101322
77547,0.9781703783520511
77548,0.9781921970643429
77549,0.9782139939688264
77550,0.9782357690872983
77551,0.9782575224415339
77552,0.9782792540532864
77553,0.9783009639442877
77554,0.9783226521362474
77555,0.9783443186508538
77556,0.9783659635097735
77557,0.9783875867346512
77558,0.9784091883471103
77559,0.9784307683687524
77560,0.9784523268211575
77561,0.978473863725884
77562,0.9784953791044688
77563,0.9785168729784274
77564,0.9785383453692535
77565,0.9785597962984197
77566,0.9785812257873768
77567,0.9786026338575544
77568,0.9786240205303605
77569,0.9786453858271816
77570,0.9786667297693834
77571,0.9786880523783096
77572,0.9787093536752828
77573,0.9787306336816043
77574,0.9787518924185542
77575,0.9787731299073912
77576,0.9787943461693528
77577,0.9788155412256553
77578,0.9788367150974937
77579,0.9788578678060419
77580,0.9788789993724526
77581,0.9789001098178575
77582,0.9789211991633668
77583,0.9789422674300701
77584,0.9789633146390355
77585,0.9789843408113104
77586,0.9790053459679208
77587,0.9790263301298718
77588,0.9790472933181478
77589,0.9790682355537118
77590,0.9790891568575062
77591,0.9791100572504522
77592,0.9791309367534502
77593,0.9791517953873797
77594,0.9791726331730994
77595,0.9791934501314472
77596,0.9792142462832398
77597,0.9792350216492736
77598,0.9792557762503238
77599,0.979276510107145
77600,0.9792972232404712
77601,0.9793179156710154
77602,0.9793385874194702
77603,0.9793592385065072
77604,0.9793798689527775
77605,0.9794004787789117
77606,0.9794210680055194
77607,0.9794416366531901
77608,0.9794621847424922
77609,0.979482712293974
77610,0.9795032193281629
77611,0.979523705865566
77612,0.9795441719266699
77613,0.9795646175319406
77614,0.9795850427018237
77615,0.9796054474567444
77616,0.9796258318171075
77617,0.9796461958032973
77618,0.9796665394356777
77619,0.9796868627345926
77620,0.9797071657203651
77621,0.9797274484132983
77622,0.9797477108336748
77623,0.9797679530017571
77624,0.9797881749377874
77625,0.9798083766619875
77626,0.9798285581945593
77627,0.9798487195556842
77628,0.9798688607655236
77629,0.9798889818442187
77630,0.9799090828118906
77631,0.9799291636886404
77632,0.9799492244945488
77633,0.9799692652496766
77634,0.9799892859740648
77635,0.9800092866877339
77636,0.9800292674106847
77637,0.980049228162898
77638,0.9800691689643344
77639,0.9800890898349347
77640,0.9801089907946199
77641,0.9801288718632909
77642,0.9801487330608288
77643,0.9801685744070949
77644,0.9801883959219304
77645,0.9802081976251569
77646,0.980227979536576
77647,0.9802477416759697
77648,0.9802674840631002
77649,0.9802872067177097
77650,0.9803069096595212
77651,0.9803265929082373
77652,0.9803462564835415
77653,0.9803659004050972
77654,0.9803855246925484
77655,0.9804051293655194
77656,0.9804247144436148
77657,0.9804442799464198
77658,0.9804638258934999
77659,0.980483352304401
77660,0.9805028591986494
77661,0.9805223465957522
77662,0.9805418145151967
77663,0.9805612629764509
77664,0.9805806919989631
77665,0.9806001016021626
77666,0.9806194918054588
77667,0.980638862628242
77668,0.9806582140898829
77669,0.980677546209733
77670,0.9806968590071246
77671,0.9807161525013703
77672,0.9807354267117637
77673,0.9807546816575791
77674,0.9807739173580713
77675,0.980793133832476
77676,0.9808123311000098
77677,0.9808315091798698
77678,0.9808506680912343
77679,0.980869807853262
77680,0.9808889284850929
77681,0.9809080300058475
77682,0.9809271124346273
77683,0.9809461757905147
77684,0.9809652200925731
77685,0.980984245359847
77686,0.9810032516113614
77687,0.9810222388661226
77688,0.981041207143118
77689,0.9810601564613158
77690,0.9810790868396654
77691,0.981097998297097
77692,0.9811168908525222
77693,0.9811357645248335
77694,0.9811546193329047
77695,0.9811734552955904
77696,0.9811922724317268
77697,0.9812110707601309
77698,0.9812298502996011
77699,0.9812486110689168
77700,0.9812673530868389
77701,0.9812860763721094
77702,0.9813047809434516
77703,0.9813234668195702
77704,0.9813421340191508
77705,0.9803612823109857
77706,0.9803809112142231
77707,0.9804005204983668
77708,0.9804201101830261
77709,0.9804396802877907
77710,0.9804592308322307
77711,0.9804787618358967
77712,0.9804982733183195
77713,0.9805177652990108
77714,0.9805372377974626
77715,0.9805566908331473
77716,0.980576124425518
77717,0.9805955385940083
77718,0.9806149333580323
77719,0.9806343087369848
77720,0.9806536647502412
77721,0.9806730014171575
77722,0.9806923187570704
77723,0.9807116167892972
77724,0.980730895533136
77725,0.9807501550078654
77726,0.9807693952327451
77727,0.9807886162270152
77728,0.9808078180098967
77729,0.9808270006005915
77730,0.9808461640182821
77731,0.9808653082821318
77732,0.9808844334112851
77733,0.980903539424867
77734,0.9809226263419836
77735,0.9809416941817217
77736,0.9809607429631493
77737,0.980979772705315
77738,0.9809987834272487
77739,0.9810177751479611
77740,0.9810367478864439
77741,0.9810557016616699
77742,0.9810746364925927
77743,0.9810935523981473
77744,0.9811124493972496
77745,0.9811313275087966
77746,0.9811501867516664
77747,0.9811690271447182
77748,0.9811878487067924
77749,0.9812066514567107
77750,0.9812254354132757
77751,0.9812442005952714
77752,0.981262947021463
77753,0.981281674710597
77754,0.981300383681401
77755,0.981319073952584
77756,0.9813377455428363
77757,0.9813563984708294
77758,0.9813750327552164
77759,0.9813936484146315
77760,0.9814122454676903
77761,0.98143082393299
77762,0.981449383829109
77763,0.9814679251746071
77764,0.9814864479880258
77765,0.9815049522878878
77766,0.9815234380926975
77767,0.9815419054209407
77768,0.9815603542910847
77769,0.9815787847215783
77770,0.9815971967308521
77771,0.981615590337318
77772,0.9816339655593697
77773,0.9816523224153823
77774,0.9816706609237127
77775,0.9816889811026995
77776,0.9817072829706629
77777,0.9817255665459046
77778,0.9817438318467083
77779,0.9817620788913393
77780,0.9817803076980446
77781,0.981798518285053
77782,0.9818167106705752
77783,0.9818348848728035
77784,0.9818530409099121
77785,0.9818711788000571
77786,0.9818892985613764
77787,0.9819074002119897
77788,0.9819254837699988
77789,0.981943549253487
77790,0.9819615966805201
77791,0.9819796260691452
77792,0.981997637437392
77793,0.9820156308032717
77794,0.9820336061847776
77795,0.9820515635998853
77796,0.982069503066552
77797,0.9820874246027174
77798,0.9821053282263028
77799,0.9821232139552121
77800,0.9821410818073308
77801,0.9821589318005269
77802,0.9821767639526503
77803,0.9821945782815332
77804,0.98221237480499
77805,0.9822301535408171
77806,0.9822479145067933
77807,0.9822656577206795
77808,0.9822833832002191
77809,0.9823010909631374
77810,0.9823187810271423
77811,0.9823364534099238
77812,0.9823541081291542
77813,0.9823717452024884
77814,0.9823893646475633
77815,0.9824069664819985
77816,0.9824245507233959
77817,0.9824421173893395
77818,0.9824596664973961
77819,0.9824771980651149
77820,0.9824947121100274
77821,0.9825122086496475
77822,0.982529687701472
77823,0.9825471492829797
77824,0.9815650931617573
77825,0.9815835188557486
77826,0.981601926133254
77827,0.9816203150126811
77828,0.9816386855124185
77829,0.9816570376508369
77830,0.9816753714462884
77831,0.9816936869171067
77832,0.9817119840816073
77833,0.9807307627082125
77834,0.9807500223157005
77835,0.9807692626732061
77836,0.9807884837999695
77837,0.9808076857152119
77838,0.9808268684381353
77839,0.9808460319879222
77840,0.9808651763837364
77841,0.9808843016447222
77842,0.9809034077900048
77843,0.9809224948386905
77844,0.9809415628098662
77845,0.9809606117226
77846,0.9809796415959406
77847,0.9809986524489183
77848,0.9810176443005435
77849,0.9810366171698083
77850,0.9810555710756855
77851,0.9810745060371291
77852,0.981093422073074
77853,0.9811123192024362
77854,0.9811311974441129
77855,0.9811500568169824
77856,0.981168897339904
77857,0.9811877190317182
77858,0.9812065219112467
77859,0.9812253059972924
77860,0.9812440713086394
77861,0.9812628178640531
77862,0.98128154568228
77863,0.9813002547820479
77864,0.9813189451820657
77865,0.9813376169010242
77866,0.9813562699575948
77867,0.9813749043704308
77868,0.9813935201581665
77869,0.9814121173394177
77870,0.9814306959327815
77871,0.9814492559568367
77872,0.9814677974301432
77873,0.9814863203712425
77874,0.9815048247986575
77875,0.9815233107308927
77876,0.9815417781864341
77877,0.981560227183749
77878,0.9815786577412865
77879,0.9815970698774771
77880,0.9816154636107329
77881,0.9816338389594479
77882,0.9816521959419972
77883,0.9816705345767378
77884,0.9816888548820084
77885,0.9817071568761293
77886,0.9817254405774025
77887,0.9817437060041118
77888,0.9817619531745224
77889,0.9817801821068817
77890,0.9817983928194185
77891,0.9818165853303437
77892,0.9818347596578496
77893,0.9818529158201106
77894,0.9818710538352828
77895,0.9818891737215044
77896,0.9819072754968953
77897,0.981925359179557
77898,0.9819434247875735
77899,0.9819614723390102
77900,0.9819795018519147
77901,0.9819975133443166
77902,0.9820155068342273
77903,0.9820334823396404
77904,0.9820514398785313
77905,0.9820693794688575
77906,0.9820873011285588
77907,0.9821052048755567
77908,0.982123090727755
77909,0.9821409587030396
77910,0.9821588088192785
77911,0.9821766410943217
77912,0.9821944555460015
77913,0.9822122521921324
77914,0.9822300310505111
77915,0.9822477921389163
77916,0.9822655354751093
77917,0.9822832610768334
77918,0.9823009689618141
77919,0.9823186591477593
77920,0.9823363316523592
77921,0.9823539864932864
77922,0.9823716236881956
77923,0.9823892432547242
77924,0.9824068452104916
77925,0.9824244295730998
77926,0.9824419963601332
77927,0.9824595455891585
77928,0.982477077277725
77929,0.9824945914433645
77930,0.982512088103591
77931,0.9825295672759012
77932,0.9825470289777744
77933,0.9825644732266722
77934,0.9825819000400389
77935,0.9825993094353012
77936,0.9826167014298686
77937,0.9826340760411331
77938,0.9826514332864693
77939,0.9826687731832344
77940,0.9826860957487684
77941,0.9827034010003939
77942,0.982720688955416
77943,0.9827379596311228
77944,0.9827552130447849
77945,0.9827724492136556
77946,0.9827896681549713
77947,0.9828068698859508
77948,0.982824054423796
77949,0.9828412217856912
77950,0.982858371988804
77951,0.9828755050502844
77952,0.9828926209872656
77953,0.9829097198168635
77954,0.982926801556177
77955,0.9829438662222877
77956,0.9829609138322604
77957,0.9829779444031427
77958,0.9829949579519651
77959,0.9830119544957413
77960,0.9830289340514677
77961,0.983045896636124
77962,0.9830628422666725
77963,0.9830797709600592
77964,0.9830966827332125
77965,0.9831135776030444
77966,0.9831304555864496
77967,0.9831473167003062
77968,0.9831641609614753
77969,0.9831809883868011
77970,0.9831977989931112
77971,0.983214592797216
77972,0.9832313698159094
77973,0.9832481300659685
77974,0.9832648735641534
77975,0.9832816003272077
77976,0.9832983103718581
77977,0.9833150037148147
77978,0.983331680372771
77979,0.9833483403624034
77980,0.983364983700372
77981,0.9833816104033201
77982,0.9833982204878745
77983,0.9834148139706452
77984,0.9834313908682258
77985,0.9834479511971931
77986,0.9834644949741075
77987,0.9834810222155127
77988,0.983497532937936
77989,0.983514027157888
77990,0.9835305048918632
77991,0.9835469661563391
77992,0.983563410967777
77993,0.9835798393426218
77994,0.9835962512973019
77995,0.9836126468482291
77996,0.9836290260117991
77997,0.983645388804391
77998,0.9836617352423677
77999,0.9836780653420755
78000,0.9836943791198445
78001,0.9837106765919885
78002,0.9837269577748051
78003,0.9837432226845755
78004,0.9837594713375644
78005,0.9837757037500205
78006,0.9837919199381765
78007,0.9838081199182482
78008,0.9838243037064359
78009,0.9838404713189233
78010,0.9838566227718779
78011,0.9838727580814512
78012,0.9838888772637786
78013,0.9839049803349792
78014,0.9839210673111561
78015,0.9839371382083963
78016,0.9839531930427707
78017,0.9839692318303341
78018,0.9839852545871254
78019,0.9840012613291672
78020,0.9840172520724664
78021,0.9840332268330136
78022,0.9840491856267838
78023,0.9840651284697355
78024,0.9840810553778118
78025,0.9840969663669394
78026,0.9841128614530295
78027,0.984128740651977
78028,0.9841446039796612
78029,0.9841604514519454
78030,0.9841762830846771
78031,0.9841920988936879
78032,0.9842078988947937
78033,0.9842236831037944
78034,0.9842394515364743
78035,0.9842552042086018
78036,0.9842709411359295
78037,0.9842866623341945
78038,0.9843023678191178
78039,0.9843180576064051
78040,0.9843337317117461
78041,0.9843493901508148
78042,0.9843650329392698
78043,0.9843806600927538
78044,0.984396271626894
78045,0.9844118675573019
78046,0.9844274478995735
78047,0.984443012669289
78048,0.9844585618820134
78049,0.9844740955532958
78050,0.9844896136986698
78051,0.9845051163336537
78052,0.9845206034737499
78053,0.9845360751344459
78054,0.984551531331213
78055,0.9845669720795076
78056,0.9835828971448954
78057,0.9835993060433014
78058,0.9836156985410092
78059,0.9836320746544115
78060,0.9836484343998844
78061,0.9836647777937876
78062,0.9836811048524644
78063,0.983697415592242
78064,0.9837137100294312
78065,0.9837299881803263
78066,0.9837462500612055
78067,0.9837624956883307
78068,0.9837787250779476
78069,0.9837949382462855
78070,0.9838111352095575
78071,0.9838273159839608
78072,0.983843480585676
78073,0.9838596290308677
78074,0.9838757613356843
78075,0.9838918775162584
78076,0.983907977588706
78077,0.983924061569127
78078,0.9839401294736057
78079,0.9839561813182097
78080,0.9839722171189911
78081,0.9839882368919856
78082,0.9840042406532129
78083,0.984020228418677
78084,0.9840362002043654
78085,0.9840521560262502
78086,0.9840680959002869
78087,0.9840840198424156
78088,0.98409992786856
78089,0.9841158199946285
78090,0.984131696236513
78091,0.9841475566100897
78092,0.984163401131219
78093,0.9841792298157456
78094,0.984195042679498
78095,0.984210839738289
78096,0.9842266210079159
78097,0.9842423865041598
78098,0.9842581362427864
78099,0.9842738702395452
78100,0.9842895885101703
78101,0.9843052910703801
78102,0.984320977935877
78103,0.9843366491223479
78104,0.984352304645464
78105,0.9843679445208808
78106,0.9843835687642383
78107,0.9843991773911606
78108,0.9844147704172563
78109,0.9844303478581187
78110,0.984445909729325
78111,0.9844614560464371
78112,0.9844769868250014
78113,0.9844925020805486
78114,0.984508001828594
78115,0.9845234860846374
78116,0.984538954864163
78117,0.9845544081826396
78118,0.9845698460555206
78119,0.9845852684982437
78120,0.9846006755262314
78121,0.9846160671548909
78122,0.9846314433996136
78123,0.9836473040259008
78124,0.982664148299738
78125,0.9826814754878442
78126,0.9826987853574216
78127,0.98271607792578
78128,0.9827333532102119
78129,0.9827506112279928
78130,0.9827678519963806
78131,0.9827850755326161
78132,0.9828022818539228
78133,0.9828194709775071
78134,0.9828366429205581
78135,0.9828537977002476
78136,0.9828709353337306
78137,0.9828880558381446
78138,0.9829051592306103
78139,0.9829222455282308
78140,0.9829393147480927
78141,0.9829563669072651
78142,0.9829734020228
78143,0.9829904201117328
78144,0.9830074211910813
78145,0.9830244052778468
78146,0.9830413723890135
78147,0.9830583225415481
78148,0.9830752557524012
78149,0.9830921720385057
78150,0.9831090714167781
78151,0.9831259539041176
78152,0.9831428195174069
78153,0.9831596682735114
78154,0.98317650018928
78155,0.9831933152815446
78156,0.9832101135671203
78157,0.9832268950628054
78158,0.9832436597853813
78159,0.9832604077516128
78160,0.9832771389782479
78161,0.9832938534820177
78162,0.9833105512796368
78163,0.9833272323878032
78164,0.9833438968231977
78165,0.9833605446024848
78166,0.9833771757423124
78167,0.9833937902593116
78168,0.983410388170097
78169,0.9834269694912663
78170,0.983443534239401
78171,0.9834600824310658
78172,0.9834766140828088
78173,0.9834931292111618
78174,0.98350962783264
78175,0.9835261099637418
78176,0.9835425756209495
78177,0.9835590248207287
78178,0.9835754575795286
78179,0.9835918739137819
78180,0.983608273839905
78181,0.9836246573742979
78182,0.9836410245333441
78183,0.9836573753334108
78184,0.9836737097908487
78185,0.9836900279219922
78186,0.9837063297431596
78187,0.9837226152706527
78188,0.9837388845207571
78189,0.9837551375097419
78190,0.9837713742538601
78191,0.9837875947693485
78192,0.9838037990724277
78193,0.9838199871793017
78194,0.9838361591061591
78195,0.9838523148691714
78196,0.9838684544844946
78197,0.9838845779682682
78198,0.9839006853366158
78199,0.9839167766056447
78200,0.9839328517914462
78201,0.9839489109100954
78202,0.9839649539776515
78203,0.9839809810101576
78204,0.9839969920236408
78205,0.9840129870341119
78206,0.9840289660575661
78207,0.9840449291099823
78208,0.9840608762073236
78209,0.9840768073655372
78210,0.9840927226005541
78211,0.9841086219282897
78212,0.9841245053646432
78213,0.9841403729254982
78214,0.983156724376847
78215,0.983173559235041
78216,0.9831903772667901
78217,0.9832071784889123
78218,0.9832239629182087
78219,0.9832407305714639
78220,0.9832574814654454
78221,0.9832742156169043
78222,0.9832909330425745
78223,0.9833076337591736
78224,0.9833243177834023
78225,0.9833409851319447
78226,0.983357635821468
78227,0.9833742698686229
78228,0.9833908872900435
78229,0.9834074881023473
78230,0.9834240723221351
78231,0.9834406399659911
78232,0.9834571910504828
78233,0.9834737255921615
78234,0.9834902436075617
78235,0.9835067451132012
78236,0.9835232301255818
78237,0.9835396986611885
78238,0.9835561507364897
78239,0.9835725863679375
78240,0.9835890055719676
78241,0.9836054083649991
78242,0.9836217947634349
78243,0.9836381647836614
78244,0.9836545184420485
78245,0.9836708557549501
78246,0.9836871767387032
78247,0.983703481409629
78248,0.9837197697840322
78249,0.9837360418782011
78250,0.9837522977084078
78251,0.9837685372909081
78252,0.9837847606419416
78253,0.9838009677777318
78254,0.9838171587144857
78255,0.9838333334683943
78256,0.9838494920556323
78257,0.9838656344923583
78258,0.9838817607947148
78259,0.983897870978828
78260,0.9839139650608082
78261,0.9839300430567494
78262,0.9839461049827296
78263,0.9839621508548109
78264,0.983978180689039
78265,0.9839941945014438
78266,0.984010192308039
78267,0.9840261741248225
78268,0.9840421399677762
78269,0.9840580898528659
78270,0.9840740237960415
78271,0.9840899418132368
78272,0.98410584392037
78273,0.9841217301333431
78274,0.9841376004680424
78275,0.9841534549403382
78276,0.9841692935660851
78277,0.9841851163611215
78278,0.9842009233412703
78279,0.9842167145223385
78280,0.9842324899201172
78281,0.984248249550382
78282,0.9842639934288924
78283,0.9842797215713922
78284,0.9842954339936097
78285,0.9843111307112573
78286,0.9843268117400317
78287,0.9843424770956138
78288,0.9843581267936692
78289,0.9843737608498474
78290,0.9843893792797825
78291,0.9844049820990931
78292,0.9844205693233818
78293,0.9844361409682361
78294,0.9844516970492273
78295,0.9844672375819117
78296,0.9844827625818298
78297,0.9844982720645066
78298,0.9845137660454516
78299,0.9845292445401588
78300,0.9845447075641066
78301,0.9845601551327582
78302,0.984575587261561
78303,0.9845910039659472
78304,0.9846064052613336
78305,0.9846217911631213
78306,0.9846371616866965
78307,0.9846525168474294
78308,0.9846678566606754
78309,0.9846831811417741
78310,0.9846984903060502
78311,0.9847137841688127
78312,0.9847290627453557
78313,0.9847443260509575
78314,0.9847595741008816
78315,0.9847748069103759
78316,0.9847900244946733
78317,0.9848052268689915
78318,0.9848204140485327
78319,0.9838360857986092
78320,0.9838522416348924
78321,0.9838683813234133
78322,0.9838845048803114
78323,0.9839006123217104
78324,0.9839167036637178
78325,0.9839327789224247
78326,0.9839488381139065
78327,0.9839648812542224
78328,0.9839809083594157
78329,0.9829974191956381
78330,0.9830144132794005
78331,0.983031390377572
78332,0.9830483505071297
78333,0.9830652936850336
78334,0.983082219928227
78335,0.9830991292536361
78336,0.9831160216781701
78337,0.9831328972187217
78338,0.9831497558921662
78339,0.9831665977153625
78340,0.9831834227051522
78341,0.9832002308783605
78342,0.9832170222517954
78343,0.9832337968422484
78344,0.983250554666494
78345,0.9832672957412901
78346,0.9832840200833778
78347,0.9833007277094814
78348,0.9833174186363085
78349,0.9833340928805501
78350,0.9833507504588803
78351,0.9833673913879569
78352,0.9833840156844207
78353,0.9824011231150209
78354,0.982418713196865
78355,0.9824362856974179
78356,0.9824538406342521
78357,0.9824713780249226
78358,0.9824888978869666
78359,0.9825064002379041
78360,0.9825238850952376
78361,0.9825413524764517
78362,0.9825588023990139
78363,0.9825762348803743
78364,0.982593649937965
78365,0.9826110475892015
78366,0.9826284278514812
78367,0.9826457907421844
78368,0.982663136278674
78369,0.9826804644782955
78370,0.9826977753583771
78371,0.9827150689362298
78372,0.9827323452291471
78373,0.9827496042544053
78374,0.9827668460292635
78375,0.9827840705709633
78376,0.9828012778967294
78377,0.9828184680237692
78378,0.9828356409692727
78379,0.9828527967504128
78380,0.9828699353843454
78381,0.9828870568882091
78382,0.9829041612791254
78383,0.9829212485741987
78384,0.9829383187905164
78385,0.9829553719451486
78386,0.9829724080551484
78387,0.9829894271375521
78388,0.9830064292093786
78389,0.9830234142876302
78390,0.9830403823892917
78391,0.9830573335313314
78392,0.9830742677307004
78393,0.9830911850043329
78394,0.9831080853691462
78395,0.9831249688420406
78396,0.9831418354398996
78397,0.9831586851795899
78398,0.9831755180779611
78399,0.9831923341518463
78400,0.9832091334180613
78401,0.9832259158934056
78402,0.9832426815946615
78403,0.9832594305385949
78404,0.9832761627419546
78405,0.9832928782214729
78406,0.9833095769938652
78407,0.9833262590758304
78408,0.9833429244840505
78409,0.9833595732351909
78410,0.9833762053459003
78411,0.983392820832811
78412,0.9834094197125383
78413,0.9834260020016812
78414,0.9834425677168219
78415,0.9834591168745263
78416,0.9834756494913434
78417,0.9834921655838058
78418,0.9835086651684297
78419,0.9835251482617147
78420,0.9835416148801437
78421,0.9835580650401835
78422,0.9835744987582843
78423,0.9835909160508797
78424,0.9836073169343871
78425,0.9836237014252073
78426,0.9836400695397248
78427,0.9836564212943079
78428,0.9836727567053081
78429,0.9836890757890608
78430,0.9837053785618853
78431,0.9837216650400844
78432,0.9837379352399443
78433,0.9837541891777355
78434,0.9837704268697117
78435,0.9837866483321108
78436,0.9838028535811542
78437,0.9838190426330471
78438,0.9838352155039786
78439,0.9838513722101215
78440,0.9838675127676326
78441,0.9838836371926525
78442,0.9838997455013055
78443,0.9839158377097
78444,0.9839319138339282
78445,0.9839479738900662
78446,0.9839640178941741
78447,0.9839800458622958
78448,0.9839960578104594
78449,0.9840120537546768
78450,0.984028033710944
78451,0.984043997695241
78452,0.9840599457235316
78453,0.984075877811764
78454,0.9840917939758702
78455,0.9841076942317664
78456,0.9841235785953528
78457,0.9841394470825139
78458,0.9841552997091181
78459,0.9841711364910181
78460,0.9841869574440505
78461,0.9842027625840365
78462,0.9842185519267811
78463,0.9842343254880737
78464,0.9842500832836878
78465,0.9842658253293812
78466,0.984281551640896
78467,0.9842972622339586
78468,0.9833134568744044
78469,0.983330135078428
78470,0.9833467966125825
78471,0.9833634414935295
78472,0.9833800697379138
78473,0.9833966813623637
78474,0.9834132763834907
78475,0.98342985481789
78476,0.9834464166821401
78477,0.9834629619928026
78478,0.9834794907664229
78479,0.98349600301953
78480,0.9835124987686359
78481,0.9835289780302364
78482,0.9835454408208109
78483,0.983561887156822
78484,0.9835783170547162
78485,0.9835947305309234
78486,0.983611127601857
78487,0.9836275082839141
78488,0.9836438725934754
78489,0.9836602205469053
78490,0.9836765521605515
78491,0.9836928674507458
78492,0.9837091664338036
78493,0.9837254491260237
78494,0.9837417155436888
78495,0.9837579657030655
78496,0.9837741996204038
78497,0.9837904173119376
78498,0.9838066187938848
78499,0.9838228040824466
78500,0.9838389731938084
78501,0.9838551261441394
78502,0.9838712629495925
78503,0.9838873836263046
78504,0.9839034881903962
78505,0.983919576657972
78506,0.9839356490451204
78507,0.9839517053679139
78508,0.9839677456424087
78509,0.9839837698846452
78510,0.9839997781106475
78511,0.984015770336424
78512,0.9840317465779668
78513,0.9840477068512522
78514,0.9840636511722405
78515,0.984079579556876
78516,0.984095492021087
78517,0.9841113885807861
78518,0.9841272692518698
78519,0.9841431340502187
78520,0.9841589829916977
78521,0.9841748160921557
78522,0.984190633367426
78523,0.9842064348333256
78524,0.9842222205056561
78525,0.9842379904002032
78526,0.9842537445327367
78527,0.9842694829190108
78528,0.984285205574764
78529,0.9843009125157187
78530,0.9843166037575821
78531,0.9843322793160453
78532,0.9843479392067839
78533,0.9843635834454577
78534,0.9843792120477112
78535,0.9843948250291727
78536,0.9844104224054554
78537,0.9844260041921566
78538,0.9844415704048581
78539,0.9844571210591262
78540,0.9844726561705114
78541,0.9844881757545488
78542,0.9845036798267581
78543,0.9845191684026434
78544,0.9845346414976932
78545,0.9845500991273807
78546,0.9845655413071634
78547,0.9845809680524836
78548,0.984596379378768
78549,0.9846117753014278
78550,0.9846271558358592
78551,0.9846425209974426
78552,0.9846578708015432
78553,0.9846732052635107
78554,0.9846885243986796
78555,0.9847038282223691
78556,0.984719116749883
78557,0.9847343899965098
78558,0.9847496479775227
78559,0.9837653904583048
78560,0.9837816169545983
78561,0.9837978272325048
78562,0.9838140213082344
78563,0.9838301991979812
78564,0.9838463609179232
78565,0.9838625064842221
78566,0.9838786359130235
78567,0.9838947492204567
78568,0.9839108464226352
78569,0.983926927535656
78570,0.9839429925756004
78571,0.9839590415585333
78572,0.9839750745005038
78573,0.9839910914175448
78574,0.9840070923256732
78575,0.9840230772408899
78576,0.9840390461791798
78577,0.984054999156512
78578,0.9840709361888392
78579,0.9840868572920988
78580,0.9841027624822116
78581,0.984118651775083
78582,0.9841345251866022
78583,0.9841503827326425
78584,0.9841662244290617
78585,0.9841820502917012
78586,0.9841978603363872
78587,0.9842136545789296
78588,0.9842294330351226
78589,0.9842451957207446
78590,0.9842609426515585
78591,0.9842766738433111
78592,0.9842923893117336
78593,0.9843080890725414
78594,0.9843237731414344
78595,0.9843394415340966
78596,0.9843550942661964
78597,0.9843707313533866
78598,0.9843863528113043
78599,0.9844019586555708
78600,0.9844175489017921
78601,0.9844331235655585
78602,0.9844486826624445
78603,0.9844642262080092
78604,0.9834802539679213
78605,0.9834967654582082
78606,0.9835132604452564
78607,0.9835297389455611
78608,0.9835462009756005
78609,0.9835626465518368
78610,0.9835790756907155
78611,0.9835954884086657
78612,0.9836118847221004
78613,0.9836282646474156
78614,0.9836446282009914
78615,0.9836609753991913
78616,0.9836773062583625
78617,0.9836936207948359
78618,0.983709919024926
78619,0.983726200964931
78620,0.983742466631133
78621,0.9837587160397975
78622,0.983774949207174
78623,0.9837911661494957
78624,0.9838073668829794
78625,0.983823551423826
78626,0.98383971978822
78627,0.9838558719923298
78628,0.9838720080523075
78629,0.9838881279842892
78630,0.9839042318043948
78631,0.9839203195287283
78632,0.9839363911733772
78633,0.9839524467544133
78634,0.9839684862878921
78635,0.9839845097898533
78636,0.9840005172763202
78637,0.9840165087633004
78638,0.9840324842667854
78639,0.9840484438027506
78640,0.9840643873871556
78641,0.9840803150359441
78642,0.9840962267650436
78643,0.9841121225903658
78644,0.9841280025278067
78645,0.9841438665932463
78646,0.9841597148025484
78647,0.9841755471715613
78648,0.9841913637161175
78649,0.9842071644520334
78650,0.9832234491452347
78651,0.9832402173120062
78652,0.9832569687189907
78653,0.9832737033829397
78654,0.983290421320588
78655,0.9833071225486534
78656,0.9833238070838372
78657,0.9833404749428238
78658,0.9833571261422813
78659,0.9833737606988607
78660,0.9833903786291966
78661,0.9834069799499071
78662,0.9834235646775934
78663,0.9834401328288401
78664,0.9834566844202156
78665,0.9834732194682714
78666,0.9834897379895424
78667,0.9835062400005474
78668,0.9835227255177883
78669,0.9835391945577505
78670,0.9835556471369032
78671,0.983572083271699
78672,0.9835885029785738
78673,0.9836049062739476
78674,0.9836212931742235
78675,0.9836376636957885
78676,0.9826545176051381
78677,0.982671854419126
78678,0.9826891739049639
78679,0.9827064760799714
78680,0.9827237609614508
78681,0.9827410285666867
78682,0.9827582789129469
78683,0.9827755120174817
78684,0.9827927278975241
78685,0.9828099265702902
78686,0.9828271080529786
78687,0.9828442723627707
78688,0.9828614195168309
78689,0.9828785495323064
78690,0.9828956624263271
78691,0.9829127582160059
78692,0.9829298369184386
78693,0.982946898550704
78694,0.9829639431298638
78695,0.9829809706729624
78696,0.9829979811970274
78697,0.9830149747190694
78698,0.9830319512560818
78699,0.9830489108250412
78700,0.9820663531930321
78701,0.9820842778774969
78702,0.982102184646235
78703,0.9821200735171534
78704,0.9821379445081407
78705,0.9821557976370682
78706,0.9821736329217887
78707,0.9821914503801378
78708,0.9822092500299328
78709,0.9822270318889733
78710,0.9822447959750413
78711,0.9822625423059008
78712,0.9822802708992983
78713,0.9822979817729621
78714,0.9823156749446034
78715,0.982333350431915
78716,0.9823510082525728
78717,0.9823686484242344
78718,0.981386770714665
78719,0.9814053746419866
78720,0.9814239599746782
78721,0.9814425267313253
78722,0.9814610749304944
78723,0.9814796045907338
78724,0.9814981157305731
78725,0.9815166083685236
78726,0.9815350825230779
78727,0.98155353821271
78728,0.9815719754558757
78729,0.9815903942710122
78730,0.9816087946765385
78731,0.9816271766908548
78732,0.9816455403323432
78733,0.9816638856193673
78734,0.9816822125702725
78735,0.9817005212033857
78736,0.9817188115370155
78737,0.9817370835894522
78738,0.981755337378968
78739,0.9817735729238166
78740,0.9817917902422336
78741,0.9818099893524362
78742,0.9818281702726237
78743,0.9818463330209769
78744,0.9818644776156585
78745,0.9818826040748133
78746,0.9819007124165676
78747,0.9819188026590299
78748,0.9819368748202902
78749,0.9819549289184208
78750,0.9819729649714759
78751,0.9819909829974914
78752,0.9820089830144855
78753,0.9820269650404579
78754,0.982044929093391
78755,0.9820628751912487
78756,0.9820808033519771
78757,0.9820987135935044
78758,0.9821166059337408
78759,0.9821344803905787
78760,0.9821523369818925
78761,0.9821701757255388
78762,0.9821879966393563
78763,0.9822057997411661
78764,0.982223585048771
78765,0.9822413525799567
78766,0.9822591023524905
78767,0.9822768343841222
78768,0.9822945486925838
78769,0.9823122452955897
78770,0.9823299242108364
78771,0.982347585456003
78772,0.9823652290487506
78773,0.9823828550067228
78774,0.9824004633475457
78775,0.9824180540888275
78776,0.982435627248159
78777,0.9824531828431133
78778,0.9824707208912462
78779,0.9824882414100955
78780,0.9825057444171819
78781,0.9825232299300083
78782,0.9825406979660603
78783,0.9825581485428058
78784,0.9825755816776955
78785,0.9825929973881626
78786,0.9826103956916228
78787,0.9826277766054743
78788,0.982645140147098
78789,0.9826624863338576
78790,0.9826798151830991
78791,0.9826971267121515
78792,0.9827144209383263
78793,0.9827316978789177
78794,0.9827489575512026
78795,0.9827661999724407
78796,0.9827834251598746
78797,0.9828006331307293
78798,0.9828178239022128
78799,0.9828349974915159
78800,0.9828521539158123
78801,0.9828692931922582
78802,0.9828864153379931
78803,0.9829035203701391
78804,0.9829206083058011
78805,0.9829376791620671
78806,0.9829547329560081
78807,0.9829717697046778
78808,0.9829887894251129
78809,0.9830057921343331
78810,0.9830227778493413
78811,0.9830397465871231
78812,0.9830566983646473
78813,0.9830736331988655
78814,0.9820910508568377
78815,0.9821089508559813
78816,0.9821268329640712
78817,0.9821446971989897
78818,0.9821625435786009
78819,0.9821803721207513
78820,0.9821981828432692
78821,0.9822159757639656
78822,0.9822337509006333
78823,0.9822515082710475
78824,0.9822692478929654
78825,0.9822869697841269
78826,0.9823046739622537
78827,0.9823223604450501
78828,0.9823400292502025
78829,0.9823576803953796
78830,0.9823753138982328
78831,0.9813934295265205
78832,0.981412026798358
78833,0.9814306054822177
78834,0.9814491655966783
78835,0.9814677071602997
78836,0.9814862301916237
78837,0.9815047347091733
78838,0.981523220731453
78839,0.9815416882769489
78840,0.9815601373641283
78841,0.9815785680114405
78842,0.9815969802373161
78843,0.9816153740601674
78844,0.9816337494983881
78845,0.9816521065703537
78846,0.9816704452944214
78847,0.9816887656889297
78848,0.9817070677721992
78849,0.9817253515625318
78850,0.9817436170782115
78851,0.9817618643375036
78852,0.9817800933586555
78853,0.9817983041598962
78854,0.9818164967594365
78855,0.9818346711754691
78856,0.9818528274261683
78857,0.9818709655296903
78858,0.9818890855041734
78859,0.9819071873677374
78860,0.9819252711384843
78861,0.9819433368344977
78862,0.9819613844738436
78863,0.9819794140745695
78864,0.9819974256547048
78865,0.9820154192322613
78866,0.9820333948252326
78867,0.9820513524515941
78868,0.9820692921293037
78869,0.9820872138763009
78870,0.9821051177105076
78871,0.9821230036498274
78872,0.9821408717121464
78873,0.9821587219153326
78874,0.9821765542772363
78875,0.9821943688156898
78876,0.9822121655485077
78877,0.9822299444934867
78878,0.9822477056684057
78879,0.982265449091026
78880,0.9822831747790909
78881,0.9823008827503261
78882,0.9823185730224397
78883,0.9823362456131219
78884,0.9823539005400453
78885,0.9823715378208648
78886,0.9823891574732178
78887,0.9824067595147238
78888,0.982424343962985
78889,0.9824419108355856
78890,0.9824594601500928
78891,0.9824769919240557
78892,0.9824945061750061
78893,0.9825120029204584
78894,0.9825294821779091
78895,0.9825469439648378
78896,0.982564388298706
78897,0.9825818151969581
78898,0.9825992246770211
78899,0.9826166167563044
78900,0.9826339914522002
78901,0.982651348782083
78902,0.9826686887633104
78903,0.9826860114132221
78904,0.9827033167491409
78905,0.9827206047883722
78906,0.9827378755482039
78907,0.9827551290459069
78908,0.9827723652987346
78909,0.9827895843239233
78910,0.982806786138692
78911,0.9828239707602425
78912,0.9828411382057596
78913,0.9828582884924105
78914,0.9828754216373456
78915,0.9828925376576981
78916,0.9829096365705839
78917,0.9829267183931021
78918,0.9829437831423343
78919,0.9829608308353455
78920,0.9829778614891832
78921,0.9829948751208781
78922,0.983011871747444
78923,0.9830288513858774
78924,0.9830458140531578
78925,0.9830627597662481
78926,0.9830796885420939
78927,0.983096600397624
78928,0.9831134953497503
78929,0.9831303734153678
78930,0.9831472346113544
78931,0.9831640789545715
78932,0.9831809064618633
78933,0.9831977171500573
78934,0.9832145110359644
78935,0.9832312881363782
78936,0.9832480484680759
78937,0.9832647920478179
78938,0.9832815188923478
78939,0.9832982290183925
78940,0.9833149224426619
78941,0.9833315991818496
78942,0.9833482592526324
78943,0.9833649026716702
78944,0.9833815294556065
78945,0.9833981396210681
78946,0.9834147331846653
78947,0.9834313101629915
78948,0.9834478705726236
78949,0.9834644144301222
78950,0.9834809417520312
78951,0.9834974525548777
78952,0.9835139468551727
78953,0.9835304246694104
78954,0.9835468860140687
78955,0.9835633309056089
78956,0.9835797593604758
78957,0.983596171395098
78958,0.9836125670258875
78959,0.9836289462692399
78960,0.9836453091415345
78961,0.9836616556591341
78962,0.9836779858383854
78963,0.9836942996956184
78964,0.983710597247147
78965,0.9837268785092689
78966,0.9837431434982651
78967,0.9837593922304008
78968,0.9837756247219246
78969,0.9837918409890691
78970,0.9828085407981755
78971,0.9828257236659435
78972,0.9828428893594308
78973,0.9818605376459281
78974,0.9818786680430835
78975,0.9818967803189026
78976,0.9819148744914974
78977,0.9819329505789621
78978,0.981951008599373
78979,0.9819690485707879
78980,0.9819870705112469
78981,0.9820050744387719
78982,0.9820230603713669
78983,0.9820410283270177
78984,0.9820589783236923
78985,0.9820769103793408
78986,0.9820948245118951
78987,0.9821127207392696
78988,0.9821305990793603
78989,0.9821484595500456
78990,0.982166302169186
78991,0.9821841269546241
78992,0.9822019339241846
78993,0.9822197230956747
78994,0.9822374944868835
78995,0.9822552481155822
78996,0.9822729839995247
78997,0.9822907021564466
78998,0.9823084026040664
78999,0.9823260853600843
79000,0.9823437504421831
79001,0.982361397868028
79002,0.9823790276552664
79003,0.982396639821528
79004,0.9824142343844251
79005,0.9824318113615521
79006,0.9824493707704861
79007,0.9824669126287865
79008,0.9824844369539951
79009,0.9825019437636363
79010,0.9825194330752168
79011,0.9825369049062261
79012,0.9825543592741359
79013,0.9825717961964007
79014,0.9825892156904572
79015,0.9826066177737252
79016,0.9826240024636065
79017,0.982641369777486
79018,0.9816592194828558
79019,0.9816775510975656
79020,0.9816958643898219
79021,0.981714159377938
79022,0.981732436080209
79023,0.9817506945149115
79024,0.9817689347003039
79025,0.9817871566546265
79026,0.9818053603961011
79027,0.9818235459429316
79028,0.9818417133133035
79029,0.9818598625253842
79030,0.9818779935973228
79031,0.9818961065472505
79032,0.9819142013932802
79033,0.9819322781535068
79034,0.9819503368460071
79035,0.9819683774888397
79036,0.9819864001000452
79037,0.9820044046976464
79038,0.9820223912996477
79039,0.9820403599240359
79040,0.9820583105887796
79041,0.9820762433118293
79042,0.9820941581111178
79043,0.9821120550045599
79044,0.9821299340100526
79045,0.9821477951454748
79046,0.9821656384286878
79047,0.9821834638775346
79048,0.9822012715098409
79049,0.9822190613434143
79050,0.9822368333960446
79051,0.9822545876855039
79052,0.9822723242295464
79053,0.9822900430459086
79054,0.9823077441523095
79055,0.9823254275664501
79056,0.9823430933060139
79057,0.9823607413886666
79058,0.9823783718320562
79059,0.9823959846538133
79060,0.9824135798715506
79061,0.9824311575028635
79062,0.9824487175653294
79063,0.9824662600765085
79064,0.9824837850539433
79065,0.9825012925151587
79066,0.9825187824776623
79067,0.982536254958944
79068,0.9825537099764763
79069,0.9825711475477142
79070,0.9825885676900953
79071,0.9826059704210397
79072,0.9826233557579502
79073,0.9826407237182122
79074,0.9826580743191935
79075,0.9826754075782448
79076,0.9826927235126993
79077,0.982710022139873
79078,0.9827273034770645
79079,0.9827445675415551
79080,0.982761814350609
79081,0.982779043921473
79082,0.9827962562713766
79083,0.9828134514175321
79084,0.9828306293771347
79085,0.9828477901673625
79086,0.9828649338053761
79087,0.9828820603083193
79088,0.9828991696933185
79089,0.982916261977483
79090,0.9829333371779053
79091,0.9829503953116605
79092,0.9829674363958067
79093,0.9829844604473852
79094,0.9830014674834198
79095,0.9830184575209175
79096,0.9820359303269935
79097,0.9820538854191205
79098,0.9820718225651284
79099,0.9820897417829544
79100,0.9821076430905177
79101,0.9811260262558446
79102,0.9811448907973179
79103,0.9811637364836774
79104,0.9811825633337686
79105,0.9812013713664185
79106,0.981220160600435
79107,0.9812389310546075
79108,0.9812576827477063
79109,0.9812764156984832
79110,0.9812951299256711
79111,0.9813138254479843
79112,0.9813325022841183
79113,0.9813511604527498
79114,0.9813697999725371
79115,0.9813884208621199
79116,0.9814070231401187
79117,0.9814256068251361
79118,0.9814441719357557
79119,0.9814627184905426
79120,0.9814812465080432
79121,0.9814997560067859
79122,0.9815182470052798
79123,0.9815367195220162
79124,0.9815551735754674
79125,0.9815736091840876
79126,0.9815920263663125
79127,0.9816104251405591
79128,0.9816288055252261
79129,0.9816471675386942
79130,0.9816655111993252
79131,0.9816838365254629
79132,0.9817021435354324
79133,0.9817204322475409
79134,0.9817387026800771
79135,0.9817569548513114
79136,0.981775188779496
79137,0.9817934044828648
79138,0.9818116019796336
79139,0.9818297812879998
79140,0.9818479424261427
79141,0.9818660854122235
79142,0.9818842102643852
79143,0.9819023170007527
79144,0.9819204056394326
79145,0.9819384761985136
79146,0.9819565286960663
79147,0.9819745631501432
79148,0.9819925795787787
79149,0.9820105779999894
79150,0.9820285584317735
79151,0.9820465208921115
79152,0.982064465398966
79153,0.9820823919702814
79154,0.9821003006239842
79155,0.9821181913779833
79156,0.9821360642501692
79157,0.9821539192584149
79158,0.9821717564205754
79159,0.9821895757544878
79160,0.9822073772779716
79161,0.9822251610088282
79162,0.9822429269648414
79163,0.9822606751637771
79164,0.9822784056233835
79165,0.9822961183613912
79166,0.9823138133955127
79167,0.9823314907434433
79168,0.9823491504228601
79169,0.9823667924514229
79170,0.9823844168467738
79171,0.9824020236265372
79172,0.9824196128083197
79173,0.9824371844097106
79174,0.9824547384482816
79175,0.9824722749415866
79176,0.9824897939071623
79177,0.9825072953625275
79178,0.9825247793251836
79179,0.9825422458126146
79180,0.9825596948422872
79181,0.9825771264316503
79182,0.9825945405981354
79183,0.9826119373591568
79184,0.9826293167321111
79185,0.9826466787343778
79186,0.9826640233833189
79187,0.9826813506962792
79188,0.9826986606905858
79189,0.9827159533835487
79190,0.9827332287924606
79191,0.9827504869345971
79192,0.9827677278272162
79193,0.9827849514875588
79194,0.9828021579328486
79195,0.9828193471802921
79196,0.9828365192470784
79197,0.9828536741503796
79198,0.9828708119073507
79199,0.9828879325351295
79200,0.9829050360508366
79201,0.9829221224715754
79202,0.9829391918144323
79203,0.9829562440964769
79204,0.9829732793347612
79205,0.9829902975463206
79206,0.9830072987481734
79207,0.9830242829573207
79208,0.9830412501907466
79209,0.9830582004654186
79210,0.9830751337982867
79211,0.9830920502062844
79212,0.9831089497063281
79213,0.9831258323153172
79214,0.9831426980501345
79215,0.9831595469276456
79216,0.9831763789646994
79217,0.983193194178128
79218,0.9832099925847466
79219,0.9832267742013535
79220,0.9832435390447305
79221,0.9832602871316423
79222,0.983277018478837
79223,0.983293733103046
79224,0.983310431020984
79225,0.9833271122493489
79226,0.9833437768048218
79227,0.9833604247040674
79228,0.9833770559637335
79229,0.9833936706004514
79230,0.9834102686308357
79231,0.9834268500714846
79232,0.9834434149389794
79233,0.9834599632498849
79234,0.9834764950207496
79235,0.9834930102681052
79236,0.9835095090084669
79237,0.9835259912583335
79238,0.9835424570341873
79239,0.983558906352494
79240,0.9835753392297029
79241,0.9835917556822469
79242,0.9836081557265425
79243,0.9836245393789897
79244,0.9836409066559723
79245,0.9836572575738574
79246,0.983673592148996
79247,0.9836899103977226
79248,0.9837062123363556
79249,0.9837224979811968
79250,0.9837387673485319
79251,0.9837550204546304
79252,0.9837712573157452
79253,0.9837874779481133
79254,0.9838036823679552
79255,0.9838198705914755
79256,0.9838360426348624
79257,0.9838521985142877
79258,0.9838683382459077
79259,0.9838844618458618
79260,0.9839005693302737
79261,0.983916660715251
79262,0.9839327360168849
79263,0.9839487952512509
79264,0.9839648384344081
79265,0.9839808655823997
79266,0.9839968767112529
79267,0.9840128718369788
79268,0.9840288509755726
79269,0.9840448141430133
79270,0.9840607613552641
79271,0.9840766926282724
79272,0.9840926079779693
79273,0.9841085074202701
79274,0.9841243909710744
79275,0.9841402586462658
79276,0.9841561104617118
79277,0.9841719464332643
79278,0.9841877665767593
79279,0.9842035709080169
79280,0.9842193594428414
79281,0.9842351321970215
79282,0.9842508891863299
79283,0.9842666304265234
79284,0.9842823559333435
79285,0.9842980657225155
79286,0.9843137598097494
79287,0.9843294382107391
79288,0.9843451009411632
79289,0.9843607480166843
79290,0.9843763794529494
79291,0.9843919952655902
79292,0.9844075954702223
79293,0.9844231800824459
79294,0.9844387491178458
79295,0.9844543025919908
79296,0.9844698405204346
79297,0.984485362918715
79298,0.9845008698023545
79299,0.9845163611868599
79300,0.9845318370877226
79301,0.9845472975204186
79302,0.9845627425004082
79303,0.9845781720431365
79304,0.9845935861640329
79305,0.9846089848785117
79306,0.9846243682019714
79307,0.9846397361497955
79308,0.984655088737352
79309,0.9846704259799933
79310,0.9846857478930569
79311,0.9847010544918644
79312,0.9847163457917226
79313,0.9847316218079228
79314,0.984746882555741
79315,0.984762128050438
79316,0.9847773583072591
79317,0.9847925733414348
79318,0.9848077731681799
79319,0.9848229578026945
79320,0.9848381272601631
79321,0.9848532815557551
79322,0.984868420704625
79323,0.9848835447219118
79324,0.9848986536227394
79325,0.9849137474222169
79326,0.9849288261354381
79327,0.9849438897774816
79328,0.9849589383634112
79329,0.9849739719082754
79330,0.9849889904271077
79331,0.9850039939349268
79332,0.9850189824467359
79333,0.9850339559775237
79334,0.9850489145422638
79335,0.9850638581559148
79336,0.9850787868334201
79337,0.9850937005897086
79338,0.9851085994396939
79339,0.9851234833982749
79340,0.9851383524803357
79341,0.9851532067007451
79342,0.9851680460743576
79343,0.9851828706160124
79344,0.9851976803405341
79345,0.9852124752627325
79346,0.9852272553974024
79347,0.9852420207593241
79348,0.9852567713632628
79349,0.9852715072239693
79350,0.9852862283561792
79351,0.9853009347746138
79352,0.9853156264939795
79353,0.985330303528968
79354,0.9853449658942564
79355,0.985359613604507
79356,0.9853742466743676
79357,0.9853888651184711
79358,0.9854034689514362
79359,0.9854180581878665
79360,0.9854326328423514
79361,0.9854471929294655
79362,0.9854617384637688
79363,0.985476269459807
79364,0.985490785932111
79365,0.9855052878951974
79366,0.985519775363568
79367,0.9855342483517104
79368,0.9855487068740976
79369,0.9855631509451879
79370,0.9855775805794256
79371,0.9855919957912402
79372,0.9856063965950471
79373,0.985620783005247
79374,0.9856351550362263
79375,0.985649512702357
79376,0.9856638560179969
79377,0.9856781849974892
79378,0.9856924996551628
79379,0.9857068000053326
79380,0.9857210860622988
79381,0.9847358575904724
79382,0.9847511141046249
79383,0.9847663553698877
79384,0.984781581401502
79385,0.9847967922146939
79386,0.9848119878246742
79387,0.9848271682466385
79388,0.9848423334957673
79389,0.9848574835872258
79390,0.9848726185361641
79391,0.9848877383577173
79392,0.9849028430670049
79393,0.9849179326791319
79394,0.9849330072091877
79395,0.984948066672247
79396,0.9849631110833692
79397,0.9849781404575987
79398,0.9849931548099649
79399,0.9850081541554822
79400,0.9850231385091498
79401,0.9850381078859523
79402,0.9850530623008589
79403,0.985068001768824
79404,0.9850829263047872
79405,0.985097835923673
79406,0.985112730640391
79407,0.9851276104698359
79408,0.9851424754268875
79409,0.9851573255264109
79410,0.9851721607832561
79411,0.9851869812122583
79412,0.9852017868282381
79413,0.985216577646001
79414,0.9852313536803379
79415,0.9852461149460247
79416,0.9852608614578228
79417,0.9852755932304786
79418,0.985290310278724
79419,0.9853050126172761
79420,0.985319700260837
79421,0.9853343732240946
79422,0.9853490315217217
79423,0.9853636751683766
79424,0.9853783041787031
79425,0.98539291856733
79426,0.985407518348872
79427,0.9854221035379286
79428,0.9854366741490851
79429,0.985451230196912
79430,0.9844662714460906
79431,0.9844817974116616
79432,0.9844973078590263
79433,0.984512802803695
79434,0.9845282822611626
79435,0.9845437462469085
79436,0.9845591947763969
79437,0.9845746278650761
79438,0.9845900455283794
79439,0.9846054477817243
79440,0.9846208346405132
79441,0.9846362061201329
79442,0.9846515622359548
79443,0.9846669030033351
79444,0.9846822284376147
79445,0.9846975385541188
79446,0.9847128333681576
79447,0.984728112895026
79448,0.9847433771500035
79449,0.9847586261483543
79450,0.9847738599053275
79451,0.9847890784361568
79452,0.9848042817560607
79453,0.9848194698802426
79454,0.9848346428238905
79455,0.9848498006021775
79456,0.9848649432302613
79457,0.9848800707232845
79458,0.9848951830963747
79459,0.9849102803646442
79460,0.9849253625431903
79461,0.9849404296470952
79462,0.9849554816914259
79463,0.9849705186912345
79464,0.9849855406615582
79465,0.9850005476174187
79466,0.9850155395738232
79467,0.9850305165457633
79468,0.9850454785482163
79469,0.9850604255961442
79470,0.9850753577044938
79471,0.9850902748881974
79472,0.9851051771621723
79473,0.9851200645413205
79474,0.9851349370405296
79475,0.985149794674672
79476,0.9851646374586054
79477,0.9851794654071725
79478,0.9851942785352014
79479,0.985209076857505
79480,0.9852238603888819
79481,0.9852386291441154
79482,0.9852533831379744
79483,0.9852681223852128
79484,0.9842833466506948
79485,0.9842990554496447
79486,0.984314748547646
79487,0.984330425960392
79488,0.98434608770356
79489,0.9843617337928119
79490,0.9843773642437936
79491,0.9843929790721356
79492,0.9844085782934529
79493,0.9844241619233445
79494,0.9844397299773942
79495,0.9844552824711699
79496,0.9844708194202242
79497,0.984486340840094
79498,0.9845018467463008
79499,0.9845173371543505
79500,0.9845328120797335
79501,0.9845482715379247
79502,0.9845637155443835
79503,0.984579144114554
79504,0.9845945572638648
79505,0.984609955007729
79506,0.9846253373615443
79507,0.9846407043406932
79508,0.9846560559605425
79509,0.9846713922364441
79510,0.984686713183734
79511,0.9847020188177333
79512,0.9847173091537476
79513,0.9847325842070671
79514,0.9847478439929671
79515,0.9847630885267072
79516,0.9847783178235321
79517,0.984793531898671
79518,0.984808730767338
79519,0.9848239144447319
79520,0.9848390829460365
79521,0.9848542362864203
79522,0.9848693744810366
79523,0.9848844975450236
79524,0.9848996054935043
79525,0.9849146983415867
79526,0.9849297761043637
79527,0.9849448387969131
79528,0.9849598864342974
79529,0.9849749190315645
79530,0.9849899366037469
79531,0.984005438915987
79532,0.9840214254837871
79533,0.9840373960730088
79534,0.9840533506996224
79535,0.9840692893795828
79536,0.9840852121288286
79537,0.9841011189632826
79538,0.9841170098988515
79539,0.9841328849514264
79540,0.9841487441368822
79541,0.9841645874710783
79542,0.9841804149698578
79543,0.9841962266490483
79544,0.9842120225244615
79545,0.9842278026118934
79546,0.9842435669271239
79547,0.9842593154859174
79548,0.9842750483040225
79549,0.9842907653971719
79550,0.9843064667810827
79551,0.9843221524714564
79552,0.9843378224839786
79553,0.9843534768343195
79554,0.9843691155381333
79555,0.9843847386110587
79556,0.9844003460687188
79557,0.9844159379267211
79558,0.9844315142006574
79559,0.9844470749061041
79560,0.9844626200586217
79561,0.9844781496737556
79562,0.9844936637670352
79563,0.9845091623539747
79564,0.9845246454500727
79565,0.9845401130708122
79566,0.984555565231661
79567,0.9845710019480711
79568,0.9845864232354794
79569,0.984601829109307
79570,0.98461721958496
79571,0.9846325946778286
79572,0.984647954403288
79573,0.984663298776698
79574,0.984678627813403
79575,0.9846939415287319
79576,0.9847092399379985
79577,0.9847245230565013
79578,0.9847397908995232
79579,0.9847550434823323
79580,0.984770280820181
79581,0.9847855029283068
79582,0.9848007098219317
79583,0.9848159015162626
79584,0.9848310780264913
79585,0.9848462393677941
79586,0.9848613855553325
79587,0.9848765166042528
79588,0.9848916325296858
79589,0.9849067333467476
79590,0.984921819070539
79591,0.9849368897161457
79592,0.9849519452986383
79593,0.9849669858330724
79594,0.9849820113344886
79595,0.9849970218179124
79596,0.9850120172983542
79597,0.9850269977908096
79598,0.9850419633102591
79599,0.985056913871668
79600,0.9840723492401122
79601,0.9840882689310266
79602,0.984104172710206
79603,0.9831205603436791
79604,0.9831374313478334
79605,0.9831542854894147
79606,0.9831711227852774
79607,0.9831879432522587
79608,0.983204746907179
79609,0.983221533766842
79610,0.9832383038480346
79611,0.9832550571675268
79612,0.983271793742072
79613,0.9832885135884067
79614,0.9833052167232509
79615,0.9833219031633076
79616,0.9833385729252633
79617,0.9833552260257877
79618,0.9833718624815341
79619,0.9833884823091388
79620,0.9834050855252215
79621,0.9834216721463858
79622,0.9834382421892179
79623,0.9834547956702882
79624,0.9834713326061499
79625,0.9834878530133402
79626,0.9835043569083793
79627,0.9835208443077713
79628,0.9835373152280035
79629,0.9835537696855468
79630,0.9835702076968555
79631,0.9835866292783679
79632,0.9836030344465055
79633,0.9836194232176735
79634,0.9836357956082605
79635,0.983652151634639
79636,0.9836684913131651
79637,0.9836848146601784
79638,0.9837011216920023
79639,0.9837174124249438
79640,0.9837336868752937
79641,0.9837499450593264
79642,0.9837661869933001
79643,0.9837824126934567
79644,0.983798622176022
79645,0.9838148154572054
79646,0.9838309925532002
79647,0.9838471534801835
79648,0.9838632982543162
79649,0.9838794268917431
79650,0.983895539408593
79651,0.9839116358209782
79652,0.9839277161449952
79653,0.9839437803967244
79654,0.9839598285922299
79655,0.9839758607475599
79656,0.9839918768787468
79657,0.9840078770018065
79658,0.9840238611327392
79659,0.9840398292875291
79660,0.9840557814821442
79661,0.9840717177325369
79662,0.9840876380546433
79663,0.9841035424643838
79664,0.9841194309776627
79665,0.9841353036103687
79666,0.9841511603783744
79667,0.9841670012975364
79668,0.9841828263836958
79669,0.9841986356526776
79670,0.9842144291202911
79671,0.9842302068023298
79672,0.9842459687145713
79673,0.9842617148727776
79674,0.9842774452926949
79675,0.9842931599900535
79676,0.9843088589805682
79677,0.9843245422799379
79678,0.9843402099038461
79679,0.9843558618679602
79680,0.9843714981879322
79681,0.9843871188793986
79682,0.9844027239579799
79683,0.9844183134392812
79684,0.9844338873388921
79685,0.9844494456723865
79686,0.9844649884553226
79687,0.9834810154533683
79688,0.9834975261825504
79689,0.9835140204092545
79690,0.9835304981499748
79691,0.9835469594211893
79692,0.9835634042393591
79693,0.983579832620929
79694,0.9835962445823273
79695,0.9836126401399662
79696,0.983629019310241
79697,0.9836453821095311
79698,0.9836617285541992
79699,0.9836780586605918
79700,0.983694372445039
79701,0.9837106699238546
79702,0.983726951113336
79703,0.9837432160297644
79704,0.9837594646894049
79705,0.9827761968586309
79706,0.9827934120541746
79707,0.982810610043126
79708,0.9828277908426831
79709,0.9828449544700267
79710,0.9828621009423205
79711,0.982879230276711
79712,0.9828963424903274
79713,0.9829134376002822
79714,0.9829305156236702
79715,0.9829475765775696
79716,0.9829646204790413
79717,0.9829816473451293
79718,0.9829986571928603
79719,0.9830156500392442
79720,0.9830326259012739
79721,0.9830495847959253
79722,0.9830665267401573
79723,0.9830834517509117
79724,0.9821008595952386
79725,0.9821187497905457
79726,0.9821366221045982
79727,0.9821544765552682
79728,0.9821723131604104
79729,0.9821901319378613
79730,0.9822079329054396
79731,0.9822257160809464
79732,0.9822434814821649
79733,0.9822612291268604
79734,0.9822789590327806
79735,0.9822966712176554
79736,0.982314365699197
79737,0.9823320424950998
79738,0.9823497016230407
79739,0.9823673431006789
79740,0.9823849669456557
79741,0.9824025731755951
79742,0.9824201618081032
79743,0.9824377328607687
79744,0.9824552863511627
79745,0.9814733220469637
79746,0.9814918394662071
79747,0.9815103383772854
79748,0.9815288187986975
79749,0.9815472807489236
79750,0.9805662239965509
79751,0.9805856480605224
79752,0.9806050527101371
79753,0.9806244379647996
79754,0.9806438038438953
79755,0.98066315036679
79756,0.9806824775528301
79757,0.980701785421343
79758,0.9807210739916365
79759,0.9807403432829992
79760,0.9807595933147003
79761,0.9807788241059899
79762,0.9807980356760989
79763,0.9808172280442388
79764,0.9808364012296018
79765,0.9808555552513614
79766,0.9808746901286713
79767,0.9808938058806667
79768,0.9809129025264631
79769,0.9809319800851574
79770,0.9809510385758269
79771,0.9809700780175302
79772,0.9809890984293068
79773,0.9810080998301771
79774,0.9810270822391425
79775,0.9810460456751853
79776,0.981064990157269
79777,0.9810839157043382
79778,0.9811028223353183
79779,0.9811217100691161
79780,0.9811405789246193
79781,0.9811594289206966
79782,0.9811782600761981
79783,0.981197072409955
79784,0.9812158659407797
79785,0.9812346406874656
79786,0.9812533966687874
79787,0.9812721339035013
79788,0.9812908524103444
79789,0.9813095522080352
79790,0.9813282333152735
79791,0.9813468957507405
79792,0.9803660392832235
79793,0.980385663431866
79794,0.9804052679661669
79795,0.9804248529057309
79796,0.980444418270143
79797,0.9804639640789684
79798,0.9804834903517531
79799,0.9805029971080232
79800,0.9805224843672856
79801,0.9805419521490275
79802,0.9805614004727167
79803,0.9805808293578014
79804,0.9806002388237107
79805,0.980619628889854
79806,0.9806389995756213
79807,0.9806583509003833
79808,0.9806776828834914
79809,0.9806969955442776
79810,0.9807162889020544
79811,0.9807355629761153
79812,0.9797553175358593
79813,0.9797755521010408
79814,0.9797957664417695
79815,0.9798159605782595
79816,0.979836134530705
79817,0.97985628831928
79818,0.9798764219641383
79819,0.9798965354854134
79820,0.9799166289032192
79821,0.9799367022376487
79822,0.9799567555087755
79823,0.9799767887366527
79824,0.9799968019413138
79825,0.9800167951427717
79826,0.9800367683610198
79827,0.9800567216160313
79828,0.9800766549277594
79829,0.9800965683161375
79830,0.9801164618010788
79831,0.980136335402477
79832,0.9801561891402056
79833,0.9801760230341184
79834,0.9801958371040493
79835,0.9802156313698124
79836,0.9802354058512018
79837,0.9802551605679922
79838,0.9802748955399383
79839,0.9802946107867749
79840,0.9803143063282175
79841,0.9803339821839614
79842,0.9803536383736826
79843,0.9803732749170373
79844,0.980392891833662
79845,0.9804124891431736
79846,0.9804320668651694
79847,0.9804516250192272
79848,0.9804711636249052
79849,0.9804906827017419
79850,0.9805101822692563
79851,0.9805296623469483
79852,0.9805491229542976
79853,0.9805685641107651
79854,0.9805879858357918
79855,0.9806073881487994
79856,0.9806267710691905
79857,0.9806461346163478
79858,0.9806654788096347
79859,0.9806848036683957
79860,0.9807041092119555
79861,0.9807233954596197
79862,0.9807426624306745
79863,0.9797624098945119
79864,0.9797826373708792
79865,0.9798028446298789
79866,0.979823031691718
79867,0.9798431985765839
79868,0.9798633453046433
79869,0.9798834718960429
79870,0.9799035783709094
79871,0.9799236647493492
79872,0.9799437310514488
79873,0.9799637772972745
79874,0.9799838035068724
79875,0.9800038097002689
79876,0.98002379589747
79877,0.980043762118462
79878,0.9800637083832112
79879,0.9800836347116638
79880,0.9801035411237461
79881,0.9801234276393646
79882,0.9801432942784056
79883,0.9801631410607361
79884,0.9801829680062026
79885,0.9802027751346322
79886,0.980222562465832
79887,0.9802423300195893
79888,0.9802620778156717
79889,0.9802818058738269
79890,0.9803015142137831
79891,0.9803212028552486
79892,0.980340871817912
79893,0.9803605211214423
79894,0.9803801507854889
79895,0.9803997608296813
79896,0.9804193512736297
79897,0.9804389221369244
79898,0.9804584734391364
79899,0.9804780051998169
79900,0.9804975174384977
79901,0.9805170101746911
79902,0.9805364834278898
79903,0.9805559372175671
79904,0.9805753715631766
79905,0.980594786484153
79906,0.9806141819999109
79907,0.980633558129846
79908,0.9806529148933344
79909,0.9806722523097329
79910,0.9806915703983788
79911,0.9807108691785904
79912,0.9807301486696662
79913,0.9807494088908859
79914,0.9807686498615097
79915,0.9807878716007785
79916,0.9808070741279141
79917,0.9808262574621192
79918,0.9808454216225768
79919,0.9808645666284513
79920,0.9808836924988876
79921,0.9809027992530117
79922,0.9809218869099302
79923,0.9809409554887308
79924,0.9809600050084822
79925,0.9809790354882338
79926,0.9809980469470162
79927,0.9810170394038408
79928,0.9810360128777
79929,0.9800554671376923
79930,0.9800754017032718
79931,0.9800953163442481
79932,0.9801152110805357
79933,0.9801350859320294
79934,0.980154940918604
79935,0.9801747760601146
79936,0.9801945913763963
79937,0.9802143868872645
79938,0.9802341626125146
79939,0.9802539185719223
79940,0.9802736547852438
79941,0.980293371272215
79942,0.9803130680525527
79943,0.9803327451459535
79944,0.9803524025720944
79945,0.9803720403506331
79946,0.9803916585012071
79947,0.9804112570434348
79948,0.9804308359969146
79949,0.9804503953812256
79950,0.980469935215927
79951,0.9804894555205587
79952,0.9805089563146411
79953,0.9805284376176749
79954,0.9795483991992665
79955,0.9795688405793772
79956,0.9795892615283234
79957,0.979609662066526
79958,0.9796300422143855
79959,0.9796504019922823
79960,0.9796707414205759
79961,0.9796910605196057
79962,0.9797113593096911
79963,0.9797316378111307
79964,0.979751896044203
79965,0.9797721340291663
79966,0.9797923517862586
79967,0.9798125493356976
79968,0.979832726697681
79969,0.9798528838923859
79970,0.9798730209399698
79971,0.9798931378605695
79972,0.9799132346743021
79973,0.9799333114012644
79974,0.979953368061533
79975,0.9799734046751647
79976,0.979993421262196
79977,0.9800134178426436
79978,0.9800333944365041
79979,0.9800533510637539
79980,0.9800732877443499
79981,0.9800932044982286
79982,0.9801131013453068
79983,0.9801329783054814
79984,0.9801528353986293
79985,0.9801726726446077
79986,0.9801924900632538
79987,0.980212287674385
79988,0.9802320654977988
79989,0.9802518235532733
79990,0.9802715618605664
79991,0.9802912804394164
79992,0.9803109793095419
79993,0.9803306584906418
79994,0.9803503180023954
79995,0.9803699578644619
79996,0.9803895780964814
79997,0.9804091787180741
79998,0.9804287597488406
79999,0.980448321208362
80000,0.9804678631161997
80001,0.9804873854918956
80002,0.9805068883549722
80003,0.9805263717249323
80004,0.9805458356212592
80005,0.9805652800634168
80006,0.9805847050708497
80007,0.9806041106629828
80008,0.9796239966093466
80009,0.979644362429827
80010,0.9796647078946648
80011,0.9796850330242053
80012,0.9797053378387738
80013,0.9797256223586751
80014,0.9797458866041937
80015,0.9797661305955938
80016,0.9797863543531194
80017,0.9798065578969944
80018,0.9798267412474222
80019,0.9798469044245862
80020,0.9798670474486496
80021,0.9798871703397554
80022,0.9799072731180265
80023,0.9799273558035657
80024,0.9799474184164557
80025,0.9799674609767591
80026,0.9799874835045185
80027,0.9800074860197563
80028,0.9800274685424751
80029,0.9800474310926576
80030,0.9800673736902661
80031,0.9800872963552433
80032,0.9801071991075119
80033,0.9801270819669746
80034,0.9801469449535144
80035,0.9801667880869941
80036,0.9801866113872569
80037,0.9802064148741263
80038,0.9802261985674056
80039,0.9802459624868785
80040,0.9802657066523088
80041,0.9802854310834409
80042,0.9803051357999992
80043,0.9803248208216884
80044,0.9803444861681935
80045,0.9803641318591798
80046,0.9793842576644181
80047,0.9794048631040339
80048,0.9794254479485076
80049,0.9794460122184241
80050,0.9794665559343477
80051,0.9794870791168221
80052,0.9795075817863705
80053,0.9795280639634956
80054,0.9795485256686794
80055,0.9795689669223839
80056,0.9795893877450502
80057,0.9796097881570991
80058,0.9796301681789311
80059,0.9796505278309262
80060,0.979670867133444
80061,0.9796911861068238
80062,0.9797114847713847
80063,0.9797317631474253
80064,0.979752021255224
80065,0.9797722591150388
80066,0.9797924767471078
80067,0.9798126741716484
80068,0.9798328514088581
80069,0.9798530084789142
80070,0.9798731454019738
80071,0.9798932621981737
80072,0.9799133588876309
80073,0.9799334354904419
80074,0.9799534920266834
80075,0.9799735285164118
80076,0.9799935449796638
80077,0.9800135414364558
80078,0.9800335179067842
80079,0.9800534744106255
80080,0.9800734109679362
80081,0.9800933275986529
80082,0.9801132243226922
80083,0.9801331011599509
80084,0.9801529581303058
80085,0.9801727952536138
80086,0.9801926125497121
80087,0.9802124100384181
80088,0.9802321877395291
80089,0.9802519456728229
80090,0.9802716838580575
80091,0.980291402314971
80092,0.9803111010632819
80093,0.9803307801226889
80094,0.9803504395128712
80095,0.980370079253488
80096,0.9803896993641791
80097,0.9804092998645647
80098,0.9804288807742453
80099,0.9804484421128018
80100,0.9804679838997955
80101,0.9804875061547682
80102,0.9805070088972422
80103,0.9805264921467202
80104,0.9805459559226855
80105,0.9805654002446018
80106,0.9805848251319136
80107,0.9806042306040456
80108,0.9806236166804033
80109,0.9806429833803729
80110,0.9806623307233211
80111,0.9806816587285951
80112,0.980700967415523
80113,0.9807202568034136
80114,0.9807395269115561
80115,0.9807587777592207
80116,0.9807780093656583
80117,0.9807972217501004
80118,0.9808164149317595
80119,0.9808355889298287
80120,0.980854743763482
80121,0.9808738794518743
80122,0.9808929960141413
80123,0.9809120934693994
80124,0.9809311718367464
80125,0.9809502311352604
80126,0.9809692713840007
80127,0.9809882926020077
80128,0.9810072948083025
80129,0.9810262780218875
80130,0.9810452422617456
80131,0.9810641875468413
80132,0.9810831138961198
80133,0.9811020213285074
80134,0.9801214096130366
80135,0.9801412782690956
80136,0.9801611270664278
80137,0.9801809560248821
80138,0.9802007651642876
80139,0.9802205545044532
80140,0.9802403240651684
80141,0.9802600738662027
80142,0.980279803927306
80143,0.9802995142682082
80144,0.9803192049086198
80145,0.9803388758682313
80146,0.9803585271667139
80147,0.9803781588237187
80148,0.9803977708588774
80149,0.9804173632918021
80150,0.9804369361420852
80151,0.9804564894292994
80152,0.9804760231729983
80153,0.9804955373927154
80154,0.9805150321079651
80155,0.980534507338242
80156,0.9805539631030213
80157,0.9805733994217589
80158,0.9805928163138911
80159,0.9806122137988347
80160,0.9806315918959873
80161,0.9806509506247268
80162,0.9806702900044123
80163,0.9806896100543829
80164,0.9807089107939587
80165,0.9807281922424406
80166,0.9807474544191098
80167,0.9807666973432286
80168,0.98078592103404
80169,0.9808051255107676
80170,0.9808243107926159
80171,0.9808434768987702
80172,0.9808626238483966
80173,0.9808817516606421
80174,0.9809008603546344
80175,0.9809199499494824
80176,0.9809390204642755
80177,0.9809580719180844
80178,0.9809771043299603
80179,0.9809961177189359
80180,0.9810151121040245
80181,0.9810340875042204
80182,0.981053043938499
80183,0.9810719814258169
80184,0.9810908999851115
80185,0.9811097996353012
80186,0.9811286803952859
80187,0.9811475422839463
80188,0.9811663853201442
80189,0.9811852095227228
80190,0.9812040149105062
80191,0.9812228015022998
80192,0.9812415693168902
80193,0.9812603183730453
80194,0.981279048689514
80195,0.9812977602850267
80196,0.9813164531782951
80197,0.9813351273880119
80198,0.9813537829328515
80199,0.9813724198314693
80200,0.9813910381025023
80201,0.9814096377645687
80202,0.9814282188362683
80203,0.981446781336182
80204,0.9814653252828724
80205,0.9814838506948835
80206,0.9815023575907407
80207,0.9815208459889508
80208,0.9815393159080024
80209,0.9815577673663651
80210,0.9815762003824907
80211,0.981594614974812
80212,0.9816130111617437
80213,0.981631388961682
80214,0.9816497483930047
80215,0.9816680894740711
80216,0.9816864122232225
80217,0.9817047166587815
80218,0.9817230027990526
80219,0.9817412706623219
80220,0.9817595202668573
80221,0.9817777516309084
80222,0.9817959647727066
80223,0.981814159710465
80224,0.9818323364623787
80225,0.9818504950466241
80226,0.9818686354813602
80227,0.9818867577847271
80228,0.9819048619748473
80229,0.9819229480698249
80230,0.9819410160877462
80231,0.981959066046679
80232,0.9819770979646734
80233,0.9819951118597612
80234,0.9820131077499563
80235,0.9820310856532547
80236,0.9820490455876343
80237,0.9820669875710549
80238,0.9820849116214587
80239,0.9821028177567697
80240,0.9821207059948939
80241,0.9821385763537196
80242,0.9821564288511172
80243,0.9821742635049392
80244,0.9821920803330202
80245,0.982209879353177
80246,0.9822276605832089
80247,0.9822454240408968
80248,0.9822631697440043
80249,0.9822808977102772
80250,0.9822986079574433
80251,0.982316300503213
80252,0.9823339753652787
80253,0.9823516325613154
80254,0.9823692721089803
80255,0.9823868940259128
80256,0.982404498329735
80257,0.9824220850380511
80258,0.9824396541684478
80259,0.9824572057384944
80260,0.9824747397657423
80261,0.9824922562677255
80262,0.9815102550120857
80263,0.9815287355168212
80264,0.9815471975502876
80265,0.981565641130947
80266,0.9815840662772429
80267,0.9816024730076005
80268,0.9816208613404265
80269,0.9816392312941092
80270,0.9816575828870187
80271,0.9816759161375064
80272,0.9816942310639056
80273,0.9817125276845314
80274,0.9817308060176804
80275,0.9817490660816307
80276,0.9817673078946426
80277,0.9817855314749578
80278,0.9818037368407999
80279,0.9818219240103743
80280,0.9818400930018681
80281,0.9818582438334504
80282,0.9818763765232721
80283,0.9818944910894657
80284,0.9819125875501459
80285,0.981930665923409
80286,0.9819487262273336
80287,0.98196676847998
80288,0.9819847926993903
80289,0.9820027989035889
80290,0.9820207871105818
80291,0.9820387573383573
80292,0.9820567096048857
80293,0.9820746439281192
80294,0.9820925603259921
80295,0.9821104588164209
80296,0.982128339417304
80297,0.9821462021465222
80298,0.9821640470219379
80299,0.9821818740613962
80300,0.9821996832827242
80301,0.981217974453856
80302,0.9812367470930825
80303,0.9812555009690515
80304,0.9812742361005167
80305,0.9812929525062133
80306,0.9813116502048578
80307,0.9813303292151477
80308,0.9813489895557623
80309,0.9813676312453617
80310,0.9813862543025877
80311,0.9814048587460634
80312,0.9814234445943932
80313,0.981442011866163
80314,0.9814605605799399
80315,0.9814790907542728
80316,0.9814976024076918
80317,0.9815160955587086
80318,0.9815345702258162
80319,0.9815530264274896
80320,0.9815714641821848
80321,0.9815898835083395
80322,0.9816082844243732
80323,0.9816266669486867
80324,0.9816450310996625
80325,0.9816633768956649
80326,0.9816817043550395
80327,0.9817000134961139
80328,0.9817183043371972
80329,0.9817365768965803
80330,0.9817548311925358
80331,0.9817730672433179
80332,0.9817912850671627
80333,0.981809484682288
80334,0.9818276661068934
80335,0.9818458293591604
80336,0.9818639744572523
80337,0.981882101419314
80338,0.9819002102634726
80339,0.981918301007837
80340,0.9819363736704978
80341,0.9819544282695278
80342,0.9819724648229816
80343,0.9819904833488957
80344,0.9820084838652886
80345,0.9810269661402858
80346,0.9810459296923695
80347,0.9810648742903781
80348,0.9810837999532563
80349,0.9811027066999297
80350,0.9811215945493051
80351,0.9811404635202704
80352,0.9811593136316944
80353,0.9811781449024274
80354,0.9811969573513005
80355,0.9812157509971263
80356,0.9812345258586984
80357,0.9802537817049166
80358,0.9802735180550366
80359,0.9802932346786697
80360,0.9803129315955326
80361,0.9803326088253221
80362,0.9803522663877157
80363,0.9803719043023706
80364,0.980391522588925
80365,0.980411121266997
80366,0.9804307003561854
80367,0.9804502598760693
80368,0.9804697998462081
80369,0.9804893202861419
80370,0.9805088212153911
80371,0.9805283026534567
80372,0.9805477646198201
80373,0.9805672071339432
80374,0.9805866302152686
80375,0.9806060338832193
80376,0.9806254181571991
80377,0.9806447830565922
80378,0.9806641286007635
80379,0.9806834548090585
80380,0.9807027617008036
80381,0.9807220492953056
80382,0.980741317611852
80383,0.9807605666697112
80384,0.9807797964881323
80385,0.980799007086345
80386,0.9808181984835601
80387,0.9808373706989688
80388,0.9808565237517435
80389,0.9808756576610371
80390,0.9808947724459837
80391,0.9809138681256978
80392,0.9809329447192753
80393,0.9809520022457927
80394,0.9809710407243076
80395,0.9809900601738586
80396,0.9810090606134649
80397,0.9810280420621271
80398,0.9810470045388267
80399,0.981065948062526
80400,0.9810848726521687
80401,0.9811037783266793
80402,0.9811226651049635
80403,0.981141533005908
80404,0.9811603820483809
80405,0.9811792122512311
80406,0.9811980236332888
80407,0.9812168162133654
80408,0.9812355900102536
80409,0.9812543450427271
80410,0.9812730813295409
80411,0.9812917988894314
80412,0.9813104977411161
80413,0.9813291779032939
80414,0.9813478393946449
80415,0.9813664822338306
80416,0.981385106439494
80417,0.9814037120302591
80418,0.9814222990247317
80419,0.9804413671916234
80420,0.9804609160500026
80421,0.980480445369293
80422,0.9795004549191488
80423,0.9795209442195795
80424,0.9795414130409492
80425,0.9795618614037269
80426,0.9795822893283609
80427,0.9796026968352791
80428,0.978623583695014
80429,0.9776454491785772
80430,0.9776677925577091
80431,0.9776901136046279
80432,0.9777124123416547
80433,0.9777346887910884
80434,0.9777569429752052
80435,0.9767796746663844
80436,0.9768028833873575
80437,0.9768260689112083
80438,0.9768492312611221
80439,0.9768723704602614
80440,0.9768954865317654
80441,0.9759190792488751
80442,0.9749436478853081
80443,0.9749686917155077
80444,0.9749937105143928
80445,0.9750187043069821
80446,0.9750436731182694
80447,0.9750686169732237
80448,0.9750935358967887
80449,0.9751184299138834
80450,0.9751432990494018
80451,0.975168143328213
80452,0.9751929627751613
80453,0.9752177574150662
80454,0.9752425272727223
80455,0.9752672723728995
80456,0.9752919927403428
80457,0.9753166883997728
80458,0.975341359375885
80459,0.9753660056933503
80460,0.9753906273768153
80461,0.9754152244509015
80462,0.9754397969402059
80463,0.9754643448693011
80464,0.9754888682627351
80465,0.9755133671450312
80466,0.9755378415406883
80467,0.9755622914741809
80468,0.9755867169699589
80469,0.9756111180524477
80470,0.9756354947460485
80471,0.9756598470751379
80472,0.9756841750640682
80473,0.9757084787371676
80474,0.9757327581187396
80475,0.9757570132330637
80476,0.975781244104395
80477,0.9758054507569643
80478,0.9758296332149784
80479,0.9758537915026196
80480,0.9758779256440463
80481,0.9759020356633926
80482,0.9759261215847685
80483,0.97595018343226
80484,0.9759742212299289
80485,0.975998235001813
80486,0.9760222247719261
80487,0.976046190564258
80488,0.9760701324027745
80489,0.9760940503114174
80490,0.9761179443141046
80491,0.9761418144347301
80492,0.9761656606971642
80493,0.9761894831252529
80494,0.9762132817428189
80495,0.9762370565736606
80496,0.976260807641553
80497,0.976284534970247
80498,0.9763082385834702
80499,0.976331918504926
80500,0.9763555747582944
80501,0.9763792073672316
80502,0.9764028163553703
80503,0.9764264017463195
80504,0.9764499635636644
80505,0.9764735018309671
80506,0.9764970165717658
80507,0.9765205078095751
80508,0.9765439755678864
80509,0.9765674198701674
80510,0.9765908407398624
80511,0.9766142382003922
80512,0.9766376122751544
80513,0.9766609629875231
80514,0.9766842903608489
80515,0.9767075944184592
80516,0.9767308751836582
80517,0.9767541326797265
80518,0.9767773669299217
80519,0.976800577957478
80520,0.9768237657856065
80521,0.9768469304374949
80522,0.976870071936308
80523,0.9768931903051873
80524,0.9769162855672511
80525,0.9769393577455947
80526,0.9769624068632903
80527,0.9769854329433869
80528,0.9770084360089107
80529,0.9770314160828648
80530,0.9770543731882293
80531,0.9770773073479612
80532,0.9771002185849947
80533,0.9771231069222411
80534,0.9771459723825887
80535,0.977168814988903
80536,0.9771916347640265
80537,0.977214431730779
80538,0.9772372059119577
80539,0.9772599573303365
80540,0.9772826860086671
80541,0.9773053919696779
80542,0.977328075236075
80543,0.9773507358305417
80544,0.9763738735258635
80545,0.976397487845178
80546,0.9764210785619745
80547,0.9764446456998436
80548,0.9764681892823525
80549,0.9764917093330447
80550,0.9765152058754405
80551,0.9765386789330363
80552,0.9765621285293051
80553,0.9765855546876966
80554,0.9766089574316369
80555,0.9766323367845288
80556,0.9766556927697516
80557,0.9766790254106614
80558,0.9767023347305908
80559,0.9767256207528491
80560,0.9767488835007223
80561,0.9767721229974732
80562,0.9767953392663413
80563,0.9768185323305428
80564,0.9768417022132709
80565,0.9768648489376954
80566,0.9768879725269631
80567,0.9769110730041975
80568,0.9769341503924992
80569,0.9769572047149455
80570,0.9769802359945907
80571,0.9770032442544662
80572,0.9770262295175801
80573,0.9770491918069178
80574,0.9770721311454417
80575,0.9770950475560909
80576,0.977117941061782
80577,0.9771408116854083
80578,0.9771636594498407
80579,0.9771864843779269
80580,0.9772092864924916
80581,0.9772320658163371
80582,0.9772548223722428
80583,0.9772775561829652
80584,0.9773002672712381
80585,0.9773229556597726
80586,0.977345621371257
80587,0.9773682644283572
80588,0.9773908848537162
80589,0.9774134826699543
80590,0.9774360578996695
80591,0.9774586105654369
80592,0.9774811406898093
80593,0.9775036482953168
80594,0.9775261334044669
80595,0.9775485960397449
80596,0.9775710362236132
80597,0.9775934539785122
80598,0.9776158493268595
80599,0.9776382222910506
80600,0.9776605728934583
80601,0.9776829011564334
80602,0.977705207102304
80603,0.9777274907533762
80604,0.9777497521319335
80605,0.9777719912602374
80606,0.977794208160527
80607,0.9778164028550193
80608,0.9778385753659088
80609,0.9778607257153682
80610,0.9778828539255477
80611,0.9779049600185756
80612,0.9779270440165581
80613,0.977949105941579
80614,0.9779711458157003
80615,0.977993163660962
80616,0.9780151594993818
80617,0.9780371333529556
80618,0.9780590852436573
80619,0.9780810151934387
80620,0.9781029232242299
80621,0.9781248093579388
80622,0.9781466736164516
80623,0.9781685160216326
80624,0.9781903365953241
80625,0.9782121353593467
80626,0.9782339123354993
80627,0.9782556675455587
80628,0.9782774010112802
80629,0.9782991127543974
80630,0.9783208027966219
80631,0.9783424711596438
80632,0.9783641178651314
80633,0.9783857429347315
80634,0.9784073463900691
80635,0.9784289282527477
80636,0.9784504885443492
80637,0.9784720272864339
80638,0.9784935445005404
80639,0.978515040208186
80640,0.9785365144308665
80641,0.978557967190056
80642,0.9785793985072074
80643,0.978600808403752
80644,0.9786221969010995
80645,0.9786435640206387
80646,0.9786649097837364
80647,0.9786862342117387
80648,0.9787075373259698
80649,0.978728819147733
80650,0.97875007969831
80651,0.9787713189989613
80652,0.9787925370709264
80653,0.9788137339354233
80654,0.9788349096136487
80655,0.9788560641267785
80656,0.9788771974959671
80657,0.9788983097423479
80658,0.9789194008870332
80659,0.9789404709511141
80660,0.9789615199556607
80661,0.978982547921722
80662,0.979003554870326
80663,0.9790245408224796
80664,0.9790455057991687
80665,0.9790664498213585
80666,0.9790873729099928
80667,0.9791082750859949
80668,0.9791291563702668
80669,0.9791500167836897
80670,0.9791708563471243
80671,0.97919167508141
80672,0.9792124730073657
80673,0.9792332501457891
80674,0.9792540065174575
80675,0.9792747421431273
80676,0.9792954570435339
80677,0.9793161512393924
80678,0.979336824751397
80679,0.9793574776002213
80680,0.979378109806518
80681,0.9793987213909192
80682,0.9794193123740368
80683,0.9794398827764615
80684,0.9794604326187639
80685,0.9794809619214938
80686,0.9795014707051805
80687,0.9795219589903327
80688,0.9795424267974387
80689,0.9795628741469665
80690,0.9795833010593633
80691,0.9796037075550561
80692,0.9796240936544514
80693,0.9796444593779352
80694,0.9796648047458733
80695,0.979685129778611
80696,0.9797054344964734
80697,0.9797257189197652
80698,0.9797459830687709
80699,0.9797662269637547
80700,0.9797864506249604
80701,0.9798066540726116
80702,0.9798268373269118
80703,0.9798470004080443
80704,0.9798671433361722
80705,0.9798872661314384
80706,0.9799073688139657
80707,0.9799274514038567
80708,0.9799475139211942
80709,0.9799675563860406
80710,0.9799875788184383
80711,0.9800075812384099
80712,0.9800275636659578
80713,0.9800475261210643
80714,0.9800674686236919
80715,0.9800873911937832
80716,0.9801072938512607
80717,0.9801271766160271
80718,0.9801470395079651
80719,0.9801668825469376
80720,0.9801867057527878
80721,0.9802065091453387
80722,0.9802262927443938
80723,0.9802460565697367
80724,0.9802658006411313
80725,0.9802855249783216
80726,0.9803052296010318
80727,0.9803249145289669
80728,0.9803445797818114
80729,0.9793647251293559
80730,0.9793853500917453
80731,0.9794059544394798
80732,0.9794265381931634
80733,0.9794471013733801
80734,0.9794676440006931
80735,0.9794881660956449
80736,0.9795086676787578
80737,0.9795291487705331
80738,0.978550109141577
80739,0.9785715483128499
80740,0.9785929660556656
80741,0.9786143623914421
80742,0.9786357373415756
80743,0.9786570909274411
80744,0.9786784231703922
80745,0.9786997340917611
80746,0.9787210237128589
80747,0.978742292054975
80748,0.9787635391393779
80749,0.9787847649873145
80750,0.9778064693701358
80751,0.977828651809546
80752,0.9778508120776025
80753,0.9778729501964655
80754,0.9778950661882732
80755,0.9779171600751414
80756,0.9779392318791642
80757,0.9779612816224135
80758,0.9779833093269388
80759,0.978005315014768
80760,0.9780272987079066
80761,0.9780492604283385
80762,0.9780712001980253
80763,0.9780931180389069
80764,0.9781150139729009
80765,0.9781368880219035
80766,0.9781587402077886
80767,0.9781805705524085
80768,0.9782023790775934
80769,0.978224165805152
80770,0.978245930756871
80771,0.9772681737046403
80772,0.9772908941707026
80773,0.9773135919276534
80774,0.9773362669981905
80775,0.977358919404989
80776,0.9773815491707011
80777,0.9774041563179567
80778,0.9774267408693631
80779,0.9774493028475046
80780,0.9774718422749434
80781,0.9774943591742189
80782,0.9775168535678479
80783,0.9775393254783248
80784,0.9775617749281216
80785,0.9775842019396876
80786,0.9776066065354501
80787,0.9776289887378135
80788,0.9776513485691599
80789,0.9776736860518495
80790,0.9776960012082194
80791,0.977718294060585
80792,0.977740564631239
80793,0.9777628129424522
80794,0.9777850390164727
80795,0.9778072428755268
80796,0.9778294245418181
80797,0.9778515840375284
80798,0.9778737213848172
80799,0.9778958366058219
80800,0.9779179297226577
80801,0.9779400007574176
80802,0.9779620497321728
80803,0.9779840766689722
80804,0.9780060815898428
80805,0.9780280645167895
80806,0.9780500254717952
80807,0.9780719644768209
80808,0.9780938815538056
80809,0.9781157767246663
80810,0.9781376500112984
80811,0.978159501435575
80812,0.9781813310193475
80813,0.9782031387844455
80814,0.978224924752677
80815,0.9782466889458277
80816,0.9782684313856619
80817,0.9782901520939221
80818,0.978311851092329
80819,0.9783335284025816
80820,0.9783551840463571
80821,0.9783768180453113
80822,0.9783984304210781
80823,0.9784200211952699
80824,0.9784415903894775
80825,0.9784631380252702
80826,0.9784846641241954
80827,0.9775066684579043
80828,0.9775291505484012
80829,0.9775516101680429
80830,0.9775740473392892
80831,0.9775964620845773
80832,0.9776188544263218
80833,0.9776412243869151
80834,0.9776635719887273
80835,0.9776858972541059
80836,0.9777082002053762
80837,0.977730480864841
80838,0.9777527392547812
80839,0.9767754751475801
80840,0.9767986880659734
80841,0.9768218777830489
80842,0.9768450443219964
80843,0.9768681877059824
80844,0.9768913079581503
80845,0.9769144051016204
80846,0.9769374791594899
80847,0.9769605301548328
80848,0.9769835581107
80849,0.9770065630501196
80850,0.9770295449960965
80851,0.9770525039716127
80852,0.9770754399996271
80853,0.9770983531030757
80854,0.9771212433048717
80855,0.9771441106279053
80856,0.9771669550950438
80857,0.9771897767291318
80858,0.9772125755529907
80859,0.9772353515894194
80860,0.9762586046113191
80861,0.9762823341419424
80862,0.9763060399548941
80863,0.9763297220738797
80864,0.9763533805225815
80865,0.9763770153246578
80866,0.9764006265037436
80867,0.97642421408345
80868,0.9764477780873646
80869,0.9764713185390514
80870,0.9764948354620508
80871,0.9765183288798799
80872,0.976541798816032
80873,0.9765652452939769
80874,0.9765886683371614
80875,0.9766120679690083
80876,0.9766354442129174
80877,0.9766587970922648
80878,0.9766821266304034
80879,0.9767054328506629
80880,0.9767287157763495
80881,0.9767519754307459
80882,0.9767752118371119
80883,0.976798425018684
80884,0.9768216149986753
80885,0.9768447818002758
80886,0.9768679254466524
80887,0.9768910459609486
80888,0.9769141433662849
80889,0.9769372176857589
80890,0.9769602689424448
80891,0.9769832971593939
80892,0.9770063023596344
80893,0.9770292845661714
80894,0.9770522438019874
80895,0.9770751800900414
80896,0.9770980934532697
80897,0.9771209839145858
80898,0.9771438514968801
80899,0.9771666962230201
80900,0.9771895181158506
80901,0.9772123171981936
80902,0.9772350934928481
80903,0.9772578470225903
80904,0.977280577810174
80905,0.9773032858783297
80906,0.9773259712497656
80907,0.9773486339471672
80908,0.977371273993197
80909,0.9773938914104952
80910,0.9774164862216791
80911,0.9774390584493435
80912,0.9774616081160609
80913,0.9774841352443806
80914,0.97750663985683
80915,0.9775291219759136
80916,0.9775515816241136
80917,0.9775740188238896
80918,0.9775964335976788
80919,0.977618825967896
80920,0.9776411959569336
80921,0.9776635435871615
80922,0.9776858688809275
80923,0.9777081718605567
80924,0.9777304525483522
80925,0.9777527109665948
80926,0.9777749471375426
80927,0.9777971610834322
80928,0.9778193528264773
80929,0.9778415223888696
80930,0.9778636697927787
80931,0.9778857950603521
80932,0.977907898213715
80933,0.9779299792749707
80934,0.9779520382662001
80935,0.9779740752094623
80936,0.9779960901267942
80937,0.9780180830402108
80938,0.9780400539717048
80939,0.9780620029432473
80940,0.9780839299767873
80941,0.9781058350942518
80942,0.9781277183175459
80943,0.9781495796685528
80944,0.978171419169134
80945,0.9781932368411288
80946,0.978215032706355
80947,0.9782368067866085
80948,0.9782585591036633
80949,0.9782802896792718
80950,0.9783019985351646
80951,0.9783236856930505
80952,0.9783453511746166
80953,0.9783669950015286
80954,0.9783886171954301
80955,0.9784102177779435
80956,0.9784317967706692
80957,0.9784533541951862
80958,0.9784748900730521
80959,0.9784964044258027
80960,0.9785178972749523
80961,0.9785393686419939
80962,0.9785608185483987
80963,0.9785822470156167
80964,0.9786036540650763
80965,0.9786250397181847
80966,0.9786464039963274
80967,0.9786677469208688
80968,0.9786890685131517
80969,0.9787103687944979
80970,0.9787316477862076
80971,0.9787529055095597
80972,0.978774141985812
80973,0.978795357236201
80974,0.978816551281942
80975,0.9788377241442289
80976,0.9788588758442346
80977,0.9788800064031109
80978,0.9789011158419884
80979,0.9789222041819764
80980,0.9789432714441634
80981,0.9789643176496164
80982,0.978985342819382
80983,0.9790063469744851
80984,0.9790273301359299
80985,0.9790482923246996
80986,0.9780697333118813
80987,0.9780916526189158
80988,0.9781135500175976
80989,0.9781354255298239
80990,0.9781572791774703
80991,0.9781791109823904
80992,0.9772014207165409
80993,0.9772242079022315
80994,0.9772469723121243
80995,0.9772697139689838
80996,0.9772924328955515
80997,0.9773151291145464
80998,0.9773378026486649
80999,0.9773604535205802
81000,0.9773830817529434
81001,0.9774056873683827
81002,0.9774282703895038
81003,0.9774508308388895
81004,0.9774733687391005
81005,0.9774958841126746
81006,0.9775183769821272
81007,0.9775408473699512
81008,0.9775632952986169
81009,0.9775857207905723
81010,0.9776081238682428
81011,0.9776305045540317
81012,0.9776528628703195
81013,0.9776751988394646
81014,0.977697512483803
81015,0.9777198038256483
81016,0.9777420728872918
81017,0.9777643196910026
81018,0.9777865442590277
81019,0.9778087466135914
81020,0.9778309267768962
81021,0.9778530847711222
81022,0.9778752206184275
81023,0.9778973343409478
81024,0.977919425960797
81025,0.9779414955000665
81026,0.977963542980826
81027,0.9779855684251231
81028,0.978007571854983
81029,0.9780295532924093
81030,0.9780515127593834
81031,0.9780734502778647
81032,0.978095365869791
81033,0.9781172595570775
81034,0.9781391313616181
81035,0.9781609813052846
81036,0.978182809409927
81037,0.9782046156973733
81038,0.9782264001894299
81039,0.9782481629078812
81040,0.97826990387449
81041,0.9782916231109973
81042,0.9783133206391222
81043,0.9783349964805624
81044,0.9783566506569936
81045,0.9783782831900701
81046,0.9783998941014244
81047,0.9784214834126673
81048,0.9784430511453883
81049,0.9784645973211551
81050,0.9784861219615137
81051,0.9785076250879889
81052,0.9785291067220839
81053,0.9785505668852802
81054,0.978572005599038
81055,0.9785934228847961
81056,0.9786148187639717
81057,0.9786361932579607
81058,0.9786575463881376
81059,0.9786788781758556
81060,0.9787001886424465
81061,0.9787214778092206
81062,0.9787427456974672
81063,0.9787639923284542
81064,0.9787852177234283
81065,0.9788064219036148
81066,0.9788276048902178
81067,0.9778492664545454
81068,0.977871406118259
81069,0.9778935236533731
81070,0.9779156190820054
81071,0.9779376924262513
81072,0.9779597437081841
81073,0.977981772949855
81074,0.9780037801732935
81075,0.9780257654005066
81076,0.9780477286534796
81077,0.9780696699541758
81078,0.9780915893245364
81079,0.9781134867864809
81080,0.9781353623619067
81081,0.9781572160726894
81082,0.9781790479406827
81083,0.9782008579877185
81084,0.9782226462356068
81085,0.9782444127061359
81086,0.9782661574210724
81087,0.9782878804021607
81088,0.9783095816711241
81089,0.9783312612496637
81090,0.9783529191594592
81091,0.9783745554221684
81092,0.9783961700594277
81093,0.9784177630928516
81094,0.9784393345440331
81095,0.9784608844345438
81096,0.9784824127859336
81097,0.9785039196197308
81098,0.9785254049574422
81099,0.9785468688205532
81100,0.9785683112305277
81101,0.978589732208808
81102,0.9786111317768151
81103,0.9786325099559487
81104,0.978653866767587
81105,0.9786752022330867
81106,0.9786965163737833
81107,0.9787178092109909
81108,0.9787390807660025
81109,0.9787603310600894
81110,0.9787815601145021
81111,0.9788027679504696
81112,0.9788239545891998
81113,0.9788451200518793
81114,0.9788662643596735
81115,0.9788873875337268
81116,0.9789084895951624
81117,0.9789295705650823
81118,0.9789506304645675
81119,0.9789716693146779
81120,0.9789926871364524
81121,0.9790136839509087
81122,0.9790346597790437
81123,0.9790556146418332
81124,0.9790765485602322
81125,0.9790974615551745
81126,0.9791183536475732
81127,0.9791392248583202
81128,0.9791600752082869
81129,0.9791809047183235
81130,0.9792017134092598
81131,0.9792225013019041
81132,0.9792432684170447
81133,0.9792640147754484
81134,0.9792847403978618
81135,0.9793054453050104
81136,0.9793261295175991
81137,0.9793467930563121
81138,0.9793674359418131
81139,0.9793880581947448
81140,0.9794086598357296
81141,0.979429240885369
81142,0.9794498013642442
81143,0.9794703412929157
81144,0.9794908606919233
81145,0.9795113595817864
81146,0.9795318379830039
81147,0.9795522959160544
81148,0.9795727334013957
81149,0.9795931504594653
81150,0.9796135471106802
81151,0.9796339233754371
81152,0.9796542792741123
81153,0.9796746148270618
81154,0.9796949300546209
81155,0.9797152249771051
81156,0.9797354996148091
81157,0.9797557539880077
81158,0.9797759881169552
81159,0.9797962020218858
81160,0.9798163957230134
81161,0.9798365692405316
81162,0.9798567225946141
81163,0.9798768558054141
81164,0.9798969688930648
81165,0.9799170618776794
81166,0.9799371347793508
81167,0.9799571876181521
81168,0.9799772204141359
81169,0.9799972331873352
81170,0.9800172259577626
81171,0.9800371987454111
81172,0.9800571515702532
81173,0.980077084452242
81174,0.9800969974113102
81175,0.9801168904673708
81176,0.980136763640317
81177,0.9801566169500218
81178,0.9801764504163386
81179,0.9801962640591009
81180,0.9802160578981223
81181,0.9802358319531966
81182,0.980255586244098
81183,0.9802753207905807
81184,0.9802950356123792
81185,0.9803147307292084
81186,0.9803344061607634
81187,0.9803540619267197
81188,0.980373698046733
81189,0.9803933145404394
81190,0.9804129114274555
81191,0.9804324887273781
81192,0.9804520464597846
81193,0.9804715846442326
81194,0.9804911033002603
81195,0.9805106024473865
81196,0.9805300821051103
81197,0.9805495422929112
81198,0.9805689830302496
81199,0.9805884043365662
81200,0.9806078062312823
81201,0.9806271887337997
81202,0.980646551863501
81203,0.9806658956397494
81204,0.9806852200818885
81205,0.980704525209243
81206,0.9807238110411178
81207,0.9807430775967989
81208,0.9807623248955527
81209,0.9807815529566266
81210,0.9808007617992487
81211,0.9808199514426278
81212,0.9808391219059535
81213,0.9808582732083962
81214,0.9808774053691075
81215,0.9808965184072194
81216,0.9809156123418449
81217,0.9809346871920779
81218,0.9809537429769933
81219,0.980972779715647
81220,0.9809917974270757
81221,0.981010796130297
81222,0.9810297758443096
81223,0.9810487365880934
81224,0.981067678380609
81225,0.9810866012407984
81226,0.9811055051875842
81227,0.9811243902398705
81228,0.9811432564165423
81229,0.9811621037364658
81230,0.9811809322184883
81231,0.9811997418814383
81232,0.9812185327441255
81233,0.9812373048253408
81234,0.9812560581438562
81235,0.9812747927184251
81236,0.981293508567782
81237,0.9813122057106427
81238,0.9813308841657046
81239,0.9813495439516459
81240,0.9813681850871265
81241,0.9813868075907876
81242,0.9814054114812515
81243,0.9814239967771223
81244,0.9814425634969853
81245,0.9814611116594071
81246,0.9814796412829359
81247,0.9814981523861014
81248,0.9815166449874146
81249,0.9815351191053683
81250,0.9815535747584364
81251,0.9815720119650746
81252,0.9815904307437202
81253,0.981608831112792
81254,0.9816272130906902
81255,0.981645576695797
81256,0.9816639219464759
81257,0.9816822488610721
81258,0.9817005574579126
81259,0.981718847755306
81260,0.9817371197715427
81261,0.9817553735248944
81262,0.9817736090336151
81263,0.9817918263159403
81264,0.9818100253900873
81265,0.9818282062742552
81266,0.9818463689866247
81267,0.9818645135453588
81268,0.9818826399686018
81269,0.9819007482744803
81270,0.9819188384811025
81271,0.9819369106065586
81272,0.9819549646689208
81273,0.9819730006862433
81274,0.9819910186765619
81275,0.9820090186578947
81276,0.9820270006482417
81277,0.9820449646655848
81278,0.982062910727888
81279,0.9820808388530975
81280,0.9820987490591414
81281,0.9821166413639298
81282,0.9821345157853552
81283,0.9821523723412918
81284,0.9821702110495963
81285,0.9821880319281074
81286,0.9822058349946461
81287,0.9822236202670153
81288,0.9822413877630003
81289,0.9822591375003686
81290,0.98227686949687
81291,0.9822945837702365
81292,0.9823122803381823
81293,0.982329959218404
81294,0.9823476204285806
81295,0.9823652639863731
81296,0.9823828899094252
81297,0.9824004982153628
81298,0.9824180889217942
81299,0.9824356620463102
81300,0.9824532176064837
81301,0.9824707556198705
81302,0.9824882761040086
81303,0.9825057790764183
81304,0.9825232645546028
81305,0.9825407325560475
81306,0.9825581830982203
81307,0.9825756161985719
81308,0.9825930318745354
81309,0.9826104301435263
81310,0.982627811022943
81311,0.9826451745301665
81312,0.9826625206825602
81313,0.9826798494974702
81314,0.9826971609922254
81315,0.9827144551841371
81316,0.9827317320904998
81317,0.9827489917285902
81318,0.9827662341156681
81319,0.9827834592689758
81320,0.9828006672057384
81321,0.982817857943164
81322,0.9828350314984432
81323,0.9828521878887496
81324,0.9818698268813646
81325,0.981887947993927
81326,0.9819060509944328
81327,0.9819241359009852
81328,0.9819422027316689
81329,0.9819602515045508
81330,0.9819782822376797
81331,0.9819962949490864
81332,0.9810147894069083
81333,0.98103376512964
81334,0.9810527218861321
81335,0.9810716596953414
81336,0.9810905785762056
81337,0.9811094785476437
81338,0.9811283596285556
81339,0.9811472218378224
81340,0.9811660651943064
81341,0.9811848897168508
81342,0.9812036954242802
81343,0.9812224823354003
81344,0.9812412504689981
81345,0.9812599998438417
81346,0.9812787304786804
81347,0.9812974423922449
81348,0.9813161356032472
81349,0.9813348101303804
81350,0.981353465992319
81351,0.981372103207719
81352,0.9813907217952175
81353,0.9814093217734331
81354,0.9814279031609658
81355,0.9814464659763972
81356,0.9814650102382898
81357,0.9814835359651881
81358,0.9815020431756177
81359,0.9815205318880859
81360,0.9815390021210812
81361,0.9815574538930741
81362,0.9815758872225163
81363,0.9815943021278412
81364,0.9816126986274635
81365,0.9816310767397799
81366,0.9816494364831684
81367,0.9816677778759888
81368,0.9816861009365825
81369,0.9817044056832726
81370,0.9817226921343637
81371,0.9817409603081424
81372,0.9817592102228769
81373,0.981777441896817
81374,0.9817956553481946
81375,0.9818138505952229
81376,0.9818320276560972
81377,0.9818501865489947
81378,0.9818683272920742
81379,0.9818864499034764
81380,0.981904554401324
81381,0.9819226408037215
81382,0.9819407091287553
81383,0.9819587593944937
81384,0.981976791618987
81385,0.9819948058202673
81386,0.982012802016349
81387,0.9820307802252282
81388,0.9820487404648831
81389,0.982066682753274
81390,0.9820846071083432
81391,0.982102513548015
81392,0.9821204020901959
81393,0.9821382727527744
81394,0.9821561255536212
81395,0.9821739605105891
81396,0.9821917776415131
81397,0.9822095769642103
81398,0.9822273584964799
81399,0.9822451222561036
81400,0.9822628682608451
81401,0.9822805965284505
81402,0.9822983070766479
81403,0.982315999923148
81404,0.9823336750856436
81405,0.9823513325818098
81406,0.9823689724293043
81407,0.9823865946457668
81408,0.9824041992488195
81409,0.982421786256067
81410,0.9824393556850964
81411,0.9824569075534771
81412,0.982474441878761
81413,0.9824919586784824
81414,0.9825094579701581
81415,0.9825269397712874
81416,0.9825444040993521
81417,0.9825618509718165
81418,0.9825792804061275
81419,0.9825966924197146
81420,0.9826140870299898
81421,0.9826314642543476
81422,0.9826488241101653
81423,0.9826661666148028
81424,0.9826834917856025
81425,0.9827007996398898
81426,0.9817185899450973
81427,0.9817368622190152
81428,0.9817551162297908
81429,0.9817733519956781
81430,0.9817915695349128
81431,0.9818097688657125
81432,0.9818279500062764
81433,0.9818461129747859
81434,0.9818642577894038
81435,0.9818823844682749
81436,0.981900493029526
81437,0.9819185834912656
81438,0.9819366558715842
81439,0.9819547101885541
81440,0.9819727464602297
81441,0.9819907647046473
81442,0.982008764939825
81443,0.9820267471837633
81444,0.9810452112045691
81445,0.9810641565207064
81446,0.9810830829009956
81447,0.9811019903643629
81448,0.9811208789297158
81449,0.981139748615943
81450,0.9811585994419141
81451,0.9811774314264798
81452,0.9811962445884723
81453,0.9812150389467047
81454,0.9812338145199714
81455,0.9802530710771729
81456,0.9802728081375655
81457,0.9802925254707613
81458,0.9803122230964777
81459,0.9803319010344123
81460,0.9803515593042429
81461,0.980371197925628
81462,0.9803908169182061
81463,0.9804104163015962
81464,0.9804299960953977
81465,0.9804495563191904
81466,0.9804690969925345
81467,0.9804886181349707
81468,0.9805081197660201
81469,0.9805276019051845
81470,0.980547064571946
81471,0.9805665077857671
81472,0.9805859315660912
81473,0.980605335932342
81474,0.9806247209039238
81475,0.9806440865002217
81476,0.9806634327406013
81477,0.9806827596444088
81478,0.9807020672309711
81479,0.9807213555195958
81480,0.9807406245295712
81481,0.9807598742801663
81482,0.9807791047906309
81483,0.9807983160801955
81484,0.9808175081680713
81485,0.9808366810734506
81486,0.9808558348155061
81487,0.9808749694133917
81488,0.9808940848862419
81489,0.9809131812531722
81490,0.9809322585332789
81491,0.9799518164957645
81492,0.9799718546601864
81493,0.9799918727964582
81494,0.9800118709245976
81495,0.9800318490646031
81496,0.9800518072364526
81497,0.9800717454601043
81498,0.9800916637554965
81499,0.9801115621425475
81500,0.9791319403912806
81501,0.9791527980220739
81502,0.97917363480566
81503,0.9791944507628757
81504,0.979215245914537
81505,0.9792360202814391
81506,0.9792567738843562
81507,0.979277506744042
81508,0.9792982188812294
81509,0.9793189103166304
81510,0.9793395810709367
81511,0.9793602311648187
81512,0.9793808606189268
81513,0.9794014694538904
81514,0.9794220576903183
81515,0.9794426253487988
81516,0.9794631724498994
81517,0.9794836990141674
81518,0.9795042050621293
81519,0.9795246906142911
81520,0.9795451556911384
81521,0.9795656003131363
81522,0.9795860245007294
81523,0.9796064282743419
81524,0.9796268116543775
81525,0.9796471746612196
81526,0.9796675173152314
81527,0.9796878396367554
81528,0.979708141646114
81529,0.9797284233636091
81530,0.9797486848095225
81531,0.9797689260041157
81532,0.9787896467177548
81533,0.9788108464711603
81534,0.9788320250354071
81535,0.9778536821817986
81536,0.9778758174319917
81537,0.9778979305579967
81538,0.9779200215819267
81539,0.9779420905258728
81540,0.9779641374119039
81541,0.9779861622620669
81542,0.9780081650983867
81543,0.9780301459428661
81544,0.978052104817486
81545,0.9780740417442051
81546,0.9770964564950855
81547,0.9771193485925417
81548,0.9771422178093407
81549,0.9771650641683519
81550,0.9771878876924215
81551,0.9772106884043731
81552,0.9772334663270074
81553,0.9772562214831023
81554,0.9772789538954131
81555,0.977301663586672
81556,0.9773243505795889
81557,0.9773470148968507
81558,0.9773696565611217
81559,0.9773922755950436
81560,0.9774148720212354
81561,0.9774374458622936
81562,0.9774599971407921
81563,0.9774825258792821
81564,0.9775050321002923
81565,0.9775275158263289
81566,0.9775499770798758
81567,0.9775724158833942
81568,0.9775948322593228
81569,0.9776172262300781
81570,0.977639597818054
81571,0.9776619470456221
81572,0.9776842739351318
81573,0.9777065785089097
81574,0.9777288607892607
81575,0.9777511207984668
81576,0.9777733585587882
81577,0.9777955740924625
81578,0.9778177674217055
81579,0.9778399385687102
81580,0.9778620875556481
81581,0.9778842144046679
81582,0.9779063191378966
81583,0.9779284017774389
81584,0.9779504623453775
81585,0.977972500863773
81586,0.9779945173546637
81587,0.9780165118400663
81588,0.9780384843419753
81589,0.978060434882363
81590,0.9780823634831802
81591,0.9781042701663555
81592,0.9781261549537954
81593,0.9781480178673848
81594,0.9781698589289867
81595,0.978191678160442
81596,0.97821347558357
81597,0.9782352512201681
81598,0.978257005092012
81599,0.9782787372208556
81600,0.9783004476284309
81601,0.9783221363364485
81602,0.978343803366597
81603,0.9783654487405434
81604,0.9783870724799332
81605,0.97840867460639
81606,0.978430255141516
81607,0.9784518141068919
81608,0.9784733515240763
81609,0.978494867414607
81610,0.9785163617999997
81611,0.9785378347017488
81612,0.9785592861413273
81613,0.9785807161401865
81614,0.9786021247197565
81615,0.9786235119014459
81616,0.9786448777066419
81617,0.9786662221567102
81618,0.9786875452729953
81619,0.9787088470768204
81620,0.9787301275894872
81621,0.9787513868322764
81622,0.978772624826447
81623,0.9787938415932371
81624,0.9788150371538635
81625,0.9788362115295218
81626,0.9788573647413864
81627,0.9788784968106105
81628,0.978899607758326
81629,0.9789206976056439
81630,0.9789417663736543
81631,0.9789628140834257
81632,0.978983840756006
81633,0.9790048464124218
81634,0.9790258310736788
81635,0.9790467947607616
81636,0.9790677374946339
81637,0.9790886592962385
81638,0.9791095601864971
81639,0.9791304401863107
81640,0.9791512993165592
81641,0.9791721375981018
81642,0.979192955051777
81643,0.9792137516984019
81644,0.9792345275587733
81645,0.979255282653667
81646,0.9782765167539632
81647,0.9782982293808958
81648,0.9783199203060524
81649,0.9783415895511238
81650,0.9783632371377794
81651,0.9783848630876667
81652,0.9784064674224117
81653,0.9784280501636187
81654,0.9784496113328705
81655,0.9784711509517281
81656,0.9784926690417314
81657,0.9785141656243983
81658,0.9785356407212255
81659,0.978557094353688
81660,0.9785785265432395
81661,0.9785999373113122
81662,0.9786213266793169
81663,0.978642694668643
81664,0.9786640413006583
81665,0.9786853665967097
81666,0.9787066705781222
81667,0.9787279532662001
81668,0.9787492146822259
81669,0.9787704548474611
81670,0.9787916737831458
81671,0.977813371260624
81672,0.9778355468015928
81673,0.9778577001781029
81674,0.9778798314123077
81675,0.9779019405263384
81676,0.9779240275423041
81677,0.9779460924822918
81678,0.9779681353683665
81679,0.977990156222571
81680,0.9780121550669263
81681,0.9780341319234311
81682,0.9780560868140624
81683,0.978078019760775
81684,0.9780999307855018
81685,0.978121819910154
81686,0.9781436871566206
81687,0.9781655325467689
81688,0.9781873561024442
81689,0.9782091578454702
81690,0.9782309377976487
81691,0.9782526959807595
81692,0.9782744324165609
81693,0.9782961471267891
81694,0.9783178401331591
81695,0.9783395114573639
81696,0.9783611611210746
81697,0.9783827891459411
81698,0.9784043955535914
81699,0.9784259803656318
81700,0.9784475436036472
81701,0.9784690852892007
81702,0.9784906054438343
81703,0.9785121040890679
81704,0.9785335812464001
81705,0.9785550369373083
81706,0.978576471183248
81707,0.9785978840056535
81708,0.9786192754259377
81709,0.978640645465492
81710,0.9786619941456864
81711,0.9786833214878696
81712,0.9787046275133691
81713,0.9787259122434906
81714,0.9787471756995191
81715,0.978768417902718
81716,0.9787896388743295
81717,0.9778113383856994
81718,0.9778335159585273
81719,0.9778556713648656
81720,0.9778778046268698
81721,0.977899915766673
81722,0.9779220048063865
81723,0.9779440717680993
81724,0.9779661166738783
81725,0.9779881395457685
81726,0.9780101404057927
81727,0.9780321192759518
81728,0.9780540761782247
81729,0.9780760111345683
81730,0.9780979241669175
81731,0.9781198152971855
81732,0.9781416845472632
81733,0.9781635319390201
81734,0.9781853574943034
81735,0.9782071612349388
81736,0.9782289431827299
81737,0.9782507033594589
81738,0.9782724417868857
81739,0.9782941584867488
81740,0.9783158534807651
81741,0.9783375267906295
81742,0.9783591784380151
81743,0.9783808084445739
81744,0.9784024168319356
81745,0.9784240036217088
81746,0.9784455688354802
81747,0.978467112494815
81748,0.9784886346212569
81749,0.9785101352363281
81750,0.9785316143615292
81751,0.9785530720183393
81752,0.978574508228216
81753,0.9785959230125956
81754,0.9786173163928928
81755,0.9786386883905012
81756,0.9786600390267925
81757,0.9786813683231176
81758,0.9787026763008057
81759,0.9787239629811647
81760,0.9777457281356063
81761,0.9777679712858955
81762,0.9777901922041505
81763,0.9778123909125922
81764,0.9778345674334192
81765,0.9778567217888081
81766,0.9778788540009132
81767,0.9779009640918669
81768,0.977923052083779
81769,0.9779451179987378
81770,0.977967161858809
81771,0.9779891836860366
81772,0.9780111835024423
81773,0.978033161330026
81774,0.9780551171907657
81775,0.9780770511066169
81776,0.9780989630995138
81777,0.9781208531913684
81778,0.9781427214040707
81779,0.9781645677594889
81780,0.9771868920295944
81781,0.9772096937367113
81782,0.9772324726535162
81783,0.977255228802788
81784,0.977277962207283
81785,0.9773006728897345
81786,0.9763238606229782
81787,0.9763475249302016
81788,0.9763711655849441
81789,0.9763947826108462
81790,0.976418376031525
81791,0.976441945870574
81792,0.9764654921515629
81793,0.9764890148980381
81794,0.9765125141335222
81795,0.9765359898815147
81796,0.9765594421654912
81797,0.9755833707590289
81798,0.9756077751860563
81799,0.9756321552208529
81800,0.9756565108877986
81801,0.9756808422112491
81802,0.9757051492155356
81803,0.9757294319249654
81804,0.975753690363821
81805,0.9757779245563609
81806,0.9758021345268193
81807,0.9758263202994062
81808,0.9758504818983074
81809,0.9758746193476844
81810,0.9758987326716747
81811,0.9759228218943917
81812,0.9759468870399246
81813,0.9759709281323384
81814,0.9759949451956744
81815,0.9760189382539496
81816,0.9760429073311571
81817,0.9760668524512659
81818,0.9760907736382212
81819,0.9761146709159441
81820,0.9761385443083319
81821,0.9761623938392581
81822,0.9761862195325721
81823,0.9762100214120998
81824,0.9762337995016429
81825,0.9762575538249796
81826,0.9762812844058641
81827,0.9763049912680272
81828,0.9763286744351756
81829,0.9763523339309925
81830,0.9763759697791374
81831,0.9763995820032463
81832,0.9764231706269312
81833,0.9764467356737808
81834,0.9764702771673602
81835,0.9764937951312109
81836,0.9765172895888509
81837,0.9755412603138995
81838,0.9755657068303274
81839,0.975590128912456
81840,0.9756145265847074
81841,0.9756388998714793
81842,0.975663248797145
81843,0.9756875733860535
81844,0.9757118736625292
81845,0.9757361496508725
81846,0.9757604013753594
81847,0.9757846288602415
81848,0.9758088321297466
81849,0.9758330112080776
81850,0.9758571661194139
81851,0.9758812968879103
81852,0.9759054035376975
81853,0.9759294860928822
81854,0.975953544577547
81855,0.9759775790157503
81856,0.9760015894315267
81857,0.9760255758488865
81858,0.9760495382918162
81859,0.9760734767842781
81860,0.9760973913502109
81861,0.976121282013529
81862,0.9761451487981232
81863,0.9761689917278602
81864,0.9761928108265829
81865,0.9762166061181106
81866,0.9762403776262384
81867,0.976264125374738
81868,0.9762878493873569
81869,0.9763115496878193
81870,0.9763352262998255
81871,0.9763588792470521
81872,0.976382508553152
81873,0.9764061142417546
81874,0.9764296963364655
81875,0.9764532548608668
81876,0.976476789838517
81877,0.9765003012929513
81878,0.976523789247681
81879,0.9765472537261941
81880,0.976570694751955
81881,0.9765941123484049
81882,0.9766175065389612
81883,0.9766408773470182
81884,0.9766642247959467
81885,0.9766875489090941
81886,0.9767108497097847
81887,0.9767341272213191
81888,0.976757381466975
81889,0.9767806124700065
81890,0.9768038202536447
81891,0.9768270048410973
81892,0.976850166255549
81893,0.9768733045201612
81894,0.9768964196580721
81895,0.9769195116923968
81896,0.9769425806462274
81897,0.976965626542633
81898,0.9769886494046593
81899,0.9770116492553294
81900,0.9770346261176429
81901,0.9770575800145768
81902,0.9770805109690849
81903,0.9771034190040983
81904,0.977126304142525
81905,0.9771491664072501
81906,0.977172005821136
81907,0.9771948224070218
81908,0.9772176161877244
81909,0.9772403871860376
81910,0.9772631354247322
81911,0.9772858609265566
81912,0.9773085637142361
81913,0.9773312438104738
81914,0.9773539012379495
81915,0.9773765360193208
81916,0.9773991481772226
81917,0.9774217377342669
81918,0.9774443047130432
81919,0.9774668491361186
81920,0.9774893710260375
81921,0.9775118704053218
81922,0.9775343472964709
81923,0.9775568017219617
81924,0.9775792337042486
81925,0.9776016432657636
81926,0.9776240304289162
81927,0.9776463952160938
81928,0.9776687376496609
81929,0.9776910577519601
81930,0.9777133555453115
81931,0.9777356310520128
81932,0.9777578842943396
81933,0.9777801152945452
81934,0.9778023240748606
81935,0.9778245106574944
81936,0.9778466750646334
81937,0.9778688173184419
81938,0.9778909374410621
81939,0.9779130354546143
81940,0.9779351113811964
81941,0.9779571652428843
81942,0.9779791970617321
81943,0.9780012068597713
81944,0.9780231946590119
81945,0.9780451604814416
81946,0.9780671043490264
81947,0.9780890262837101
81948,0.9781109263074145
81949,0.9781328044420398
81950,0.978154660709464
81951,0.9781764951315435
81952,0.9781983077301126
81953,0.9782200985269841
81954,0.9782418675439486
81955,0.9782636148027752
81956,0.9782853403252112
81957,0.9783070441329821
81958,0.9783287262477917
81959,0.9783503866913221
81960,0.9783720254852338
81961,0.9783936426511657
81962,0.9784152382107347
81963,0.9784368121855366
81964,0.9784583645971452
81965,0.9784798954671131
81966,0.9785014048169711
81967,0.9785228926682286
81968,0.9785443590423732
81969,0.9785658039608717
81970,0.9785872274451687
81971,0.9786086295166877
81972,0.9786300101968309
81973,0.9786513695069791
81974,0.9786727074684913
81975,0.9786940241027058
81976,0.9787153194309389
81977,0.9787365934744862
81978,0.9787578462546216
81979,0.978779077792598
81980,0.9788002881096468
81981,0.9788214772269785
81982,0.9788426451657821
81983,0.9788637919472256
81984,0.9788849175924558
81985,0.9789060221225983
81986,0.9789271055587576
81987,0.9779486676721422
81988,0.977970707984314
81989,0.9779927262671883
81990,0.9780147225427832
81991,0.9780366968330952
81992,0.9770591489102236
81993,0.9770820782966202
81994,0.9771049847650893
81995,0.9771278683385375
81996,0.9771507290398483
81997,0.9771735668918825
81998,0.9771963819174778
81999,0.9772191741394494
82000,0.9772419435805894
82001,0.9772646902636672
82002,0.9772874142114297
82003,0.9773101154466007
82004,0.9773327939918814
82005,0.9773554498699505
82006,0.9773780831034637
82007,0.9774006937150544
82008,0.9774232817273333
82009,0.9774458471628882
82010,0.9774683900442845
82011,0.9774909103940653
82012,0.977513408234751
82013,0.9775358835888391
82014,0.9775583364788053
82015,0.9775807669271024
82016,0.9776031749561608
82017,0.9776255605883885
82018,0.9776479238461712
82019,0.9776702647518721
82020,0.9776925833278323
82021,0.9777148795963702
82022,0.9777371535797821
82023,0.977759405300342
82024,0.9777816347803017
82025,0.9778038420418905
82026,0.9778260271073159
82027,0.9778481899987629
82028,0.9778703307383944
82029,0.977892449348351
82030,0.9779145458507514
82031,0.9779366202676922
82032,0.9779586726212478
82033,0.9779807029334704
82034,0.9780027112263905
82035,0.9780246975220163
82036,0.9780466618423341
82037,0.9780686042093083
82038,0.9780905246448812
82039,0.9781124231709732
82040,0.978134299809483
82041,0.9781561545822871
82042,0.9781779875112403
82043,0.9781997986181756
82044,0.9782215879249041
82045,0.9782433554532151
82046,0.978265101224876
82047,0.9782868252616327
82048,0.9783085275852093
82049,0.9773307079674329
82050,0.9773533659304839
82051,0.9773760012468953
82052,0.9773986139393022
82053,0.9774212040303174
82054,0.9774437715425309
82055,0.9774663164985105
82056,0.9774888389208009
82057,0.9775113388319245
82058,0.9775338162543814
82059,0.9775562712106489
82060,0.977578703723182
82061,0.9776011138144132
82062,0.9776235015067526
82063,0.9776458668225879
82064,0.9776682097842845
82065,0.9776905304141853
82066,0.9777128287346109
82067,0.9777351047678596
82068,0.9777573585362076
82069,0.9777795900619085
82070,0.9778017993671939
82071,0.9778239864742732
82072,0.9778461514053334
82073,0.9778682941825394
82074,0.9778904148280341
82075,0.977912513363938
82076,0.9779345898123499
82077,0.9779566441953461
82078,0.9779786765349809
82079,0.9780006868532868
82080,0.978022675172274
82081,0.9780446415139309
82082,0.9780665859002238
82083,0.9780885083530971
82084,0.9781104088944733
82085,0.9781322875462529
82086,0.9781541443303147
82087,0.9781759792685153
82088,0.9781977923826897
82089,0.978219583694651
82090,0.9782413532261905
82091,0.9782631009990779
82092,0.9782848270350608
82093,0.9783065313558653
82094,0.9783282139831958
82095,0.9783498749387348
82096,0.9783715142441434
82097,0.9783931319210608
82098,0.9784147279911047
82099,0.9784363024758712
82100,0.9784578553969349
82101,0.9784793867758484
82102,0.9785008966341434
82103,0.9785223849933297
82104,0.9785438518748956
82105,0.978565297300308
82106,0.9785867212910123
82107,0.9786081238684325
82108,0.9786295050539714
82109,0.9786508648690099
82110,0.9786722033349079
82111,0.978693520473004
82112,0.9787148163046151
82113,0.9787360908510373
82114,0.978757344133545
82115,0.9787785761733915
82116,0.9787997869918089
82117,0.978820976610008
82118,0.9788421450491784
82119,0.9788632923304886
82120,0.9788844184750859
82121,0.9789055235040963
82122,0.9789266074386249
82123,0.9789476702997557
82124,0.9789687121085515
82125,0.9789897328860542
82126,0.9790107326532845
82127,0.9790317114312422
82128,0.9790526692409062
82129,0.9790736061032341
82130,0.9790945220391629
82131,0.9791154170696086
82132,0.9791362912154661
82133,0.9791571444976095
82134,0.9791779769368922
82135,0.9791987885541468
82136,0.9792195793701846
82137,0.9792403494057965
82138,0.9792610986817527
82139,0.9792818272188024
82140,0.9793025350376742
82141,0.9793232221590757
82142,0.9793438886036944
82143,0.9793645343921964
82144,0.9793851595452276
82145,0.9794057640834133
82146,0.979426348027358
82147,0.9794469113976455
82148,0.9794674542148393
82149,0.9794879764994822
82150,0.9795084782720964
82151,0.9795289595531838
82152,0.9795494203632256
82153,0.9795698607226826
82154,0.9795902806519953
82155,0.9796106801715835
82156,0.9796310593018468
82157,0.9796514180631642
82158,0.9796717564758948
82159,0.9796920745603767
82160,0.979712372336928
82161,0.9797326498258466
82162,0.97975290704741
82163,0.9797731440218754
82164,0.9797933607694798
82165,0.9798135573104398
82166,0.9798337336649522
82167,0.9798538898531931
82168,0.9798740258953188
82169,0.9798941418114654
82170,0.9799142376217488
82171,0.9799343133462648
82172,0.9799543690050891
82173,0.9799744046182775
82174,0.9799944202058654
82175,0.9800144157878685
82176,0.9800343913842825
82177,0.9800543470150829
82178,0.9800742827002252
82179,0.9800941984596453
82180,0.9801140943132588
82181,0.9801339702809617
82182,0.9801538263826299
82183,0.9801736626381196
82184,0.9801934790672668
82185,0.9802132756898883
82186,0.9802330525257804
82187,0.9802528095947202
82188,0.9802725469164646
82189,0.980292264510751
82190,0.980311962397297
82191,0.9803316405958005
82192,0.9803512991259395
82193,0.9803709380073728
82194,0.9803905572597393
82195,0.9804101569026581
82196,0.9804297369557289
82197,0.9804492974385317
82198,0.9804688383706271
82199,0.980488359771556
82200,0.9805078616608398
82201,0.9805273440579804
82202,0.9805468069824601
82203,0.980566250453742
82204,0.9805856744912695
82205,0.9806050791144667
82206,0.9806244643427381
82207,0.980643830195469
82208,0.9806631766920252
82209,0.9806825038517533
82210,0.9807018116939804
82211,0.9807211002380144
82212,0.9807403695031438
82213,0.9807596195086379
82214,0.9807788502737467
82215,0.9807980618177009
82216,0.9808172541597122
82217,0.9808364273189729
82218,0.9808555813146561
82219,0.9808747161659158
82220,0.980893831891887
82221,0.9809129285116852
82222,0.9809320060444071
82223,0.9809510645091304
82224,0.9809701039249134
82225,0.9809891243107955
82226,0.9810081256857972
82227,0.9810271080689198
82228,0.9810460714791458
82229,0.9810650159354385
82230,0.9810839414567424
82231,0.981102848061983
82232,0.981121735770067
82233,0.9811406045998821
82234,0.981159454570297
82235,0.9811782857001617
82236,0.9801975977584324
82237,0.980217390264421
82238,0.980237162987795
82239,0.9802569159483269
82240,0.9802766491657698
82241,0.9792968624099819
82242,0.9793175552011764
82243,0.9793382273099208
82244,0.9793588787568874
82245,0.9793795095627276
82246,0.9794001197480722
82247,0.9794207093335314
82248,0.9794412783396949
82249,0.9794618267871315
82250,0.9794823546963897
82251,0.9795028620879975
82252,0.9795233489824623
82253,0.9795438154002709
82254,0.9795642613618898
82255,0.979584686887765
82256,0.979605091998322
82257,0.9796254767139658
82258,0.9796458410550813
82259,0.9796661850420327
82260,0.9796865086951642
82261,0.9797068120347991
82262,0.9797270950812411
82263,0.9797473578547731
82264,0.9797676003756579
82265,0.979787822664138
82266,0.9798080247404357
82267,0.9798282066247531
82268,0.9798483683372721
82269,0.9798685098981543
82270,0.9798886313275414
82271,0.9799087326455549
82272,0.9799288138722959
82273,0.9799488750278459
82274,0.9799689161322659
82275,0.979988937205597
82276,0.9800089382678603
82277,0.9800289193390568
82278,0.9800488804391677
82279,0.980068821588154
82280,0.9800887428059569
82281,0.9801086441124977
82282,0.9801285255276776
82283,0.9801483870713781
82284,0.9801682287634607
82285,0.980188050623767
82286,0.9802078526721191
82287,0.9802276349283189
82288,0.9802473974121486
82289,0.9802671401433709
82290,0.9802868631417283
82291,0.9803065664269439
82292,0.9803262500187211
82293,0.9803459139367433
82294,0.9803655582006746
82295,0.9803851828301592
82296,0.9804047878448217
82297,0.9804243732642671
82298,0.9804439391080809
82299,0.980463485395829
82300,0.9804830121470575
82301,0.9805025193812933
82302,0.9805220071180436
82303,0.9805414753767961
82304,0.9805609241770192
82305,0.9805803535381616
82306,0.9805997634796527
82307,0.9806191540209025
82308,0.9806385251813013
82309,0.9806578769802206
82310,0.980677209437012
82311,0.9806965225710079
82312,0.9807158164015216
82313,0.9807350909478469
82314,0.9807543462292584
82315,0.9807735822650112
82316,0.9807927990743416
82317,0.9808119966764661
82318,0.9808311750905826
82319,0.9808503343358693
82320,0.9808694744314856
82321,0.9808885953965716
82322,0.9809076972502482
82323,0.9809267800116173
82324,0.9809458436997616
82325,0.9809648883337448
82326,0.9809839139326116
82327,0.9810029205153876
82328,0.9810219081010794
82329,0.9810408767086745
82330,0.9810598263571415
82331,0.9810787570654302
82332,0.9810976688524713
82333,0.9811165617371764
82334,0.9811354357384386
82335,0.9811542908751318
82336,0.9811731271661113
82337,0.9811919446302131
82338,0.9812107432862549
82339,0.9802300229031602
82340,0.9802497830002085
82341,0.9802695233470349
82342,0.9802892439633797
82343,0.9803089448689635
82344,0.9803286260834873
82345,0.9803482876266322
82346,0.9803679295180598
82347,0.9803875517774121
82348,0.9804071544243113
82349,0.98042673747836
82350,0.9804463009591412
82351,0.9804658448862186
82352,0.9794858690292608
82353,0.979506372908292
82354,0.9795268562936911
82355,0.9795473192059413
82356,0.9795677616655055
82357,0.9795881836928264
82358,0.9796085853083258
82359,0.9796289665324055
82360,0.9796493273854465
82361,0.9796696678878098
82362,0.979689988059836
82363,0.9797102879218451
82364,0.9797305674941371
82365,0.9797508267969915
82366,0.9797710658506678
82367,0.9797912846754048
82368,0.9798114832914213
82369,0.9798316617189161
82370,0.9798518199780676
82371,0.979871958089034
82372,0.9798920760719535
82373,0.9799121739469441
82374,0.9789327514842285
82375,0.9789538082043843
82376,0.9789748438783429
82377,0.9789958585271401
82378,0.9790168521717907
82379,0.9790378248332882
82380,0.9790587765326052
82381,0.9790797072906936
82382,0.9791006171284841
82383,0.9791215060668864
82384,0.9791423741267896
82385,0.9791632213290616
82386,0.9791840476945498
82387,0.9792048532440805
82388,0.9792256379984592
82389,0.9792464019784707
82390,0.979267145204879
82391,0.9792878676984274
82392,0.9793085694798382
82393,0.9793292505698135
82394,0.979349910989034
82395,0.9793705507581604
82396,0.9793911698978324
82397,0.9794117684286692
82398,0.9794323463712692
82399,0.9794529037462104
82400,0.9794734405740503
82401,0.9794939568753256
82402,0.9795144526705527
82403,0.9795349279802273
82404,0.9795553828248248
82405,0.9795758172248
82406,0.9795962312005874
82407,0.9796166247726008
82408,0.9796369979612339
82409,0.9796573507868599
82410,0.9796776832698315
82411,0.9796979954304813
82412,0.9797182872891215
82413,0.9797385588660439
82414,0.9797588101815201
82415,0.9797790412558014
82416,0.9797992521091189
82417,0.9798194427616835
82418,0.9798396132336858
82419,0.9798597635452964
82420,0.9798798937166654
82421,0.9799000037679231
82422,0.9799200937191795
82423,0.9799401635905247
82424,0.9799602134020284
82425,0.9799802431737406
82426,0.9800002529256908
82427,0.980020242677889
82428,0.9800402124503249
82429,0.9800601622629682
82430,0.9800800921357689
82431,0.9801000020886567
82432,0.9801198921415416
82433,0.9801397623143137
82434,0.980159612626843
82435,0.9801794430989801
82436,0.9801992537505553
82437,0.9802190446013793
82438,0.980238815671243
82439,0.9802585669799174
82440,0.9802782985471539
82441,0.9802980103926839
82442,0.9803177025362195
82443,0.9803373749974527
82444,0.9803570277960559
82445,0.9803766609516821
82446,0.9803962744839643
82447,0.980415868412516
82448,0.9804354427569313
82449,0.9804549975367844
82450,0.9804745327716302
82451,0.9804940484810039
82452,0.9805135446844211
82453,0.9805330214013782
82454,0.9805524786513519
82455,0.9805719164537993
82456,0.9805913348281583
82457,0.9806107337938473
82458,0.9806301133702653
82459,0.9806494735767918
82460,0.980668814432787
82461,0.9806881359575917
82462,0.9807074381705276
82463,0.9807267210908969
82464,0.9807459847379825
82465,0.9807652291310479
82466,0.9807844542893377
82467,0.980803660232077
82468,0.9808228469784717
82469,0.9808420145477086
82470,0.9808611629589552
82471,0.9808802922313601
82472,0.9808994023840524
82473,0.9809184934361422
82474,0.9809375654067208
82475,0.98095661831486
82476,0.9809756521796128
82477,0.980994667020013
82478,0.9810136628550755
82479,0.9810326397037961
82480,0.9810515975851516
82481,0.9810705365181
82482,0.9810894565215801
82483,0.981108357614512
82484,0.9811272398157969
82485,0.9811461031443168
82486,0.9811649476189352
82487,0.9811837732584965
82488,0.9812025800818264
82489,0.9812213681077316
82490,0.9812401373550003
82491,0.9812588878424016
82492,0.981277619588686
82493,0.9812963326125853
82494,0.9813150269328126
82495,0.9813337025680622
82496,0.9813523595370096
82497,0.9813709978583119
82498,0.9813896175506075
82499,0.9814082186325159
82500,0.9814268011226384
82501,0.9814453650395573
82502,0.9814639104018366
82503,0.9814824372280216
82504,0.9815009455366394
82505,0.9815194353461979
82506,0.9815379066751873
82507,0.9815563595420786
82508,0.981574793965325
82509,0.9815932099633606
82510,0.9816116075546016
82511,0.9816299867574456
82512,0.9816483475902718
82513,0.9816666900714409
82514,0.9816850142192955
82515,0.9817033200521598
82516,0.9817216075883395
82517,0.9817398768461223
82518,0.9817581278437774
82519,0.9817763605995556
82520,0.98179457513169
82521,0.981812771458395
82522,0.9818309495978669
82523,0.9818491095682838
82524,0.9818672513878057
82525,0.9818853750745745
82526,0.9819034806467138
82527,0.9819215681223293
82528,0.9819396375195084
82529,0.9819576888563205
82530,0.981975722150817
82531,0.981993737421031
82532,0.982011734684978
82533,0.9820297139606552
82534,0.9820476752660419
82535,0.9820656186190992
82536,0.9820835440377708
82537,0.9821014515399819
82538,0.9821193411436401
82539,0.9821372128666349
82540,0.9821550667268382
82541,0.9821729027421037
82542,0.9821907209302675
82543,0.9822085213091478
82544,0.982226303896545
82545,0.9822440687102416
82546,0.9822618157680025
82547,0.9822795450875748
82548,0.9822972566866877
82549,0.9823149505830527
82550,0.9823326267943641
82551,0.9823502853382977
82552,0.9823679262325123
82553,0.9823855494946487
82554,0.9824031551423302
82555,0.9824207431931625
82556,0.9824383136647336
82557,0.9824558665746139
82558,0.9824734019403565
82559,0.9824909197794965
82560,0.982508420109552
82561,0.9825259029480232
82562,0.982543368312393
82563,0.9825608162201267
82564,0.9825782466886723
82565,0.9825956597354603
82566,0.9826130553779036
82567,0.9826304336333979
82568,0.9826477945193215
82569,0.9826651380530353
82570,0.9826824642518829
82571,0.9826997731331903
82572,0.9827170647142666
82573,0.9827343390124033
82574,0.9827515960448746
82575,0.9827688358289377
82576,0.9827860583818323
82577,0.982803263720781
82578,0.982820451862989
82579,0.9828376228256447
82580,0.9828547766259189
82581,0.9828719132809655
82582,0.9828890328079211
82583,0.9829061352239051
82584,0.9829232205460202
82585,0.9829402887913515
82586,0.9829573399769673
82587,0.9829743741199188
82588,0.9829913912372402
82589,0.9830083913459486
82590,0.9830253744630442
82591,0.9830423406055099
82592,0.983059289790312
82593,0.9830762220343996
82594,0.983093137354705
82595,0.9831100357681436
82596,0.9831269172916137
82597,0.9831437819419969
82598,0.9831606297361578
82599,0.9831774606909442
82600,0.9831942748231872
82601,0.9832110721497008
82602,0.9822283524374072
82603,0.9822461152035867
82604,0.982263860215877
82605,0.982281587492023
82606,0.982299297049752
82607,0.9823169889067738
82608,0.98233466308078
82609,0.9823523195894449
82610,0.982369958450425
82611,0.982387579681359
82612,0.9824051832998684
82613,0.9824227693235567
82614,0.9824403377700098
82615,0.9824578886567964
82616,0.9824754220014673
82617,0.9824929378215558
82618,0.9825104361345777
82619,0.9825279169580313
82620,0.9825453803093976
82621,0.9825628262061399
82622,0.982580254665704
82623,0.9825976657055183
82624,0.9826150593429941
82625,0.9826324355955248
82626,0.9826497944804868
82627,0.982667136015239
82628,0.9826844602171229
82629,0.9827017671034626
82630,0.982719056691565
82631,0.9827363289987199
82632,0.9827535840421994
82633,0.9827708218392587
82634,0.9827880424071355
82635,0.9828052457630504
82636,0.9828224319242068
82637,0.9828396009077908
82638,0.9828567527309714
82639,0.9828738874109004
82640,0.9828910049647126
82641,0.9829081054095254
82642,0.9829251887624395
82643,0.982942255040538
82644,0.9829593042608873
82645,0.9829763364405366
82646,0.9829933515965181
82647,0.9830103497458469
82648,0.9830273309055212
82649,0.9830442950925221
82650,0.983061242323814
82651,0.9830781726163439
82652,0.9830950859870422
82653,0.9831119824528223
82654,0.9831288620305806
82655,0.9831457247371967
82656,0.9831625705895334
82657,0.9831793996044363
82658,0.9831962117987347
82659,0.9832130071892408
82660,0.9832297857927498
82661,0.9832465476260404
82662,0.9832632927058744
82663,0.983280021048997
82664,0.9832967326721365
82665,0.9823139273421293
82666,0.9823316045761702
82667,0.9823492641418112
82668,0.982366906056712
82669,0.9823845303385144
82670,0.9824021370048427
82671,0.9824197260733036
82672,0.9824372975614862
82673,0.982454851486962
82674,0.9824723878672849
82675,0.9824899067199913
82676,0.9825074080626
82677,0.9825248919126124
82678,0.9815428580376373
82679,0.9815613059556406
82680,0.9815797354349454
82681,0.9815981464939809
82682,0.9816165391511583
82683,0.9816349134248703
82684,0.9816532693334912
82685,0.9816716068953767
82686,0.9816899261288645
82687,0.9817082270522739
82688,0.9817265096839058
82689,0.9817447740420429
82690,0.9817630201449493
82691,0.9817812480108714
82692,0.981799457658037
82693,0.9818176491046556
82694,0.9818358223689189
82695,0.9818539774689999
82696,0.9818721144230539
82697,0.9818902332492178
82698,0.9819083339656104
82699,0.9819264165903324
82700,0.9819444811414665
82701,0.9819625276370773
82702,0.9819805560952111
82703,0.9819985665338965
82704,0.9820165589711439
82705,0.9820345334249458
82706,0.9820524899132768
82707,0.9820704284540931
82708,0.9820883490653334
82709,0.9821062517649183
82710,0.9821241365707505
82711,0.9821420035007148
82712,0.9821598525726781
82713,0.9821776838044896
82714,0.9821954972139804
82715,0.9822132928189639
82716,0.9822310706372358
82717,0.9822488306865739
82718,0.9822665729847382
82719,0.9822842975494711
82720,0.9823020043984971
82721,0.9823196935495231
82722,0.9823373650202382
82723,0.9823550188283139
82724,0.982372654991404
82725,0.9823902735271447
82726,0.9824078744531546
82727,0.9824254577870345
82728,0.9824430235463678
82729,0.9824605717487203
82730,0.9824781024116401
82731,0.982495615552658
82732,0.982513111189287
82733,0.9825305893390228
82734,0.9825480500193436
82735,0.9825654932477101
82736,0.9825829190415655
82737,0.9826003274183355
82738,0.9826177183954286
82739,0.9826350919902357
82740,0.9826524482201305
82741,0.9826697871024692
82742,0.9826871086545906
82743,0.9827044128938164
82744,0.9827216998374507
82745,0.9827389695027806
82746,0.9827562219070757
82747,0.9827734570675883
82748,0.9827906750015538
82749,0.98280787572619
82750,0.9828250592586976
82751,0.9828422256162601
82752,0.9828593748160439
82753,0.9828765068751982
82754,0.9828936218108552
82755,0.9829107196401297
82756,0.9829278003801195
82757,0.9829448640479055
82758,0.9829619106605513
82759,0.9829789402351035
82760,0.9829959527885916
82761,0.9830129483380283
82762,0.9820304266505341
82763,0.982048387243587
82764,0.9820663298850227
82765,0.9820842545927838
82766,0.98110266113492
82767,0.9811215490298376
82768,0.9811404180462996
82769,0.9811592682031749
82770,0.9811780995193137
82771,0.9811969120135472
82772,0.9812157057046881
82773,0.98123448061153
82774,0.9812532367528478
82775,0.9812719741473976
82776,0.981290692813917
82777,0.9813093927711245
82778,0.98132807403772
82779,0.981346736632385
82780,0.9803658803239069
82781,0.9803855046314293
82782,0.9804051093244514
82783,0.9804246944225778
82784,0.9804442599453939
82785,0.980463805912465
82786,0.9804833323433371
82787,0.9805028392575367
82788,0.9805223266745706
82789,0.9805417946139263
82790,0.9805612430950719
82791,0.9805806721374556
82792,0.9806000817605066
82793,0.9806194719836345
82794,0.9806388428262296
82795,0.9806581943076627
82796,0.9806775264472852
82797,0.9806968392644294
82798,0.980716132778408
82799,0.9807354070085145
82800,0.9807546619740232
82801,0.9807738976941891
82802,0.9807931141882479
82803,0.980812311475416
82804,0.9808314895748909
82805,0.9808506485058505
82806,0.9808697882874539
82807,0.9808889089388407
82808,0.9809080104791318
82809,0.9809270929274285
82810,0.9809461563028135
82811,0.9809652006243499
82812,0.9809842259110821
82813,0.9810032321820356
82814,0.9810222194562165
82815,0.9810411877526121
82816,0.9810601370901907
82817,0.9810790674879016
82818,0.9810979789646753
82819,0.9811168715394233
82820,0.9811357452310381
82821,0.9811546000583934
82822,0.981173436040344
82823,0.981192253195726
82824,0.9812110515433564
82825,0.9812298311020338
82826,0.9812485918905375
82827,0.9812673339276284
82828,0.9812860572320486
82829,0.9813047618225214
82830,0.9813234477177513
82831,0.9813421149364242
82832,0.9813607634972074
82833,0.9813793934187494
82834,0.9813980047196802
82835,0.9814165974186111
82836,0.9814351715341347
82837,0.9814537270848253
82838,0.9814722640892383
82839,0.9814907825659107
82840,0.9815092825333611
82841,0.9815277640100893
82842,0.981546227014577
82843,0.9815646715652872
82844,0.9815830976806642
82845,0.9816015053791343
82846,0.9816198946791052
82847,0.9816382655989662
82848,0.9816566181570882
82849,0.9816749523718237
82850,0.981693268261507
82851,0.9817115658444541
82852,0.9817298451389623
82853,0.9817481061633112
82854,0.9817663489357616
82855,0.9817845734745565
82856,0.9818027797979203
82857,0.9818209679240593
82858,0.9818391378711616
82859,0.9818572896573974
82860,0.9818754233009183
82861,0.9818935388198579
82862,0.9819116362323318
82863,0.9819297155564374
82864,0.981947776810254
82865,0.981965820011843
82866,0.9819838451792474
82867,0.9820018523304925
82868,0.9820198414835855
82869,0.9820378126565154
82870,0.9820557658672535
82871,0.982073701133753
82872,0.9820916184739492
82873,0.9821095179057594
82874,0.9821273994470829
82875,0.9821452631158015
82876,0.9821631089297788
82877,0.9821809369068605
82878,0.9821987470648746
82879,0.9822165394216313
82880,0.9822343139949231
82881,0.9822520708025244
82882,0.982269809862192
82883,0.9822875311916651
82884,0.9823052348086649
82885,0.9823229207308951
82886,0.9823405889760416
82887,0.9823582395617727
82888,0.982375872505739
82889,0.9823934878255733
82890,0.9824110855388911
82891,0.98242866566329
82892,0.9824462282163502
82893,0.9824637732156342
82894,0.982481300678687
82895,0.9824988106230361
82896,0.9825163030661915
82897,0.9825337780256456
82898,0.9825512355188734
82899,0.9825686755633323
82900,0.9825860981764624
82901,0.9826035033756862
82902,0.9826208911784092
82903,0.9826382616020191
82904,0.9826556146638861
82905,0.9826729503813635
82906,0.9826902687717869
82907,0.9817080696025997
82908,0.9817263523916026
82909,0.9817446169069532
82910,0.9817628631669163
82911,0.981781091189738
82912,0.9817993009936463
82913,0.981817492596851
82914,0.9818356660175438
82915,0.9818538212738981
82916,0.9818719583840692
82917,0.981890077366194
82918,0.9819081782383917
82919,0.9819262610187631
82920,0.981944325725391
82921,0.9819623723763402
82922,0.9819804009896572
82923,0.9819984115833708
82924,0.9820164041754913
82925,0.9820343787840116
82926,0.9820523354269061
82927,0.9820702741221315
82928,0.9820881948876267
82929,0.9821060977413122
82930,0.982123982701091
82931,0.9821418497848481
82932,0.9821596990104504
82933,0.9821775303957473
82934,0.9821953439585701
82935,0.9822131397167324
82936,0.9822309176880301
82937,0.982248677890241
82938,0.9822664203411252
82939,0.9822841450584254
82940,0.9823018520598663
82941,0.9823195413631548
82942,0.9823372129859802
82943,0.9823548669460141
82944,0.9823725032609106
82945,0.982390121948306
82946,0.9814082227759439
82947,0.9814268052619249
82948,0.9814453691747066
82949,0.9814639145328529
82950,0.981482441354909
82951,0.9815009496594018
82952,0.9815194394648397
82953,0.9815379107897124
82954,0.9815563636524913
82955,0.9815747980716293
82956,0.9815932140655607
82957,0.9816116116527015
82958,0.9816299908514494
82959,0.9816483516801836
82960,0.9816666941572649
82961,0.9816850183010358
82962,0.9817033241298204
82963,0.9817216116619245
82964,0.9817398809156357
82965,0.9817581319092232
82966,0.9817763646609381
82967,0.9817945791890131
82968,0.9818127755116628
82969,0.9818309536470834
82970,0.9818491136134532
82971,0.9818672554289319
82972,0.9818853791116616
82973,0.981903484679766
82974,0.9819215721513505
82975,0.9819396415445025
82976,0.9819576928772916
82977,0.9819757261677691
82978,0.9819937414339682
82979,0.9820117386939042
82980,0.9820297179655745
82981,0.9820476792669582
82982,0.9820656226160167
82983,0.9820835480306933
82984,0.9821014555289135
82985,0.9821193451285848
82986,0.9821372168475967
82987,0.982155070703821
82988,0.9821729067151116
82989,0.9821907248993044
82990,0.9822085252742176
82991,0.9822263078576517
82992,0.9822440726673892
82993,0.982261819721195
82994,0.9822795490368159
82995,0.9822972606319815
82996,0.9823149545244033
82997,0.9823326307317752
82998,0.9823502892717735
82999,0.9823679301620566
83000,0.9823855534202655
83001,0.9824031590640233
83002,0.9824207471109359
83003,0.9824383175785911
83004,0.9824558704845595
83005,0.9824734058463941
83006,0.98249092368163
83007,0.9825084240077854
83008,0.9825259068423603
83009,0.9825433722028377
83010,0.982560820106683
83011,0.982578250571344
83012,0.9825956636142512
83013,0.9826130592528177
83014,0.9826304375044391
83015,0.9826477983864936
83016,0.9826651419163422
83017,0.9826824681113284
83018,0.9817002767389034
83019,0.9817185673168755
83020,0.9817368396134103
83021,0.9817550936467802
83022,0.9817733294352391
83023,0.981791546997023
83024,0.9818097463503493
83025,0.9818279275134174
83026,0.9818460905044085
83027,0.9818642353414856
83028,0.9818823620427934
83029,0.9819004706264588
83030,0.9819185611105903
83031,0.9819366335132783
83032,0.9819546878525953
83033,0.9819727241465958
83034,0.9819907424133159
83035,0.9820087426707738
83036,0.9820267249369699
83037,0.9820446892298864
83038,0.9820626355674877
83039,0.9820805639677201
83040,0.9820984744485121
83041,0.9821163670277739
83042,0.9821342417233984
83043,0.98215209855326
83044,0.9821699375352158
83045,0.9821877586871046
83046,0.9822055620267477
83047,0.9822233475719483
83048,0.9822411153404921
83049,0.9822588653501467
83050,0.9822765976186624
83051,0.9822943121637712
83052,0.9823120090031877
83053,0.9823296881546089
83054,0.9823473496357137
83055,0.9823649934641637
83056,0.9823826196576029
83057,0.9824002282336572
83058,0.9824178192099354
83059,0.9824353926040285
83060,0.9824529484335097
83061,0.982470486715935
83062,0.9824880074688426
83063,0.9825055107097532
83064,0.9825229964561703
83065,0.9825404647255793
83066,0.9825579155354488
83067,0.9825753489032295
83068,0.9825927648463547
83069,0.9826101633822404
83070,0.9826275445282852
83071,0.9826449083018701
83072,0.9826622547203591
83073,0.9826795838010983
83074,0.982696895561417
83075,0.982714190018627
83076,0.9827314671900227
83077,0.9827487270928812
83078,0.9827659697444625
83079,0.9827831951620093
83080,0.9828004033627469
83081,0.9828175943638836
83082,0.9828347681826104
83083,0.9828519248361011
83084,0.9828690643415122
83085,0.9828861867159835
83086,0.9829032919766372
83087,0.9829203801405786
83088,0.9829374512248958
83089,0.9829545052466601
83090,0.9829715422229253
83091,0.9829885621707284
83092,0.9830055651070895
83093,0.9830225510490114
83094,0.9830395200134802
83095,0.9830564720174647
83096,0.983073407077917
83097,0.9830903252117722
83098,0.9831072264359484
83099,0.9831241107673467
83100,0.9831409782228516
83101,0.9831578288193306
83102,0.9831746625736341
83103,0.983191479502596
83104,0.9832082796230331
83105,0.9832250629517457
83106,0.9832418295055171
83107,0.9832585793011138
83108,0.9832753123552856
83109,0.9832920286847656
83110,0.9833087283062701
83111,0.9833254112364987
83112,0.9833420774921344
83113,0.9833587270898434
83114,0.9833753600462753
83115,0.9833919763780632
83116,0.9834085761018232
83117,0.9834251592341552
83118,0.9834417257916422
83119,0.983458275790851
83120,0.9834748092483314
83121,0.983491326180617
83122,0.9835078266042245
83123,0.9835243105356546
83124,0.9835407779913911
83125,0.9835572289879014
83126,0.9835736635416367
83127,0.9835900816690313
83128,0.9826069831366284
83129,0.9826243674613294
83130,0.9826417344103936
83131,0.9826590840011878
83132,0.9826764162510617
83133,0.9826937311773475
83134,0.9827110287973602
83135,0.9827283091283973
83136,0.9827455721877392
83137,0.982762817992649
83138,0.9827800465603724
83139,0.9827972579081382
83140,0.9828144520531575
83141,0.9828316290126247
83142,0.9828487888037165
83143,0.9828659314435929
83144,0.9828830569493964
83145,0.9829001653382525
83146,0.9829172566272698
83147,0.9829343308335394
83148,0.9829513879741356
83149,0.9829684280661155
83150,0.9829854511265191
83151,0.9830024571723697
83152,0.9830194462206732
83153,0.9830364182884186
83154,0.9830533733925781
83155,0.9830703115501068
83156,0.9830872327779427
83157,0.9831041370930073
83158,0.9831210245122046
83159,0.9831378950524223
83160,0.9831547487305309
83161,0.9831715855633839
83162,0.9831884055678183
83163,0.9832052087606541
83164,0.9832219951586945
83165,0.9832387647787257
83166,0.9832555176375176
83167,0.9832722537518229
83168,0.9832889731383778
83169,0.9833056758139017
83170,0.9833223617950972
83171,0.9833390310986504
83172,0.9823561834913555
83173,0.9823738184903645
83174,0.9823914358631878
83175,0.9824090356274424
83176,0.9824266178007284
83177,0.9824441824006277
83178,0.982461729444705
83179,0.9824792589505074
83180,0.9824967709355643
83181,0.9825142654173878
83182,0.9825317424134724
83183,0.982549201941295
83184,0.9825666440183152
83185,0.982584068661975
83186,0.9826014758896991
83187,0.9826188657188949
83188,0.982636238166952
83189,0.9826535932512429
83190,0.9826709309891227
83191,0.9826882513979291
83192,0.9817060542451076
83193,0.9817243390484608
83194,0.9817426055761485
83195,0.9817608538464372
83196,0.9817790838775752
83197,0.9817972956877925
83198,0.9818154892953009
83199,0.9818336647182941
83200,0.9818518219749475
83201,0.9818699610834183
83202,0.9818880820618456
83203,0.9819061849283506
83204,0.9819242697010359
83205,0.9819423363979863
83206,0.9819603850372687
83207,0.9819784156369316
83208,0.9819964282150055
83209,0.9820144227895032
83210,0.9820323993784192
83211,0.9820503579997302
83212,0.9820682986713946
83213,0.9820862214113532
83214,0.9821041262375287
83215,0.9821220131678261
83216,0.9821398822201322
83217,0.9821577334123159
83218,0.9821755667622286
83219,0.9821933822877037
83220,0.9822111800065566
83221,0.982228959936585
83222,0.982246722095569
83223,0.9822644665012705
83224,0.9822821931714342
83225,0.9822999021237866
83226,0.9823175933760366
83227,0.9823352669458757
83228,0.9823529228509773
83229,0.9823705611089973
83230,0.982388181737574
83231,0.982405784754328
83232,0.9824233701768624
83233,0.9824409380227627
83234,0.9824584883095965
83235,0.9824760210549143
83236,0.9824935362762487
83237,0.9825110339911151
83238,0.982528514217011
83239,0.9825459769714169
83240,0.9825634222717953
83241,0.9825808501355916
83242,0.9825982605802337
83243,0.982615653623132
83244,0.9826330292816796
83245,0.9826503875732522
83246,0.982667728515208
83247,0.982685052124888
83248,0.9827023584196157
83249,0.9817201471668225
83250,0.9817384178842969
83251,0.9817566703401847
83252,0.9817749045527382
83253,0.9817931205401917
83254,0.9818113183207613
83255,0.9818294979126446
83256,0.9818476593340213
83257,0.9818658026030528
83258,0.9818839277378824
83259,0.9819020347566351
83260,0.981920123677418
83261,0.9819381945183201
83262,0.9819562472974123
83263,0.9819742820327472
83264,0.9819922987423596
83265,0.9820102974442663
83266,0.9820282781564659
83267,0.9820462408969391
83268,0.9820641856836488
83269,0.9820821125345397
83270,0.9821000214675386
83271,0.9821179125005546
83272,0.9821357856514785
83273,0.9821536409381837
83274,0.9821714783785254
83275,0.9811897977404659
83276,0.9812085985423245
83277,0.9812273805527769
83278,0.9812461437906053
83279,0.9812648882745727
83280,0.9812836140234237
83281,0.981302321055884
83282,0.9813210093906607
83283,0.9813396790464421
83284,0.981358330041898
83285,0.9813769623956792
83286,0.9813955761264181
83287,0.9814141712527286
83288,0.9814327477932056
83289,0.9814513057664257
83290,0.981469845190947
83291,0.9814883660853089
83292,0.9815068684680323
83293,0.9815253523576194
83294,0.9815438177725543
83295,0.9815622647313024
83296,0.9815806932523106
83297,0.9815991033540074
83298,0.9816174950548029
83299,0.9816358683730889
83300,0.9816542233272387
83301,0.9816725599356073
83302,0.9806913779666562
83303,0.9807106769392032
83304,0.9807299566224225
83305,0.9807492170355935
83306,0.9807684581979766
83307,0.9807876801288132
83308,0.9808068828473252
83309,0.9808260663727152
83310,0.9808452307241667
83311,0.9808643759208442
83312,0.9808835019818928
83313,0.9809026089264387
83314,0.9809216967735886
83315,0.9809407655424306
83316,0.9809598152520334
83317,0.9809788459214466
83318,0.980997857569701
83319,0.9810168502158083
83320,0.981035823878761
83321,0.9810547785775329
83322,0.9810737143310786
83323,0.9810926311583339
83324,0.9811115290782156
83325,0.9811304081096217
83326,0.9811492682714312
83327,0.9811681095825042
83328,0.9811869320616822
83329,0.9812057357277875
83330,0.9812245205996237
83331,0.9812432866959759
83332,0.9812620340356102
83333,0.9812807626372737
83334,0.9812994725196952
83335,0.9813181637015845
83336,0.9813368362016329
83337,0.9813554900385129
83338,0.9813741252308782
83339,0.981392741797364
83340,0.981411339756587
83341,0.9814299191271452
83342,0.9814484799276177
83343,0.9814670221765657
83344,0.9814855458925311
83345,0.9815040510940378
83346,0.981522537799591
83347,0.9815410060276774
83348,0.9815594557967652
83349,0.9815778871253041
83350,0.9815963000317256
83351,0.9816146945344425
83352,0.9816330706518493
83353,0.9816514284023222
83354,0.981669767804219
83355,0.981688088875879
83356,0.9817063916356232
83357,0.9817246761017545
83358,0.9817429422925573
83359,0.9807616899764229
83360,0.9807809186720986
83361,0.9808001281486882
83362,0.9808193184254012
83363,0.9808384895214277
83364,0.980857641455939
83365,0.980876774248087
83366,0.9808958879170044
83367,0.9809149824818051
83368,0.9809340579615834
83369,0.9809531143754149
83370,0.980972151742356
83371,0.9809911700814441
83372,0.9810101694116975
83373,0.9810291497521156
83374,0.9810481111216788
83375,0.9810670535393483
83376,0.9810859770240666
83377,0.9811048815947572
83378,0.9811237672703246
83379,0.9811426340696546
83380,0.981161482011614
83381,0.9811803111150507
83382,0.9811991213987937
83383,0.9812179128816535
83384,0.9812366855824215
83385,0.9812554395198704
83386,0.981274174712754
83387,0.9812928911798078
83388,0.981311588939748
83389,0.9813302680112725
83390,0.9813489284130604
83391,0.981367570163772
83392,0.980386693032174
83393,0.9804062965373892
83394,0.980425880448896
83395,0.9804454447862784
83396,0.9804649895691007
83397,0.9804845148169077
83398,0.9805040205492246
83399,0.9805235067855572
83400,0.9805429735453918
83401,0.980562420848195
83402,0.9805818487134143
83403,0.9806012571604773
83404,0.9806206462087926
83405,0.9806400158777494
83406,0.9806593661867171
83407,0.9806786971550462
83408,0.9806980088020676
83409,0.980717301147093
83410,0.9807365742094147
83411,0.9807558280083059
83412,0.9807750625630202
83413,0.9807942778927923
83414,0.9808134740168375
83415,0.9798331507044769
83416,0.9798533074753869
83417,0.9798734440995994
83418,0.979893560597251
83419,0.9799136569884581
83420,0.9799337332933172
83421,0.9799537895319046
83422,0.9799738257242765
83423,0.9799938418904691
83424,0.9800138380504987
83425,0.9800338142243613
83426,0.9800537704320331
83427,0.9800737066934704
83428,0.9800936230286094
83429,0.9801135194573664
83430,0.9801333959996379
83431,0.9801532526753004
83432,0.9801730895042107
83433,0.9801929065062055
83434,0.9802127037011018
83435,0.9802324811086969
83436,0.9802522387487681
83437,0.9802719766410731
83438,0.98029169480535
83439,0.9803113932613167
83440,0.9803310720286716
83441,0.9803507311270938
83442,0.979370870326367
83443,0.9793914891466305
83444,0.979412087358378
83445,0.9794326649822077
83446,0.9794532220386972
83447,0.9794737585484037
83448,0.9794942745318636
83449,0.9795147700095929
83450,0.979535245002087
83451,0.979555699529821
83452,0.9795761336132495
83453,0.9795965472728064
83454,0.9796169405289056
83455,0.9796373134019402
83456,0.9796576659122831
83457,0.9796779980802868
83458,0.9796983099262835
83459,0.9797186014705851
83460,0.979738872733483
83461,0.9797591237352486
83462,0.979779354496133
83463,0.9797995650363667
83464,0.9798197553761604
83465,0.9798399255357044
83466,0.979860075535169
83467,0.979880205394704
83468,0.9799003151344394
83469,0.9799204047744849
83470,0.9799404743349303
83471,0.9799605238358449
83472,0.9799805532972783
83473,0.9800005627392601
83474,0.9800205521817995
83475,0.9800405216448862
83476,0.9800604711484895
83477,0.980080400712559
83478,0.9801003103570242
83479,0.9801202001017948
83480,0.9801400699667605
83481,0.9791604197219161
83482,0.9791812488876114
83483,0.9792020572345503
83484,0.9792228447835413
83485,0.9792436115553718
83486,0.9792643575708087
83487,0.9792850828505979
83488,0.9793057874154648
83489,0.979326471286114
83490,0.9793471344832294
83491,0.979367777027474
83492,0.9793883989394906
83493,0.9794090002399009
83494,0.9794295809493062
83495,0.9794501410882874
83496,0.9794706806774046
83497,0.9794911997371973
83498,0.9795116982881846
83499,0.9795321763508651
83500,0.9795526339457168
83501,0.9795730710931974
83502,0.9795934878137439
83503,0.9796138841277732
83504,0.9796342600556814
83505,0.9796546156178447
83506,0.9796749508346185
83507,0.978695765476463
83508,0.9777175588143175
83509,0.9777398301198504
83510,0.977762079165208
83511,0.977784305972639
83512,0.9778065105643705
83513,0.977828692962607
83514,0.9778508531895309
83515,0.9778729912673025
83516,0.9778951072180598
83517,0.9779172010639189
83518,0.9779392728269735
83519,0.9779613225292954
83520,0.9779833501929343
83521,0.9780053558399179
83522,0.9780273394922518
83523,0.9780493011719198
83524,0.9780712409008834
83525,0.9780931587010824
83526,0.9781150545944346
83527,0.978136928602836
83528,0.9781587807481604
83529,0.9781806110522602
83530,0.9782024195369655
83531,0.978224206224085
83532,0.9782459711354052
83533,0.9782677142926912
83534,0.978289435717686
83535,0.9783111354321111
83536,0.9783328134576662
83537,0.9783544698160294
83538,0.9783761045288569
83539,0.9783977176177836
83540,0.9784193091044225
83541,0.9784408790103651
83542,0.9784624273571814
83543,0.9784839541664195
83544,0.9785054594596065
83545,0.9785269432582476
83546,0.9785484055838266
83547,0.9785698464578058
83548,0.978591265901626
83549,0.9786126639367069
83550,0.9786340405844463
83551,0.978655395866221
83552,0.9786767298033862
83553,0.9786980424172759
83554,0.9787193337292026
83555,0.9787406037604578
83556,0.9787618525323114
83557,0.9787830800660122
83558,0.9788042863827878
83559,0.9788254715038445
83560,0.9788466354503673
83561,0.9788677782435203
83562,0.9788888999044464
83563,0.978910000454267
83564,0.9789310799140828
83565,0.9789521383049733
83566,0.9789731756479968
83567,0.9789941919641907
83568,0.9790151872745713
83569,0.979036161600134
83570,0.979057114961853
83571,0.9790780473806817
83572,0.9790989588775526
83573,0.9791198494733772
83574,0.979140719189046
83575,0.9791615680454288
83576,0.9791823960633743
83577,0.9792032032637108
83578,0.9792239896672453
83579,0.9792447552947643
83580,0.9792655001670334
83581,0.9792862243047975
83582,0.9793069277287807
83583,0.9793276104596864
83584,0.9793482725181974
83585,0.9793689139249758
83586,0.979389534700663
83587,0.9794101348658798
83588,0.9794307144412262
83589,0.979451273447282
83590,0.9794718119046061
83591,0.9794923298337369
83592,0.9795128272551924
83593,0.97953330418947
83594,0.9795537606570468
83595,0.9795741966783791
83596,0.979594612273903
83597,0.9796150074640341
83598,0.9796353822691675
83599,0.9796557367096781
83600,0.9796760708059203
83601,0.9796963845782283
83602,0.9797166780469158
83603,0.9797369512322761
83604,0.9797572041545827
83605,0.9797774368340884
83606,0.9797976492910258
83607,0.9798178415456075
83608,0.9798380136180257
83609,0.9798581655284525
83610,0.9798782972970398
83611,0.9798984089439193
83612,0.9799185004892028
83613,0.9799385719529817
83614,0.9799586233553276
83615,0.9799786547162918
83616,0.9799986660559057
83617,0.9800186573941806
83618,0.9800386287511079
83619,0.980058580146659
83620,0.9800785116007853
83621,0.9800984231334182
83622,0.9801183147644693
83623,0.9801381865138301
83624,0.9801580384013725
83625,0.9801778704469484
83626,0.9801976826703898
83627,0.9802174750915088
83628,0.980237247730098
83629,0.98025700060593
83630,0.9802767337387577
83631,0.9802964471483141
83632,0.9803161408543127
83633,0.9803358148764474
83634,0.980355469234392
83635,0.9803751039478009
83636,0.9803947190363088
83637,0.9804143145195309
83638,0.9804338904170625
83639,0.9804534467484798
83640,0.9804729835333389
83641,0.9804925007911767
83642,0.9805119985415103
83643,0.9805314768038376
83644,0.9805509355976368
83645,0.9805703749423669
83646,0.980589794857467
83647,0.9806091953623571
83648,0.9806285764764378
83649,0.98064793821909
83650,0.9806672806096757
83651,0.980686603667537
83652,0.9807059074119973
83653,0.9807251918623601
83654,0.9807444570379099
83655,0.980763702957912
83656,0.9807829296416123
83657,0.9808021371082374
83658,0.9808213253769947
83659,0.9808404944670727
83660,0.9808596443976403
83661,0.9808787751878475
83662,0.9808978868568251
83663,0.9809169794236848
83664,0.9809360529075193
83665,0.9809551073274019
83666,0.980974142702387
83667,0.9809931590515101
83668,0.9810121563937875
83669,0.9810311347482165
83670,0.9810500941337754
83671,0.9810690345694238
83672,0.981087956074102
83673,0.9811068586667316
83674,0.9811257423662152
83675,0.9811446071914364
83676,0.98116345316126
83677,0.981182280294532
83678,0.9812010886100797
83679,0.9812198781267113
83680,0.9812386488632163
83681,0.9812574008383655
83682,0.9812761340709109
83683,0.9812948485795856
83684,0.9813135443831043
83685,0.9813322215001626
83686,0.9813508799494378
83687,0.9813695197495883
83688,0.9813881409192539
83689,0.9814067434770557
83690,0.9814253274415964
83691,0.9814438928314598
83692,0.9814624396652115
83693,0.9814809679613982
83694,0.9814994777385482
83695,0.9815179690151713
83696,0.9815364418097589
83697,0.9815548961407836
83698,0.9815733320266998
83699,0.9815917494859435
83700,0.980610648287057
83701,0.980630027948939
83702,0.9806493882408441
83703,0.9806687291821327
83704,0.9806880507921455
83705,0.9807073530902043
83706,0.9807266360956114
83707,0.9807458998276498
83708,0.9807651443055831
83709,0.980784369548656
83710,0.9808035755760937
83711,0.9808227624071021
83712,0.9808419300608681
83713,0.9808610785565594
83714,0.9808802079133244
83715,0.9808993181502926
83716,0.9809184092865741
83717,0.9809374813412602
83718,0.9809565343334229
83719,0.9809755682821151
83720,0.9809945832063708
83721,0.981013579125205
83722,0.9810325560576136
83723,0.9810515140225735
83724,0.9810704530390427
83725,0.9810893731259602
83726,0.9811082743022461
83727,0.9811271565868016
83728,0.9811460199985089
83729,0.9811648645562315
83730,0.981183690278814
83731,0.9812024971850821
83732,0.9812212852938427
83733,0.9812400546238839
83734,0.9812588051939749
83735,0.9812775370228665
83736,0.9812962501292903
83737,0.9813149445319597
83738,0.9803341199996939
83739,0.9803537760516682
83740,0.9803734124574136
83741,0.9803930292365666
83742,0.9804126264087439
83743,0.9804322039935428
83744,0.9804517620105407
83745,0.9804713004792959
83746,0.9804908194193466
83747,0.9805103188502118
83748,0.980529798791391
83749,0.9805492592623641
83750,0.9805687002825917
83751,0.9805881218715147
83752,0.9806075240485547
83753,0.9806269068331138
83754,0.980646270244575
83755,0.9806656143023015
83756,0.9806849390256375
83757,0.9807042444339077
83758,0.9807235305464175
83759,0.9807427973824531
83760,0.9807620449612812
83761,0.9807812733021495
83762,0.9808004824242863
83763,0.9808196723469007
83764,0.9808388430891827
83765,0.9808579946703029
83766,0.980877127109413
83767,0.9808962404256455
83768,0.9809153346381136
83769,0.9809344097659116
83770,0.9809534658281146
83771,0.9809725028437787
83772,0.9809915208319409
83773,0.9810105198116191
83774,0.9810294998018124
83775,0.9810484608215008
83776,0.9810674028896452
83777,0.9810863260251879
83778,0.9811052302470518
83779,0.9811241155741411
83780,0.9811429820253414
83781,0.981161829619519
83782,0.9811806583755215
83783,0.9811994683121776
83784,0.9812182594482974
83785,0.981237031802672
83786,0.9812557853940735
83787,0.9812745202412558
83788,0.9812932363629537
83789,0.9813119337778833
83790,0.981330612504742
83791,0.9813492725622085
83792,0.981367913968943
83793,0.9813865367435867
83794,0.9814051409047625
83795,0.9814237264710746
83796,0.9814422934611085
83797,0.9814608418934312
83798,0.9814793717865912
83799,0.9814978831591183
83800,0.981516376029524
83801,0.9815348504163011
83802,0.9815533063379239
83803,0.9805722435629735
83804,0.9805916616103868
83805,0.9806110602494569
83806,0.9806304394995824
83807,0.9806497993801425
83808,0.9806691399104972
83809,0.980688461109987
83810,0.980707762997933
83811,0.9807270455936372
83812,0.9807463089163823
83813,0.9807655529854313
83814,0.9807847778200286
83815,0.9808039834393989
83816,0.9808231698627479
83817,0.9808423371092618
83818,0.9808614851981081
83819,0.9808806141484349
83820,0.980899723979371
83821,0.9809188147100263
83822,0.9809378863594915
83823,0.9809569389468383
83824,0.9809759724911193
83825,0.9809949870113681
83826,0.9810139825265991
83827,0.9810329590558079
83828,0.981051916617971
83829,0.981070855232046
83830,0.9810897749169715
83831,0.9811086756916672
83832,0.9811275575750338
83833,0.9811464205859532
83834,0.9811652647432886
83835,0.981184090065884
83836,0.9812028965725648
83837,0.9812216842821374
83838,0.9812404532133896
83839,0.9812592033850903
83840,0.9812779348159898
83841,0.9812966475248194
83842,0.9813153415302919
83843,0.9813340168511012
83844,0.9813526735059227
83845,0.9813713115134131
83846,0.9813899308922103
83847,0.9814085316609337
83848,0.9814271138381842
83849,0.9814456774425437
83850,0.9814642224925761
83851,0.9814827490068264
83852,0.9815012570038211
83853,0.9815197465020681
83854,0.981538217520057
83855,0.9815566700762588
83856,0.9815751041891261
83857,0.981593519877093
83858,0.9816119171585751
83859,0.9816302960519698
83860,0.981648656575656
83861,0.9816669987479942
83862,0.9816853225873265
83863,0.9817036281119769
83864,0.9817219153402508
83865,0.9817401842904354
83866,0.9817584349807998
83867,0.9817766674295947
83868,0.9817948816550524
83869,0.9818130776753872
83870,0.9818312555087951
83871,0.981849415173454
83872,0.9818675566875236
83873,0.9818856800691452
83874,0.9819037853364424
83875,0.9819218725075204
83876,0.9819399416004664
83877,0.9819579926333495
83878,0.9819760256242207
83879,0.9819940405911131
83880,0.9820120375520415
83881,0.982030016525003
83882,0.9820479775279765
83883,0.9820659205789231
83884,0.9820838456957857
83885,0.9821017528964895
83886,0.9821196421989418
83887,0.9821375136210317
83888,0.9821553671806309
83889,0.9821732028955927
83890,0.9821910207837531
83891,0.9822088208629297
83892,0.9822266031509228
83893,0.9822443676655146
83894,0.9812626141745946
83895,0.9812813421964091
83896,0.9813000514995611
83897,0.9813187421027599
83898,0.9813374140246962
83899,0.9813560672840418
83900,0.9813747018994501
83901,0.9813933178895555
83902,0.9814119152729742
83903,0.9814304940683036
83904,0.9814490542941224
83905,0.9814675959689909
83906,0.9814861191114507
83907,0.9815046237400249
83908,0.9815231098732182
83909,0.9815415775295169
83910,0.9815600267273884
83911,0.981578457485282
83912,0.9815968698216286
83913,0.9816152637548404
83914,0.9816336393033114
83915,0.981651996485417
83916,0.9816703353195145
83917,0.9816886558239428
83918,0.9817069580170223
83919,0.9817252419170553
83920,0.9817435075423256
83921,0.981761754911099
83922,0.9817799840416226
83923,0.9807986947022507
83924,0.9808178864116937
83925,0.9808370589390183
83926,0.980856212303397
83927,0.9808753465239833
83928,0.9808944616199113
83929,0.9809135576102962
83930,0.980932634514234
83931,0.9809516923508015
83932,0.9809707311390565
83933,0.980989750898038
83934,0.9810087516467656
83935,0.9810277334042401
83936,0.9810466961894433
83937,0.9810656400213379
83938,0.9810845649188678
83939,0.9811034709009578
83940,0.9811223579865141
83941,0.9811412261944237
83942,0.9811600755435547
83943,0.9811789060527565
83944,0.9811977177408596
83945,0.9812165106266758
83946,0.981235284728998
83947,0.9812540400666002
83948,0.9812727766582378
83949,0.9812914945226473
83950,0.9813101936785467
83951,0.9813288741446351
83952,0.981347535939593
83953,0.9813661790820821
83954,0.9813848035907458
83955,0.9814034094842082
83956,0.9814219967810756
83957,0.98044106525006
83958,0.9804606144102299
83959,0.9804801440310092
83960,0.9804996541319277
83961,0.9805191447324956
83962,0.9805386158522033
83963,0.9805580675105219
83964,0.9805774997269031
83965,0.9805969125207793
83966,0.9806163059115631
83967,0.980635679918648
83968,0.9806550345614079
83969,0.9806743698591976
83970,0.9806936858313524
83971,0.9807129824971882
83972,0.9807322598760015
83973,0.98075151798707
83974,0.9807707568496516
83975,0.9807899764829854
83976,0.9808091769062908
83977,0.9808283581387682
83978,0.9808475201995991
83979,0.9808666631079453
83980,0.9808857868829499
83981,0.9809048915437366
83982,0.98092397710941
83983,0.9809430435990558
83984,0.9809620910317404
83985,0.9809811194265112
83986,0.9810001288023967
83987,0.9810191191784063
83988,0.9810380905735304
83989,0.9810570430067402
83990,0.9810759764969884
83991,0.9810948910632084
83992,0.9811137867243146
83993,0.9811326634992028
83994,0.9811515214067499
83995,0.9811703604658136
83996,0.9811891806952331
83997,0.9812079821138285
83998,0.9812267647404014
83999,0.9812455285937343
84000,0.9812642736925911
84001,0.9812830000557169
84002,0.9813017077018381
84003,0.9813203966496623
84004,0.9813390669178785
84005,0.981357718525157
84006,0.9813763514901493
84007,0.9813949658314886
84008,0.9814135615677889
84009,0.9814321387176462
84010,0.9814506972996376
84011,0.9814692373323216
84012,0.9814877588342383
84013,0.9815062618239092
84014,0.9815247463198373
84015,0.9815432123405071
84016,0.9815616599043847
84017,0.9815800890299176
84018,0.9815984997355348
84019,0.9816168920396472
84020,0.9816352659606471
84021,0.9816536215169083
84022,0.9816719587267865
84023,0.9816902776086188
84024,0.9817085781807241
84025,0.981726860461403
84026,0.9817451244689378
84027,0.9817633702215925
84028,0.981781597737613
84029,0.9817998070352265
84030,0.9818179981326426
84031,0.9818361710480522
84032,0.9818543257996284
84033,0.9818724624055258
84034,0.9818905808838811
84035,0.9819086812528128
84036,0.9819267635304212
84037,0.9819448277347885
84038,0.9819628738839792
84039,0.9819809019960392
84040,0.9819989120889966
84041,0.9820169041808616
84042,0.9820348782896264
84043,0.982052834433265
84044,0.9820707726297334
84045,0.9820886928969701
84046,0.9821065952528951
84047,0.982124479715411
84048,0.981142846052527
84049,0.9811616937826094
84050,0.9811805226743809
84051,0.9811993327466704
84052,0.9812181240182879
84053,0.9812368965080247
84054,0.9812556502346533
84055,0.9812743852169276
84056,0.9812931014735823
84057,0.9813117990233339
84058,0.9813304778848798
84059,0.9813491380768989
84060,0.9813677796180514
84061,0.981386402526979
84062,0.9814050068223044
84063,0.9814235925226319
84064,0.9814421596465474
84065,0.9814607082126178
84066,0.9814792382393918
84067,0.9814977497453994
84068,0.9815162427491521
84069,0.9815347172691429
84070,0.9815531733238464
84071,0.9815716109317186
84072,0.9815900301111972
84073,0.9816084308807013
84074,0.9816268132586315
84075,0.9816451772633705
84076,0.9816635229132822
84077,0.9816818502267122
84078,0.9817001592219878
84079,0.9817184499174181
84080,0.9817367223312937
84081,0.9817549764818871
84082,0.9817732123874525
84083,0.9817914300662257
84084,0.9818096295364244
84085,0.981827810816248
84086,0.981845973923878
84087,0.9818641188774773
84088,0.9818822456951909
84089,0.9819003543951457
84090,0.9819184449954503
84091,0.9819365175141955
84092,0.9819545719694537
84093,0.9819726083792794
84094,0.9819906267617089
84095,0.9820086271347607
84096,0.9820266095164351
84097,0.9820445739247144
84098,0.9820625203775634
84099,0.9820804488929281
84100,0.9820983594887372
84101,0.9821162521829014
84102,0.9821341269933134
84103,0.9821519839378478
84104,0.9821698230343616
84105,0.982187644300694
84106,0.9822054477546663
84107,0.982223233414082
84108,0.9822410012967266
84109,0.9822587514203681
84110,0.9822764838027566
84111,0.9822941984616244
84112,0.9823118954146862
84113,0.9823295746796391
84114,0.9823472362741622
84115,0.9823648802159172
84116,0.9823825065225479
84117,0.9824001152116808
84118,0.9824177063009245
84119,0.9824352798078702
84120,0.9824528357500911
84121,0.9824703741451435
84122,0.9824878950105657
84123,0.9825053983638784
84124,0.9825228842225852
84125,0.9825403526041718
84126,0.9825578035261067
84127,0.9825752370058407
84128,0.9825926530608073
84129,0.9826100517084227
84130,0.9826274329660855
84131,0.9826447968511768
84132,0.9826621433810606
84133,0.9826794725730835
84134,0.9826967844445746
84135,0.9827140790128459
84136,0.9827313562951919
84137,0.9827486163088899
84138,0.9827658590711998
84139,0.9827830845993646
84140,0.9828002929106096
84141,0.9828174840221432
84142,0.9828346579511565
84143,0.9828518147148235
84144,0.982868954330301
84145,0.9828860768147285
84146,0.9829031821852285
84147,0.9829202704589065
84148,0.9829373416528506
84149,0.9829543957841321
84150,0.9829714328698052
84151,0.9829884529269068
84152,0.9830054559724571
84153,0.9830224420234592
84154,0.9830394110968991
84155,0.9830563632097458
84156,0.9830732983789514
84157,0.9830902166214512
84158,0.9831071179541634
84159,0.9831240023939893
84160,0.9831408699578135
84161,0.9831577206625033
84162,0.9831745545249095
84163,0.9821918713119911
84164,0.9822096705410647
84165,0.9822274519798042
84166,0.9822452156459913
84167,0.9822629615573897
84168,0.9822806897317451
84169,0.9822984001867858
84170,0.9823160929402224
84171,0.9823337680097474
84172,0.982351425413036
84173,0.9823690651677456
84174,0.9823866872915159
84175,0.9824042918019692
84176,0.9824218787167098
84177,0.9824394480533248
84178,0.9824569998293835
84179,0.9824745340624376
84180,0.9824920507700213
84181,0.9825095499696515
84182,0.9825270316788273
84183,0.9825444959150303
84184,0.9825619426957249
84185,0.9825793720383579
84186,0.9825967839603585
84187,0.9826141784791388
84188,0.9826315556120931
84189,0.9826489153765988
84190,0.9826662577900155
84191,0.9826835828696856
84192,0.9827008906329343
84193,0.9827181810970693
84194,0.9827354542793811
84195,0.9827527101971428
84196,0.9827699488676105
84197,0.9827871703080227
84198,0.9828043745356009
84199,0.9828215615675493
84200,0.982838731421055
84201,0.9828558841132878
84202,0.9828730196614005
84203,0.9828901380825286
84204,0.9829072393937904
84205,0.9829243236122874
84206,0.9829413907551038
84207,0.9829584408393066
84208,0.982975473881946
84209,0.9829924899000549
84210,0.9830094889106495
84211,0.9830264709307288
84212,0.9830434359772748
84213,0.9830603840672526
84214,0.9830773152176102
84215,0.9830942294452788
84216,0.9831111267671726
84217,0.9831280072001889
84218,0.9831448707612082
84219,0.983161717467094
84220,0.9831785473346931
84221,0.9831953603808353
84222,0.9832121566223337
84223,0.9832289360759846
84224,0.9832456987585674
84225,0.9832624446868446
84226,0.9832791738775625
84227,0.98329588634745
84228,0.9833125821132197
84229,0.9833292611915673
84230,0.983345923599172
84231,0.9833625693526961
84232,0.9833791984687853
84233,0.9833958109640689
84234,0.9834124068551593
84235,0.9834289861586524
84236,0.9834455488911275
84237,0.9834620950691473
84238,0.9834786247092581
84239,0.9834951378279895
84240,0.9835116344418545
84241,0.9835281145673499
84242,0.9835445782209558
84243,0.9835610254191357
84244,0.9835774561783369
84245,0.9835938705149903
84246,0.98361026844551
84247,0.9836266499862941
84248,0.9836430151537241
84249,0.9836593639641652
84250,0.9836756964339661
84251,0.9836920125794594
84252,0.9837083124169612
84253,0.9837245959627714
84254,0.9837408632331734
84255,0.9837571142444347
84256,0.9837733490128061
84257,0.9837895675545224
84258,0.9838057698858023
84259,0.9838219560228479
84260,0.9838381259818456
84261,0.9838542797789652
84262,0.9838704174303605
84263,0.9838865389521693
84264,0.9839026443605129
84265,0.9839187336714968
84266,0.9839348069012105
84267,0.9839508640657271
84268,0.9839669051811036
84269,0.9839829302633814
84270,0.9839989393285854
84271,0.9840149323927248
84272,0.9840309094717925
84273,0.9840468705817658
84274,0.9840628157386055
84275,0.9840787449582571
84276,0.9840946582566497
84277,0.9841105556496965
84278,0.9841264371532951
84279,0.9841423027833267
84280,0.9841581525556572
84281,0.9841739864861363
84282,0.9841898045905979
84283,0.9832061066349851
84284,0.9832228921355998
84285,0.9832396608591024
84286,0.9832564128222617
84287,0.9822736477919546
84288,0.9822913652854159
84289,0.9823090650702381
84290,0.9823267471641209
84291,0.9823444115847465
84292,0.9823620583497792
84293,0.9823796874768659
84294,0.9813977987337605
84295,0.9814163916385744
84296,0.9814349659597752
84297,0.9814535217159374
84298,0.9814720589256166
84299,0.9814905776073501
84300,0.9815090777796567
84301,0.9815275594610363
84302,0.9815460226699708
84303,0.9815644674249234
84304,0.9815828937443388
84305,0.9816013016466434
84306,0.9816196911502449
84307,0.981638062273533
84308,0.9816564150348788
84309,0.981674749452635
84310,0.9816930655451361
84311,0.9817113633306982
84312,0.981729642827619
84313,0.9817479040541781
84314,0.9817661470286367
84315,0.9817843717692378
84316,0.9818025782942061
84317,0.9818207666217481
84318,0.9818389367700522
84319,0.9818570887572885
84320,0.9818752226016091
84321,0.9818933383211477
84322,0.9819114359340201
84323,0.981929515458324
84324,0.9819475769121387
84325,0.9819656203135259
84326,0.9819836456805289
84327,0.982001653031173
84328,0.9810201421335907
84329,0.9810391125062707
84330,0.9810580639180586
84331,0.9810769963879056
84332,0.9810959099347443
84333,0.9811148045774881
84334,0.9811336803350319
84335,0.9811525372262513
84336,0.9811713752700032
84337,0.9811901944851257
84338,0.9812089948904379
84339,0.9812277765047404
84340,0.9812465393468146
84341,0.9812652834354235
84342,0.9812840087893111
84343,0.9813027154272028
84344,0.9813214033678053
84345,0.9813400726298065
84346,0.9813587232318757
84347,0.9813773551926634
84348,0.9813959685308017
84349,0.9814145632649038
84350,0.9814331394135646
84351,0.9814516969953602
84352,0.9814702360288481
84353,0.9814887565325674
84354,0.9815072585250386
84355,0.9815257420247637
84356,0.9815442070502263
84357,0.9815626536198913
84358,0.9815810817522052
84359,0.9815994914655962
84360,0.9816178827784742
84361,0.9816362557092303
84362,0.9816546102762376
84363,0.9816729464978505
84364,0.9816912643924054
84365,0.9817095639782201
84366,0.9817278452735941
84367,0.981746108296809
84368,0.9817643530661275
84369,0.9817825795997945
84370,0.9818007879160366
84371,0.9818189780330621
84372,0.981837149969061
84373,0.9818553037422054
84374,0.981873439370649
84375,0.9818915568725274
84376,0.9819096562659582
84377,0.9819277375690406
84378,0.9819458007998562
84379,0.981963845976468
84380,0.9819818731169213
84381,0.9819998822392433
84382,0.982017873361443
84383,0.9820358465015115
84384,0.9820538016774221
84385,0.9820717389071298
84386,0.982089658208572
84387,0.9821075595996679
84388,0.982125443098319
84389,0.9821433087224086
84390,0.9821611564898025
84391,0.9821789864183484
84392,0.9821967985258764
84393,0.9822145928301983
84394,0.9822323693491086
84395,0.9822501281003839
84396,0.9822678691017829
84397,0.9822855923710465
84398,0.982303297925898
84399,0.982320985784043
84400,0.9823386559631694
84401,0.9823563084809473
84402,0.9823739433550294
84403,0.9823915606030503
84404,0.9824091602426275
84405,0.9824267422913605
84406,0.9824443067668314
84407,0.9824618536866047
84408,0.9824793830682272
84409,0.9824968949292285
84410,0.9825143892871203
84411,0.982531866159397
84412,0.9825493255635356
84413,0.9825667675169953
84414,0.9825841920372183
84415,0.9826015991416288
84416,0.9826189888476342
84417,0.9826363611726241
84418,0.9826537161339708
84419,0.9826710537490293
84420,0.9826883740351372
84421,0.9827056770096149
84422,0.9827229626897652
84423,0.9827402310928739
84424,0.9827574822362094
84425,0.9827747161370228
84426,0.9827919328125481
84427,0.9828091322800018
84428,0.9828263145565835
84429,0.9828434796594755
84430,0.9828606276058428
84431,0.9828777584128334
84432,0.9828948720975782
84433,0.9829119686771908
84434,0.9829290481687678
84435,0.9829461105893887
84436,0.9829631559561159
84437,0.9829801842859949
84438,0.9829971955960538
84439,0.9830141899033041
84440,0.9830311672247402
84441,0.9830481275773391
84442,0.9830650709780614
84443,0.9830819974438504
84444,0.9830989069916326
84445,0.9831157996383176
84446,0.9831326754007981
84447,0.9831495342959496
84448,0.9831663763406313
84449,0.9831832015516851
84450,0.9832000099459364
84451,0.9832168015401933
84452,0.9832335763512476
84453,0.9832503343958741
84454,0.9832670756908307
84455,0.9832838002528589
84456,0.9833005080986831
84457,0.9833171992450113
84458,0.9833338737085345
84459,0.9833505315059273
84460,0.9833671726538474
84461,0.9833837971689361
84462,0.9834004050678177
84463,0.9834169963671002
84464,0.983433571083375
84465,0.9834501292332167
84466,0.9834666708331835
84467,0.983483195899817
84468,0.9834997044496423
84469,0.9825166962492928
84470,0.9825341708157603
84471,0.9825516279163943
84472,0.9825690675686517
84473,0.9825864897899724
84474,0.9826038945977785
84475,0.9826212820094749
84476,0.9826386520424489
84477,0.9826560047140707
84478,0.9826733400416928
84479,0.9826906580426507
84480,0.9827079587342622
84481,0.9827252421338282
84482,0.982742508258632
84483,0.9827597571259397
84484,0.9827769887530002
84485,0.9827942031570452
84486,0.982811400355289
84487,0.9828285803649289
84488,0.9828457432031449
84489,0.9828628888870997
84490,0.9828800174339392
84491,0.9828971288607918
84492,0.9829142231847691
84493,0.9829313004229652
84494,0.9829483605924575
84495,0.9829654037103062
84496,0.9829824297935542
84497,0.9829994388592278
84498,0.983016430924336
84499,0.9830334060058709
84500,0.9830503641208075
84501,0.983067305286104
84502,0.9830842295187016
84503,0.9831011368355245
84504,0.98311802725348
84505,0.9831349007894585
84506,0.9831517574603337
84507,0.983168597282962
84508,0.9831854202741834
84509,0.9832022264508209
84510,0.9832190158296806
84511,0.983235788427552
84512,0.9832525442612076
84513,0.9832692833474033
84514,0.9832860057028782
84515,0.9833027113443545
84516,0.9833194002885381
84517,0.9833360725521179
84518,0.9833527281517659
84519,0.9833693671041379
84520,0.983385989425873
84521,0.9834025951335932
84522,0.9834191842439044
84523,0.9834357567733958
84524,0.9834523127386398
84525,0.9834688521561923
84526,0.9834853750425929
84527,0.9835018814143645
84528,0.9835183712880132
84529,0.9835348446800292
84530,0.9835513016068858
84531,0.9835677420850398
84532,0.9835841661309318
84533,0.9836005737609859
84534,0.9836169649916096
84535,0.9836333398391941
84536,0.9836496983201144
84537,0.983666040450729
84538,0.9836823662473799
84539,0.983698675726393
84540,0.9837149689040778
84541,0.9837312457967274
84542,0.9837475064206188
84543,0.9837637507920125
84544,0.983779978927153
84545,0.9837961908422682
84546,0.9838123865535703
84547,0.9838285660772549
84548,0.9838447294295015
84549,0.9838608766264735
84550,0.9838770076843181
84551,0.9838931226191663
84552,0.9839092214471331
84553,0.9839253041843173
84554,0.9839413708468018
84555,0.983957421450653
84556,0.9839734560119218
84557,0.9839894745466424
84558,0.9840054770708337
84559,0.984021463600498
84560,0.9840374341516219
84561,0.984053388740176
84562,0.9840693273821148
84563,0.9840852500933771
84564,0.9841011568898854
84565,0.9841170477875467
84566,0.9841329228022518
84567,0.9841487819498758
84568,0.9841646252462777
84569,0.9841804527073009
84570,0.9841962643487728
84571,0.9842120601865052
84572,0.9842278402362938
84573,0.9842436045139187
84574,0.9842593530351441
84575,0.9842750858157187
84576,0.9842908028713752
84577,0.9843065042178305
84578,0.9843221898707862
84579,0.9843378598459279
84580,0.9843535141589255
84581,0.9843691528254332
84582,0.98438477586109
84583,0.9844003832815187
84584,0.9844159751023268
84585,0.9844315513391061
84586,0.9844471120074328
84587,0.9844626571228677
84588,0.9844781867009558
84589,0.9844937007572266
84590,0.9845091993071944
84591,0.9845246823663576
84592,0.9845401499501993
84593,0.9845556020741871
84594,0.9845710387537732
84595,0.9845864600043941
84596,0.9846018658414711
84597,0.9846172562804102
84598,0.9846326313366017
84599,0.9846479910254207
84600,0.9846633353622268
84601,0.9846786643623645
84602,0.9846939780411628
84603,0.9847092764139352
84604,0.9847245594959803
84605,0.984739827302581
84606,0.9847550798490052
84607,0.9847703171505054
84608,0.984785539222319
84609,0.984800746079668
84610,0.9848159377377593
84611,0.9848311142117846
84612,0.9848462755169203
84613,0.9848614216683277
84614,0.9848765526811529
84615,0.9848916685705271
84616,0.9849067693515661
84617,0.9849218550393706
84618,0.9839374253991513
84619,0.9839534799464785
84620,0.9839695184472816
84621,0.9839855409175992
84622,0.9840015473734536
84623,0.9840175378308514
84624,0.9840335123057832
84625,0.9840494708142232
84626,0.98406541337213
84627,0.9840813399954462
84628,0.9840972507000985
84629,0.9841131455019974
84630,0.9841290244170379
84631,0.9841448874610988
84632,0.9841607346500433
84633,0.9841765659997184
84634,0.9841923815259556
84635,0.9842081812445703
84636,0.9842239651713623
84637,0.9842397333221156
84638,0.9842554857125982
84639,0.9842712223585627
84640,0.9842869432757455
84641,0.9843026484798677
84642,0.9843183379866345
84643,0.9843340118117353
84644,0.984349669970844
84645,0.9843653124796188
84646,0.9843809393537021
84647,0.9843965506087209
84648,0.9844121462602864
84649,0.9844277263239942
84650,0.9844432908154245
84651,0.9844588397501417
84652,0.9844743731436948
84653,0.9844898910116171
84654,0.9845053933694266
84655,0.9845208802326255
84656,0.9845363516167008
84657,0.9845518075371239
84658,0.9845672480093507
84659,0.9845826730488216
84660,0.9845980826709617
84661,0.9846134768911806
84662,0.9846288557248726
84663,0.9846442191874164
84664,0.9846595672941756
84665,0.9846749000604983
84666,0.9846902175017171
84667,0.9847055196331497
84668,0.9847208064700981
84669,0.9847360780278491
84670,0.9847513343216744
84671,0.9847665753668301
84672,0.9847818011785574
84673,0.9847970117720821
84674,0.9848122071626148
84675,0.9848273873653508
84676,0.9848425523954704
84677,0.9848577022681385
84678,0.9848728369985051
84679,0.984887956601705
84680,0.9849030610928577
84681,0.9849181504870678
84682,0.9849332247994245
84683,0.9849482840450022
84684,0.9849633282388603
84685,0.9849783573960429
84686,0.9849933715315791
84687,0.9850083706604831
84688,0.9850233547977539
84689,0.9850383239583759
84690,0.985053278157318
84691,0.9850682174095347
84692,0.9850831417299649
84693,0.9850980511335332
84694,0.9851129456351488
84695,0.9851278252497064
84696,0.9851426899920855
84697,0.9851575398771509
84698,0.9851723749197525
84699,0.9851871951347253
84700,0.9852020005368894
84701,0.9852167911410504
84702,0.9852315669619989
84703,0.9852463280145106
84704,0.9852610743133466
84705,0.9852758058732534
84706,0.9852905227089622
84707,0.9853052248351901
84708,0.9853199122666392
84709,0.9853345850179969
84710,0.9853492431039359
84711,0.9853638865391143
84712,0.9853785153381757
84713,0.9853931295157488
84714,0.9854077290864477
84715,0.984422813814997
84716,0.9844383832164812
84717,0.9844539370563449
84718,0.9844694753501416
84719,0.9844849981134098
84720,0.9845005053616723
84721,0.9845159971104362
84722,0.9845314733751934
84723,0.9845469341714201
84724,0.9845623795145771
84725,0.9845778094201098
84726,0.984593223903448
84727,0.9846086229800062
84728,0.9846240066651836
84729,0.9846393749743638
84730,0.9846547279229152
84731,0.9846700655261906
84732,0.9846853877995277
84733,0.9847006947582488
84734,0.9847159864176609
84735,0.9847312627930556
84736,0.9847465238997092
84737,0.9847617697528829
84738,0.9847770003678226
84739,0.9847922157597587
84740,0.9838079156940318
84741,0.9838240996863417
84742,0.9838402675027471
84743,0.983856419159416
84744,0.9838725546725
84745,0.9838886740581347
84746,0.9839047773324394
84747,0.9839208645115174
84748,0.9839369356114559
84749,0.983952990648326
84750,0.9839690296381827
84751,0.983985052597065
84752,0.984001059540996
84753,0.9840170504859825
84754,0.9840330254480155
84755,0.98404898444307
84756,0.984064927487105
84757,0.9840808545960633
84758,0.9840967657858724
84759,0.9841126610724432
84760,0.9841285404716712
84761,0.9841444039994356
84762,0.983160751421725
84763,0.9831775822548867
84764,0.9831943962656264
84765,0.9832111934707582
84766,0.9832279738870793
84767,0.9832447375313701
84768,0.9832614844203942
84769,0.9832782145708986
84770,0.9832949279996134
84771,0.983311624723252
84772,0.9833283047585111
84773,0.9833449681220707
84774,0.9833616148305944
84775,0.9833782449007287
84776,0.9833948583491038
84777,0.982411954942458
84778,0.9824295341978878
84779,0.9824470958828474
84780,0.9824646400148985
84781,0.9824821666115853
84782,0.9824996756904343
84783,0.9825171672689545
84784,0.9825346413646378
84785,0.9825520979949579
84786,0.9825695371773717
84787,0.9825869589293184
84788,0.9826043632682195
84789,0.9826217502114797
84790,0.9826391197764857
84791,0.9826564719806071
84792,0.9826738068411962
84793,0.9826911243755878
84794,0.9827084246010994
84795,0.9827257075350313
84796,0.9827429731946664
84797,0.9827602215972705
84798,0.9827774527600919
84799,0.9827946667003616
84800,0.9828118634352938
84801,0.9828290429820851
84802,0.9828462053579151
84803,0.9828633505799462
84804,0.9828804786653236
84805,0.9828975896311754
84806,0.9829146834946124
84807,0.9829317602727288
84808,0.9829488199826011
84809,0.9829658626412892
84810,0.9829828882658356
84811,0.982999896873266
84812,0.9830168884805891
84813,0.9830338631047965
84814,0.9830508207628627
84815,0.9830677614717453
84816,0.9830846852483853
84817,0.9831015921097063
84818,0.9831184820726151
84819,0.9831353551540017
84820,0.9831522113707394
84821,0.9831690507396842
84822,0.9831858732776755
84823,0.9832026790015359
84824,0.9832194679280711
84825,0.9832362400740701
84826,0.9832529954563048
84827,0.983269734091531
84828,0.9832864559964869
84829,0.9833031611878947
84830,0.9833198496824596
84831,0.9833365214968699
84832,0.9833531766477975
84833,0.9833698151518977
84834,0.9833864370258089
84835,0.9834030422861528
84836,0.983419630949535
84837,0.983436203032544
84838,0.9834527585517518
84839,0.9834692975237141
84840,0.9834858199649698
84841,0.9835023258920412
84842,0.9835188153214345
84843,0.983535288269639
84844,0.9835517447531276
84845,0.9835681847883568
84846,0.9835846083917668
84847,0.983601015579781
84848,0.9836174063688067
84849,0.9836337807752347
84850,0.9836501388154393
84851,0.9836664805057787
84852,0.9836828058625945
84853,0.9836991149022121
84854,0.9837154076409405
84855,0.9837316840950725
84856,0.9837479442808845
84857,0.9837641882146367
84858,0.9837804159125731
84859,0.9837966273909214
84860,0.983812822665893
84861,0.9838290017536832
84862,0.9838451646704711
84863,0.9838613114324196
84864,0.9838774420556756
84865,0.9838935565563696
84866,0.9839096549506161
84867,0.9839257372545135
84868,0.9839418034841442
84869,0.9839578536555743
84870,0.9839738877848541
84871,0.9839899058880176
84872,0.984005907981083
84873,0.9840218940800525
84874,0.984037864200912
84875,0.9840538183596317
84876,0.9840697565721658
84877,0.9840856788544524
84878,0.984101585222414
84879,0.9841174756919568
84880,0.9841333502789714
84881,0.9841492089993322
84882,0.9841650518688981
84883,0.9841808789035119
84884,0.9841966901190007
84885,0.9842124855311756
84886,0.9842282651558321
84887,0.9842440290087497
84888,0.9842597771056926
84889,0.9842755094624085
84890,0.9842912260946299
84891,0.9843069270180735
84892,0.9843226122484403
84893,0.9843382818014154
84894,0.9843539356926683
84895,0.984369573937853
84896,0.9843851965526077
84897,0.9844008035525551
84898,0.9844163949533021
84899,0.9844319707704403
84900,0.9844475310195453
84901,0.9844630757161774
84902,0.9844786048758813
84903,0.9844941185141863
84904,0.984509616646606
84905,0.9845250992886383
84906,0.984540566455766
84907,0.9845560181634564
84908,0.9845714544271611
84909,0.9845868752623164
84910,0.9846022806843431
84911,0.9846176707086466
84912,0.9846330453506169
84913,0.9846484046256287
84914,0.9846637485490414
84915,0.9846790771361987
84916,0.9846943904024295
84917,0.9847096883630467
84918,0.9847249710333486
84919,0.9847402384286176
84920,0.9847554905641213
84921,0.9847707274551116
84922,0.9847859491168257
84923,0.9848011555644851
84924,0.9848163468132962
84925,0.9848315228784503
84926,0.9848466837751235
84927,0.9848618295184767
84928,0.9848769601236556
84929,0.9848920756057908
84930,0.984907175979998
84931,0.9849222612613773
84932,0.984937331465014
84933,0.9849523866059785
84934,0.9849674266993258
84935,0.9849824517600961
84936,0.9849974618033144
84937,0.9850124568439907
84938,0.9850274368971202
84939,0.9850424019776829
84940,0.9850573521006437
84941,0.9850722872809529
84942,0.9840877072836706
84943,0.9841036116242167
84944,0.9841195000683703
84945,0.9841353726320201
84946,0.9841512293310386
84947,0.9841670701812825
84948,0.9841828951985925
84949,0.9841987043987938
84950,0.9842144977976955
84951,0.9842302754110911
84952,0.9842460372547581
84953,0.9842617833444585
84954,0.9842775136959383
84955,0.9842932283249278
84956,0.9843089272471418
84957,0.9843246104782791
84958,0.984340278034023
84959,0.984355929930041
84960,0.984371566181985
84961,0.9843871868054912
84962,0.9844027918161804
84963,0.9844183812296575
84964,0.984433955061512
84965,0.9844495133273176
84966,0.9844650560426326
84967,0.9844805832229998
84968,0.9844960948839463
84969,0.9845115910409838
84970,0.9845270717096085
84971,0.984542536905301
84972,0.9845579866435266
84973,0.9845734209397349
84974,0.9845888398093603
84975,0.9846042432678217
84976,0.9846196313305225
84977,0.9846350040128509
84978,0.9846503613301794
84979,0.9846657032978653
84980,0.9846810299312507
84981,0.9846963412456623
84982,0.9847116372564113
84983,0.9847269179787937
84984,0.9847421834280903
84985,0.9847574336195665
84986,0.9847726685684725
84987,0.9847878882900432
84988,0.9848030927994984
84989,0.9848182821120426
84990,0.9848334562428651
84991,0.9848486152071401
84992,0.9848637590200264
84993,0.9848788876966681
84994,0.9848940012521936
84995,0.9849090997017167
84996,0.9849241830603357
84997,0.984939251343134
84998,0.9849543045651799
84999,0.9849693427415265
85000,0.984984365887212
85001,0.9849993740172598
85002,0.9850143671466778
85003,0.9850293452904593
85004,0.9850443084635823
85005,0.98505925668101
85006,0.9850741899576907
85007,0.9850891083085576
85008,0.985104011748529
85009,0.9851189002925085
85010,0.9851337739553845
85011,0.9851486327520308
85012,0.9851634766973061
85013,0.9851783058060544
85014,0.9851931200931048
85015,0.9852079195732716
85016,0.9852227042613543
85017,0.9852374741721376
85018,0.9852522293203914
85019,0.9852669697208707
85020,0.9852816953883161
85021,0.9852964063374532
85022,0.9853111025829929
85023,0.9853257841396316
85024,0.9853404510220507
85025,0.9853551032449173
85026,0.9853697408228833
85027,0.9853843637705866
85028,0.9853989721026499
85029,0.9854135658336818
85030,0.9854281449782758
85031,0.9854427095510112
85032,0.9854572595664525
85033,0.9854717950391497
85034,0.9854863159836383
85035,0.9855008224144393
85036,0.985515314346059
85037,0.9855297917929895
85038,0.9855442547697082
85039,0.985558703290678
85040,0.9855731373703475
85041,0.9855875570231507
85042,0.9856019622635074
85043,0.9856163531058227
85044,0.9856307295644876
85045,0.9856450916538784
85046,0.9856594393883572
85047,0.9856737727822719
85048,0.9856880918499558
85049,0.9857023966057279
85050,0.985716687063893
85051,0.9857309632387418
85052,0.984745724894675
85053,0.9847609715464545
85054,0.9847762029592017
85055,0.9847914191481479
85056,0.9848066201285096
85057,0.9848218059154876
85058,0.9848369765242677
85059,0.9848521319700205
85060,0.9848672722679016
85061,0.9848823974330512
85062,0.9848975074805943
85063,0.9849126024256413
85064,0.9849276822832868
85065,0.9849427470686108
85066,0.9849577967966782
85067,0.9849728314825386
85068,0.9839883508913516
85069,0.9840043545386367
85070,0.9840203421902722
85071,0.984036313862246
85072,0.9840522695705296
85073,0.9840682093310787
85074,0.9840841331598333
85075,0.9841000410727171
85076,0.9841159330856379
85077,0.9841318092144878
85078,0.984147669475143
85079,0.9841635138834637
85080,0.9841793424552943
85081,0.9841951552064634
85082,0.9842109521527838
85083,0.9842267333100524
85084,0.9842424986940503
85085,0.9842582483205431
85086,0.9842739822052802
85087,0.9842897003639955
85088,0.9843054028124073
85089,0.984321089566218
85090,0.9843367606411143
85091,0.9843524160527674
85092,0.9843680558168325
85093,0.9843836799489496
85094,0.9843992884647428
85095,0.9844148813798205
85096,0.9844304587097756
85097,0.9844460204701857
85098,0.9844615666766123
85099,0.9844770973446018
85100,0.9844926124896847
85101,0.9845081121273761
85102,0.9845235962731759
85103,0.984539064942568
85104,0.9845545181510212
85105,0.9845699559139888
85106,0.9845853782469083
85107,0.9846007851652022
85108,0.9846161766842775
85109,0.9846315528195255
85110,0.9846469135863226
85111,0.9846622590000295
85112,0.9846775890759915
85113,0.9846929038295387
85114,0.984708203275986
85115,0.9837239871807576
85116,0.9837402550596374
85117,0.9837565066787681
85118,0.9837727420544016
85119,0.983788961202773
85120,0.9838051641401016
85121,0.9838213508825902
85122,0.9838375214464257
85123,0.9838536758477786
85124,0.9838698141028033
85125,0.9838859362276381
85126,0.983902042238405
85127,0.9839181321512103
85128,0.9839342059821435
85129,0.9839502637472788
85130,0.9839663054626738
85131,0.9839823311443703
85132,0.9839983408083939
85133,0.9840143344707543
85134,0.9840303121474452
85135,0.9840462738544442
85136,0.9840622196077131
85137,0.9840781494231977
85138,0.9840940633168277
85139,0.984109961304517
85140,0.9841258434021637
85141,0.9841417096256497
85142,0.9841575599908415
85143,0.9841733945135893
85144,0.9841892132097276
85145,0.9842050160950753
85146,0.984220803185435
85147,0.9842365744965941
85148,0.9842523300443237
85149,0.9842680698443793
85150,0.9842837939125009
85151,0.9842995022644124
85152,0.9843151949158223
85153,0.9843308718824232
85154,0.9843465331798921
85155,0.9843621788238902
85156,0.9843778088300632
85157,0.9843934232140411
85158,0.9844090219914383
85159,0.9844246051778537
85160,0.9844401727888703
85161,0.9844557248400558
85162,0.9844712613469623
85163,0.9844867823251262
85164,0.9845022877900687
85165,0.984517777757295
85166,0.9845332522422952
85167,0.9845487112605438
85168,0.9845641548274997
85169,0.9845795829586067
85170,0.9845949956692928
85171,0.9846103929749707
85172,0.9846257748910376
85173,0.9846411414328757
85174,0.9846564926158514
85175,0.9846718284553159
85176,0.9846871489666049
85177,0.9847024541650391
85178,0.9847177440659236
85179,0.9847330186845483
85180,0.9847482780361879
85181,0.9847635221361017
85182,0.9847787509995339
85183,0.9847939646417133
85184,0.9848091630778535
85185,0.984824346323153
85186,0.984839514392795
85187,0.9848546673019477
85188,0.9848698050657638
85189,0.9848849276993813
85190,0.9849000352179227
85191,0.9849151276364955
85192,0.9849302049701921
85193,0.98494526723409
85194,0.9849603144432514
85195,0.9849753466127233
85196,0.9849903637575382
85197,0.9850053658927131
85198,0.9850203530332502
85199,0.9850353251941365
85200,0.9850502823903443
85201,0.9850652246368308
85202,0.985080151948538
85203,0.9850950643403936
85204,0.9851099618273098
85205,0.985124844424184
85206,0.985139712145899
85207,0.9851545650073225
85208,0.9851694030233071
85209,0.9851842262086912
85210,0.9851990345782977
85211,0.9852138281469351
85212,0.985228606929397
85213,0.985243370940462
85214,0.9852581201948943
85215,0.9852728547074432
85216,0.9852875744928431
85217,0.9853022795658137
85218,0.9853169699410603
85219,0.9853316456332731
85220,0.9843468064072529
85221,0.9843624517781602
85222,0.9843780815115153
85223,0.9843936956229481
85224,0.9844092941280725
85225,0.9844248770424873
85226,0.9834409441319001
85227,0.983457494912378
85228,0.9834740291503467
85229,0.9834905468623403
85230,0.9835070480648767
85231,0.983523532774457
85232,0.983540001007566
85233,0.9835564527806718
85234,0.9835728881102264
85235,0.9835893070126649
85236,0.9836057095044064
85237,0.9836220956018533
85238,0.9836384653213917
85239,0.9836548186793913
85240,0.9836711556922055
85241,0.9836874763761714
85242,0.9837037807476094
85243,0.9837200688228243
85244,0.9837363406181038
85245,0.9837525961497199
85246,0.983768835433928
85247,0.9837850584869675
85248,0.9838012653250615
85249,0.9838174559644167
85250,0.9838336304212238
85251,0.9838497887116574
85252,0.9838659308518757
85253,0.9838820568580208
85254,0.9838981667462187
85255,0.9839142605325792
85256,0.9839303382331963
85257,0.9839463998641477
85258,0.9839624454414948
85259,0.9839784749812834
85260,0.9839944884995431
85261,0.9840104860122871
85262,0.9840264675355133
85263,0.9840424330852029
85264,0.9840583826773216
85265,0.983074816077944
85266,0.9830917328035033
85267,0.9831086326207911
85268,0.9831255155467074
85269,0.9831423815981349
85270,0.9831592307919399
85271,0.9831760631449714
85272,0.9831928786740619
85273,0.9832096773960268
85274,0.983226459327665
85275,0.9832432244857582
85276,0.9832599728870718
85277,0.983276704548354
85278,0.9832934194863366
85279,0.9833101177177346
85280,0.983326799259246
85281,0.9833434641275527
85282,0.9833601123393193
85283,0.983376743911194
85284,0.9833933588598085
85285,0.9834099572017777
85286,0.9834265389536999
85287,0.983443104132157
85288,0.983459652753714
85289,0.9834761848349197
85290,0.9834927003923061
85291,0.9835091994423887
85292,0.9835256820016667
85293,0.9835421480866225
85294,0.9835585977137223
85295,0.9835750308994158
85296,0.983591447660136
85297,0.9836078480122997
85298,0.9836242319723074
85299,0.983640599556543
85300,0.983656950781374
85301,0.9836732856631518
85302,0.9836896042182112
85303,0.9837059064628706
85304,0.9837221924134324
85305,0.9837384620861825
85306,0.9837547154973908
85307,0.9827714524134354
85308,0.9827886723510532
85309,0.982805875077339
85310,0.9828230606094955
85311,0.9828402289647085
85312,0.982857380160146
85313,0.9828745142129595
85314,0.9828916311402829
85315,0.9829087309592331
85316,0.9829258136869101
85317,0.9829428793403965
85318,0.9829599279367579
85319,0.982976959493043
85320,0.9829939740262833
85321,0.9830109715534934
85322,0.9830279520916708
85323,0.9830449156577961
85324,0.9830618622688327
85325,0.9830787919417274
85326,0.9830957046934099
85327,0.9831126005407927
85328,0.983129479500772
85329,0.9831463415902265
85330,0.9831631868260184
85331,0.983180015224993
85332,0.9831968268039785
85333,0.9832136215797865
85334,0.983230399569212
85335,0.9832471607890328
85336,0.9832639052560104
85337,0.983280632986889
85338,0.9832973439983963
85339,0.9833140383072435
85340,0.9833307159301248
85341,0.9833473768837179
85342,0.9833640211846837
85343,0.9833806488496665
85344,0.983397259895294
85345,0.9834138543381773
85346,0.9834304321949108
85347,0.9834469934820723
85348,0.9834635382162231
85349,0.9834800664139081
85350,0.9834965780916552
85351,0.9835130732659765
85352,0.9835295519533668
85353,0.983546014170305
85354,0.9825629596833781
85355,0.9825803880095317
85356,0.9825977989160689
85357,0.9826151924204006
85358,0.9816330682900454
85359,0.9816514260428789
85360,0.9816697654471339
85361,0.9816880865211498
85362,0.9817063892832476
85363,0.9817246737517301
85364,0.9817429399448818
85365,0.9817611878809689
85366,0.9817794175782393
85367,0.9817976290549227
85368,0.9818158223292307
85369,0.9818339974193564
85370,0.981852154343475
85371,0.9818702931197434
85372,0.9818884137663003
85373,0.9819065163012666
85374,0.9819246007427446
85375,0.9819426671088188
85376,0.9819607154175557
85377,0.9819787456870034
85378,0.9819967579351923
85379,0.9820147521801346
85380,0.9820327284398246
85381,0.9820506867322386
85382,0.9820686270753348
85383,0.9820865494870537
85384,0.9821044539853174
85385,0.9821223405880307
85386,0.9821402093130802
85387,0.9821580601783345
85388,0.9821758932016446
85389,0.9821937084008433
85390,0.982211505793746
85391,0.9822292853981501
85392,0.9822470472318351
85393,0.982264791312563
85394,0.9822825176580776
85395,0.9823002262861055
85396,0.9823179172143552
85397,0.9823355904605178
85398,0.9823532460422664
85399,0.9823708839772566
85400,0.9823885042831264
85401,0.9824061069774961
85402,0.9824236920779683
85403,0.9824412596021282
85404,0.9824588095675434
85405,0.9824763419917637
85406,0.9824938568923216
85407,0.9825113542867321
85408,0.9825288341924925
85409,0.9825462966270827
85410,0.9825637416079652
85411,0.982581169152585
85412,0.9825985792783695
85413,0.9826159720027289
85414,0.982633347343056
85415,0.981651205066851
85416,0.9816695446919715
85417,0.9816878659866323
85418,0.9817061689691544
85419,0.9817244536578409
85420,0.9817427200709765
85421,0.9817609682268276
85422,0.9817791981436423
85423,0.9817974098396507
85424,0.9818156033330643
85425,0.9818337786420767
85426,0.9818519357848632
85427,0.981870074779581
85428,0.981888195644369
85429,0.9819062983973481
85430,0.9819243830566211
85431,0.9819424496402727
85432,0.9819604981663693
85433,0.9819785286529596
85434,0.9819965411180741
85435,0.9820145355797252
85436,0.9810330118060323
85437,0.9810519693154716
85438,0.9810709078768753
85439,0.9810898275091823
85440,0.980109227981437
85441,0.9801291088130397
85442,0.9801489697737463
85443,0.9801688108834178
85444,0.9801886321618951
85445,0.9802084336289997
85446,0.9802282153045329
85447,0.9802479772082765
85448,0.9802677193599924
85449,0.9802874417794226
85450,0.9803071444862897
85451,0.9803268275002964
85452,0.9803464908411257
85453,0.9803661345284409
85454,0.9803857585818857
85455,0.9804053630210842
85456,0.9804249478656408
85457,0.9804445131351405
85458,0.9804640588491483
85459,0.9804835850272101
85460,0.9805030916888521
85461,0.9805225788535809
85462,0.9805420465408836
85463,0.980561494770228
85464,0.9805809235610624
85465,0.9806003329328155
85466,0.9806197229048966
85467,0.9806390934966959
85468,0.9806584447275837
85469,0.9806777766169115
85470,0.980697089184011
85471,0.9807163824481949
85472,0.9807356564287565
85473,0.9807549111449696
85474,0.9807741466160891
85475,0.9807933628613503
85476,0.9808125598999696
85477,0.9808317377511441
85478,0.9808508964340514
85479,0.9808700359678505
85480,0.9808891563716807
85481,0.9809082576646626
85482,0.9809273398658973
85483,0.9809464029944671
85484,0.9809654470694351
85485,0.9809844721098455
85486,0.9810034781347232
85487,0.9810224651630743
85488,0.9810414332138858
85489,0.9810603823061258
85490,0.9810793124587434
85491,0.9810982236906687
85492,0.981117116020813
85493,0.9811359894680686
85494,0.9811548440513089
85495,0.9811736797893886
85496,0.9811924967011434
85497,0.9812112948053902
85498,0.981230074120927
85499,0.9812488346665332
85500,0.9812675764609695
85501,0.9812862995229775
85502,0.9813050038712804
85503,0.9813236895245825
85504,0.9813423565015694
85505,0.9813610048209082
85506,0.9813796345012471
85507,0.9813982455612159
85508,0.9814168380194256
85509,0.9814354118944686
85510,0.9814539672049188
85511,0.9814725039693317
85512,0.981491022206244
85513,0.9815095219341737
85514,0.9815280031716208
85515,0.9815464659370665
85516,0.9815649102489735
85517,0.9815833361257862
85518,0.9816017435859303
85519,0.9816201326478134
85520,0.9816385033298246
85521,0.9816568556503346
85522,0.9816751896276955
85523,0.9816935052802416
85524,0.9817118026262883
85525,0.9817300816841331
85526,0.981748342472055
85527,0.9817665850083148
85528,0.9817848093111551
85529,0.9818030153988001
85530,0.981821203289456
85531,0.9818393730013106
85532,0.9818575245525337
85533,0.9818756579612768
85534,0.9818937732456734
85535,0.9819118704238387
85536,0.9819299495138698
85537,0.981948010533846
85538,0.9819660535018281
85539,0.9819840784358592
85540,0.9820020853539643
85541,0.9820200742741502
85542,0.9820380452144059
85543,0.9820559981927023
85544,0.9820739332269924
85545,0.9810923500853362
85546,0.9811112482861505
85547,0.9811301275982083
85548,0.981148988040389
85549,0.981167829631553
85550,0.9811866523905419
85551,0.9812054563361786
85552,0.981224241487267
85553,0.981243007862592
85554,0.9812617554809202
85555,0.9812804843609992
85556,0.981299194521558
85557,0.9813178859813065
85558,0.9813365587589364
85559,0.9803557126232454
85560,0.980375347093387
85561,0.9803949619388709
85562,0.9804145571793118
85563,0.980434132834305
85564,0.9804536889234262
85565,0.9804732254662314
85566,0.9804927424822572
85567,0.9805122399910206
85568,0.980531718012019
85569,0.9805511765647306
85570,0.9805706156686139
85571,0.9805900353431081
85572,0.9806094356076327
85573,0.9806288164815881
85574,0.9806481779843551
85575,0.9806675201352952
85576,0.9806868429537507
85577,0.9807061464590443
85578,0.9807254306704796
85579,0.9807446956073407
85580,0.9807639412888925
85581,0.9807831677343809
85582,0.9808023749630322
85583,0.9808215629940537
85584,0.9808407318466333
85585,0.9808598815399401
85586,0.9808790120931236
85587,0.9808981235253144
85588,0.9809172158556239
85589,0.9809362891031445
85590,0.9809553432869494
85591,0.9809743784260929
85592,0.9809933945396101
85593,0.981012391646517
85594,0.9810313697658108
85595,0.9810503289164697
85596,0.9810692691174527
85597,0.9810881903877001
85598,0.9811070927461332
85599,0.9811259762116543
85600,0.9811448408031469
85601,0.9811636865394756
85602,0.9811825134394861
85603,0.9812013215220055
85604,0.9812201108058415
85605,0.9812388813097837
85606,0.9812576330526025
85607,0.9812763660530497
85608,0.9812950803298582
85609,0.9813137759017424
85610,0.9813324527873978
85611,0.9813511110055013
85612,0.9813697505747112
85613,0.981388371513667
85614,0.9814069738409896
85615,0.9814255575752815
85616,0.9814441227351263
85617,0.9814626693390892
85618,0.9814811974057168
85619,0.9814997069535372
85620,0.9815181980010599
85621,0.981536670566776
85622,0.981555124669158
85623,0.98157356032666
85624,0.9815919775577178
85625,0.9816103763807486
85626,0.9816287568141511
85627,0.9816471188763058
85628,0.9816654625855749
85629,0.9816837879603019
85630,0.9817020950188123
85631,0.9817203837794132
85632,0.9817386542603933
85633,0.9817569064800231
85634,0.9817751404565548
85635,0.9817933562082224
85636,0.9818115537532417
85637,0.9818297331098101
85638,0.9818478942961072
85639,0.981866037330294
85640,0.9818841622305136
85641,0.9819022690148909
85642,0.9819203577015326
85643,0.9819384283085276
85644,0.9819564808539464
85645,0.9819745153558415
85646,0.9819925318322474
85647,0.9820105303011807
85648,0.9820285107806398
85649,0.9820464732886052
85650,0.9820644178430393
85651,0.9820823444618869
85652,0.9821002531630745
85653,0.9821181439645107
85654,0.9821360168840864
85655,0.9821538719396745
85656,0.9821717091491301
85657,0.9821895285302904
85658,0.9822073301009747
85659,0.9822251138789847
85660,0.9822428798821041
85661,0.982260628128099
85662,0.9822783586347176
85663,0.9822960714196903
85664,0.9823137665007301
85665,0.982331443895532
85666,0.9823491036217733
85667,0.9823667456971139
85668,0.9823843701391958
85669,0.9824019769656434
85670,0.9824195661940635
85671,0.9824371378420454
85672,0.9824546919271608
85673,0.9824722284669638
85674,0.9824897474789909
85675,0.982507248980761
85676,0.9825247329897757
85677,0.9825421995235191
85678,0.9825596485994575
85679,0.9825770802350403
85680,0.982594494447699
85681,0.9826118912548477
85682,0.9826292706738834
85683,0.9826466327221853
85684,0.9826639774171156
85685,0.9826813047760191
85686,0.982698614816223
85687,0.9827159075550373
85688,0.982733183009755
85689,0.9827504411976513
85690,0.9827676821359845
85691,0.9827849058419955
85692,0.982802112332908
85693,0.9828193016259287
85694,0.9828364737382466
85695,0.982853628687034
85696,0.9828707664894457
85697,0.9828878871626197
85698,0.9829049907236765
85699,0.9829220771897198
85700,0.982939146577836
85701,0.9829561989050946
85702,0.9829732341885478
85703,0.9829902524452309
85704,0.9830072536921621
85705,0.9830242379463429
85706,0.9830412052247574
85707,0.9830581555443728
85708,0.9830750889221396
85709,0.983092005374991
85710,0.9831089049198436
85711,0.9831257875735969
85712,0.9831426533531336
85713,0.9831595022753193
85714,0.9831763343570031
85715,0.9831931496150171
85716,0.9832099480661766
85717,0.9832267297272799
85718,0.9832434946151086
85719,0.9832602427464279
85720,0.9832769741379856
85721,0.9832936888065134
85722,0.9833103867687257
85723,0.9833270680413208
85724,0.9833437326409796
85725,0.9833603805843669
85726,0.9833770118881306
85727,0.9833936265689022
85728,0.9834102246432961
85729,0.9834268061279104
85730,0.9834433710393268
85731,0.98345991939411
85732,0.9834764512088086
85733,0.9834929664999542
85734,0.9835094652840622
85735,0.9835259475776313
85736,0.983542413397144
85737,0.9835588627590659
85738,0.9835752956798465
85739,0.9835917121759186
85740,0.9836081122636987
85741,0.9836244959595871
85742,0.9836408632799674
85743,0.9836572142412068
85744,0.9836735488596563
85745,0.9836898671516506
85746,0.9837061691335081
85747,0.9837224548215305
85748,0.9837387242320038
85749,0.9837549773811972
85750,0.983771214285364
85751,0.983787434960741
85752,0.9838036394235488
85753,0.983819827689992
85754,0.9838359997762589
85755,0.9838521556985215
85756,0.9838682954729357
85757,0.9838844191156415
85758,0.9839005266427623
85759,0.9839166180704056
85760,0.9839326934146632
85761,0.98394875269161
85762,0.9839647959173056
85763,0.983980823107793
85764,0.9839968342790996
85765,0.9840128294472364
85766,0.9840288086281987
85767,0.9840447718379657
85768,0.9840607190925005
85769,0.9840766504077504
85770,0.9840925657996467
85771,0.9841084652841048
85772,0.9841243488770243
85773,0.9841402165942886
85774,0.9841560684517656
85775,0.9841719044653071
85776,0.9841877246507491
85777,0.9842035290239117
85778,0.9842193176005994
85779,0.9842350903966008
85780,0.9842508474276886
85781,0.983267088459745
85782,0.9832838130090106
85783,0.9833005208420851
85784,0.9833172119756762
85785,0.9833338864264751
85786,0.9833505442111563
85787,0.9833671853463776
85788,0.98338380984878
85789,0.9834004177349882
85790,0.9834170090216099
85791,0.9834335837252365
85792,0.9834501418624426
85793,0.9834666834497865
85794,0.9834832085038097
85795,0.9834997170410372
85796,0.9835162090779778
85797,0.9835326846311232
85798,0.9835491437169491
85799,0.9835655863519147
85800,0.9835820125524625
85801,0.9835984223350187
85802,0.9836148157159932
85803,0.9836311927117793
85804,0.9836475533387541
85805,0.9836638976132781
85806,0.9836802255516957
85807,0.9836965371703347
85808,0.9837128324855068
85809,0.9837291115135073
85810,0.9837453742706153
85811,0.9837616207730934
85812,0.9837778510371882
85813,0.98379406507913
85814,0.9838102629151328
85815,0.9838264445613946
85816,0.9838426100340968
85817,0.983858759349405
85818,0.9838748925234686
85819,0.9838910095724207
85820,0.9839071105123783
85821,0.9839231953594424
85822,0.9839392641296978
85823,0.9829558165893383
85824,0.9829728522549162
85825,0.982989870893342
85826,0.9830068725216345
85827,0.9830238571567953
85828,0.983040824815809
85829,0.9830577755156433
85830,0.9830747092732489
85831,0.9830916261055596
85832,0.9831085260294921
85833,0.9831254090619463
85834,0.9831422752198055
85835,0.9831591245199356
85836,0.983175956979186
85837,0.9831927726143892
85838,0.9832095714423609
85839,0.9832263534798997
85840,0.9832431187437879
85841,0.9832598672507906
85842,0.9832765990176564
85843,0.983293314061117
85844,0.9833100123978875
85845,0.9833266940446662
85846,0.9833433590181349
85847,0.9833600073349583
85848,0.9823771387619099
85849,0.9823947528161209
85850,0.9824123492650803
85851,0.9824299281263845
85852,0.9824474894176125
85853,0.9824650331563255
85854,0.9824825593600673
85855,0.9825000680463641
85856,0.9825175592327245
85857,0.9815355326867649
85858,0.9815539879264582
85859,0.981572424720135
85860,0.9815908430862318
85861,0.9816092430431671
85862,0.9816276246093408
85863,0.9816459878031346
85864,0.9816643326429116
85865,0.9816826591470167
85866,0.9817009673337763
85867,0.9817192572214987
85868,0.9817375288284736
85869,0.9817557821729729
85870,0.9817740172732498
85871,0.9817922341475394
85872,0.9818104328140586
85873,0.981828613291006
85874,0.9818467755965622
85875,0.9818649197488895
85876,0.981883045766132
85877,0.9819011536664157
85878,0.9819192434678486
85879,0.9819373151885205
85880,0.9819553688465029
85881,0.9819734044598497
85882,0.9819914220465965
85883,0.9820094216247608
85884,0.9810279029624672
85885,0.9810468655781969
85886,0.9810658092407873
85887,0.9810847339691824
85888,0.9811036397823066
85889,0.981122526699066
85890,0.9811413947383473
85891,0.9811602439190186
85892,0.9811790742599291
85893,0.9811978857799092
85894,0.9812166784977704
85895,0.9812354524323054
85896,0.9812542076022881
85897,0.9812729440264737
85898,0.9812916617235986
85899,0.9813103607123806
85900,0.9813290410115187
85901,0.9813477026396932
85902,0.9813663456155656
85903,0.9813849699577789
85904,0.9814035756849575
85905,0.9814221628157072
85906,0.981440731368615
85907,0.9814592813622496
85908,0.9814778128151609
85909,0.9814963257458804
85910,0.981514820172921
85911,0.9815332961147771
85912,0.9815517535899247
85913,0.9815701926168213
85914,0.981588613213906
85915,0.9816070153995993
85916,0.9816253991923033
85917,0.9816437646104019
85918,0.9816621116722606
85919,0.9816804403962264
85920,0.981698750800628
85921,0.9817170429037757
85922,0.9817353167239619
85923,0.9817535722794601
85924,0.9817718095885262
85925,0.9807905284195222
85926,0.9808097282911669
85927,0.980828908972535
85928,0.9808480704828074
85929,0.9808672128411454
85930,0.9808863360666915
85931,0.9809054401785688
85932,0.9809245251958816
85933,0.9809435911377148
85934,0.9809626380231343
85935,0.9809816658711872
85936,0.9810006747009011
85937,0.9810196645312851
85938,0.9810386353813287
85939,0.981057587270003
85940,0.9810765202162599
85941,0.9810954342390322
85942,0.9811143293572341
85943,0.9811332055897606
85944,0.981152062955488
85945,0.9811709014732736
85946,0.9811897211619559
85947,0.9812085220403548
85948,0.981227304127271
85949,0.9812460674414866
85950,0.981264812001765
85951,0.9812835378268506
85952,0.9813022449354695
85953,0.9813209333463285
85954,0.9813396030781163
85955,0.9813582541495025
85956,0.9813768865791382
85957,0.9813955003856558
85958,0.9814140955876691
85959,0.9814326722037734
85960,0.9814512302525452
85961,0.9814697697525426
85962,0.9814882907223053
85963,0.9815067931803539
85964,0.9815252771451912
85965,0.981543742635301
85966,0.9815621896691488
85967,0.9815806182651816
85968,0.9815990284418281
85969,0.9816174202174984
85970,0.9816357936105844
85971,0.9816541486394593
85972,0.9816724853224783
85973,0.9816908036779781
85974,0.981709103724277
85975,0.981727385479675
85976,0.9817456489624539
85977,0.9817638941908772
85978,0.9817821211831902
85979,0.9818003299576198
85980,0.9818185205323748
85981,0.9818366929256458
85982,0.9818548471556051
85983,0.9818729832404071
85984,0.9818911011981878
85985,0.9819092010470651
85986,0.9819272828051391
85987,0.9819453464904913
85988,0.9819633921211854
85989,0.9819814197152672
85990,0.9819994292907642
85991,0.982017420865686
85992,0.9820353944580241
85993,0.9820533500857522
85994,0.982071287766826
85995,0.9820892075191829
85996,0.982107109360743
85997,0.982124993309408
85998,0.9821428593830617
85999,0.9821607075995703
86000,0.9821785379767821
86001,0.9821963505325275
86002,0.9822141452846189
86003,0.9822319222508512
86004,0.9822496814490013
86005,0.9822674228968283
86006,0.9822851466120739
86007,0.9823028526124616
86008,0.9823205409156975
86009,0.98233821153947
86010,0.9823558645014495
86011,0.9823734998192891
86012,0.9823911175106241
86013,0.9824087175930722
86014,0.9824263000842336
86015,0.9824438650016907
86016,0.9824614123630083
86017,0.9814794419358589
86018,0.9814979532382718
86019,0.9805169457887584
86020,0.9805364191063108
86021,0.9805558729602776
86022,0.9805753073701123
86023,0.9805947223552497
86024,0.9806141179351046
86025,0.9806334941290724
86026,0.9806528509565297
86027,0.980672188436833
86028,0.9806915065893199
86029,0.9807108054333086
86030,0.9807300849880979
86031,0.9797498450230923
86032,0.9797700850580516
86033,0.979790304863091
86034,0.9798105044584303
86035,0.979830683864269
86036,0.9798508431007864
86037,0.979870982188142
86038,0.9798911011464746
86039,0.9799111999959034
86040,0.9799312787565272
86041,0.9799513374484247
86042,0.9799713760916546
86043,0.9799913947062556
86044,0.9800113933122464
86045,0.9800313719296254
86046,0.9800513305783715
86047,0.980071269278443
86048,0.9800911880497789
86049,0.9801110869122979
86050,0.9801309658858988
86051,0.9801508249904606
86052,0.9801706642458424
86053,0.9801904836718836
86054,0.9802102832884034
86055,0.9802300631152017
86056,0.980249823172058
86057,0.9802695634787326
86058,0.9802892840549657
86059,0.980308984920478
86060,0.9793291658450952
86061,0.9793498263489981
86062,0.9793704662027223
86063,0.9793910854269074
86064,0.9794116840421729
86065,0.9794322620691173
86066,0.9794528195283185
86067,0.9794733564403342
86068,0.9794938728257011
86069,0.9795143687049358
86070,0.9795348440985341
86071,0.9795552990269714
86072,0.9795757335107025
86073,0.979596147570162
86074,0.979616541225764
86075,0.9796369144979022
86076,0.9796572674069498
86077,0.9796775999732596
86078,0.9796979122171644
86079,0.9797182041589764
86080,0.9797384758189874
86081,0.9797587272174691
86082,0.9797789583746731
86083,0.9797991693108303
86084,0.9798193600461519
86085,0.9798395306008284
86086,0.9798596809950305
86087,0.9798798112489085
86088,0.9798999213825929
86089,0.9799200114161934
86090,0.9799400813698005
86091,0.9799601312634838
86092,0.9799801611172935
86093,0.9800001709512592
86094,0.9800201607853909
86095,0.9800401306396783
86096,0.9800600805340914
86097,0.9800800104885801
86098,0.9800999205230743
86099,0.980119810657484
86100,0.9801396809116995
86101,0.9801595313055909
86102,0.9801793618590086
86103,0.9801991725917831
86104,0.9802189635237254
86105,0.9802387346746262
86106,0.9802584860642567
86107,0.9802782177123683
86108,0.9802979296386928
86109,0.9803176218629419
86110,0.980337294404808
86111,0.9803569472839636
86112,0.9803765805200616
86113,0.9803961941327352
86114,0.980415788141598
86115,0.9804353625662441
86116,0.9804549174262478
86117,0.9804744527411641
86118,0.9804939685305282
86119,0.9805134648138559
86120,0.9805329416106436
86121,0.9805523989403682
86122,0.9805718368224867
86123,0.9805912552764373
86124,0.9806106543216383
86125,0.9806300339774887
86126,0.9806493942633683
86127,0.9806687351986373
86128,0.9806880568026366
86129,0.980707359094688
86130,0.9807266420940935
86131,0.9807459058201364
86132,0.9807651502920803
86133,0.9807843755291697
86134,0.9808035815506299
86135,0.9808227683756667
86136,0.9808419360234671
86137,0.9808610845131988
86138,0.9808802138640101
86139,0.9808993240950307
86140,0.9809184152253705
86141,0.9809374872741208
86142,0.9809565402603535
86143,0.9809755742031218
86144,0.9809945891214594
86145,0.9810135850343815
86146,0.9810325619608838
86147,0.9810515199199434
86148,0.9810704589305183
86149,0.9810893790115472
86150,0.9811082801819505
86151,0.9811271624606293
86152,0.9811460258664657
86153,0.9811648704183233
86154,0.9811836961350466
86155,0.9812025030354614
86156,0.9812212911383745
86157,0.9812400604625741
86158,0.9812588110268293
86159,0.981277542849891
86160,0.9812962559504907
86161,0.9813149503473418
86162,0.9813336260591387
86163,0.9813522831045568
86164,0.9813709215022534
86165,0.9813895412708667
86166,0.9814081424290169
86167,0.9814267249953047
86168,0.9814452889883128
86169,0.9814638344266053
86170,0.9814823613287277
86171,0.9815008697132067
86172,0.9815193595985509
86173,0.98153783100325
86174,0.9815562839457754
86175,0.9815747184445802
86176,0.9815931345180989
86177,0.9816115321847475
86178,0.9816299114629237
86179,0.9816482723710067
86180,0.9816666149273575
86181,0.9816849391503186
86182,0.9817032450582144
86183,0.9817215326693506
86184,0.9817398020020149
86185,0.9817580530744767
86186,0.981776285904987
86187,0.9817945005117786
86188,0.9818126969130662
86189,0.9818308751270461
86190,0.9818490351718967
86191,0.9818671770657779
86192,0.9818853008268316
86193,0.9819034064731815
86194,0.9819214940229335
86195,0.981939563494175
86196,0.9819576149049755
86197,0.9819756482733862
86198,0.9819936636174408
86199,0.9820116609551545
86200,0.9820296403045247
86201,0.9820476016835307
86202,0.9820655451101339
86203,0.9820834706022776
86204,0.9821013781778876
86205,0.9821192678548711
86206,0.9821371396511182
86207,0.9821549935845003
86208,0.9821728296728717
86209,0.9821906479340682
86210,0.9822084483859082
86211,0.9822262310461921
86212,0.9822439959327026
86213,0.9822617430632047
86214,0.9822794724554453
86215,0.982297184127154
86216,0.9823148780960425
86217,0.9823325543798045
86218,0.9813507127462415
86219,0.9813693527135117
86220,0.9813879740501299
86221,0.9814065767747174
86222,0.9814251609058772
86223,0.9814437264621931
86224,0.9814622734622309
86225,0.9814808019245376
86226,0.9814993118676415
86227,0.9815178033100527
86228,0.9815362762702625
86229,0.981554730766744
86230,0.9815731668179517
86231,0.9815915844423215
86232,0.9816099836582712
86233,0.9816283644842
86234,0.9816467269384886
86235,0.9816650710394996
86236,0.981683396805577
86237,0.9817017042550468
86238,0.9817199934062162
86239,0.9817382642773744
86240,0.9817565168867923
86241,0.9817747512527226
86242,0.9817929673933996
86243,0.9818111653270394
86244,0.9818293450718399
86245,0.9818475066459811
86246,0.9818656500676243
86247,0.981883775354913
86248,0.9819018825259725
86249,0.9819199715989101
86250,0.9819380425918147
86251,0.9819560955227574
86252,0.9819741304097912
86253,0.9819921472709509
86254,0.9820101461242533
86255,0.9820281269876974
86256,0.9820460898792639
86257,0.9820640348169158
86258,0.9820819618185981
86259,0.9820998709022377
86260,0.9821177620857438
86261,0.9821356353870073
86262,0.9821534908239019
86263,0.9821713284142828
86264,0.9821891481759877
86265,0.9822069501268362
86266,0.9822247342846305
86267,0.9822425006671547
86268,0.982260249292175
86269,0.9822779801774403
86270,0.9822956933406812
86271,0.982313388799611
86272,0.9823310665719253
86273,0.9823487266753016
86274,0.9813668688775252
86275,0.9813854926967381
86276,0.981404097901439
86277,0.9814226845102332
86278,0.9814412525417072
86279,0.9814598020144292
86280,0.9814783329469485
86281,0.9814968453577961
86282,0.9815153392654845
86283,0.9815338146885075
86284,0.9805527713954656
86285,0.9805722089053152
86286,0.9805916269873688
86287,0.9806110256610446
86288,0.9806304049457413
86289,0.980649764860838
86290,0.9806691054256947
86291,0.9806884266596521
86292,0.9807077285820313
86293,0.9807270112121341
86294,0.9807462745692435
86295,0.9807655186726225
86296,0.9807847435415155
86297,0.9808039491951471
86298,0.9808231356527232
86299,0.9808423029334301
86300,0.9808614510564352
86301,0.9808805800408865
86302,0.9808996899059131
86303,0.9809187806706249
86304,0.9809378523541125
86305,0.9809569049754476
86306,0.980975938553683
86307,0.9809949531078522
86308,0.9810139486569698
86309,0.9810329252200313
86310,0.9810518828160133
86311,0.9810708214638734
86312,0.9810897411825501
86313,0.9811086419909634
86314,0.9811275239080138
86315,0.9811463869525835
86316,0.9811652311435355
86317,0.9811840564997139
86318,0.981202863039944
86319,0.9812216507830325
86320,0.9812404197477671
86321,0.9812591699529167
86322,0.9812779014172317
86323,0.9812966141594434
86324,0.9813153081982645
86325,0.9813339835523892
86326,0.9813526402404927
86327,0.9813712782812318
86328,0.9813898976932446
86329,0.9814084984951504
86330,0.9814270807055501
86331,0.9814456443430258
86332,0.9814641894261412
86333,0.9814827159734414
86334,0.981501224003453
86335,0.9815197135346839
86336,0.9815381845856238
86337,0.9815566371747436
86338,0.981575071320496
86339,0.9815934870413151
86340,0.9816118843556166
86341,0.9816302632817979
86342,0.9816486238382379
86343,0.9816669660432972
86344,0.9816852899153179
86345,0.9817035954726239
86346,0.9817218827335208
86347,0.9817401517162959
86348,0.9817584024392182
86349,0.9817766349205383
86350,0.9817948491784888
86351,0.9818130452312839
86352,0.9818312230971197
86353,0.981849382794174
86354,0.9818675243406066
86355,0.9818856477545591
86356,0.9819037530541548
86357,0.981921840257499
86358,0.9819399093826788
86359,0.9819579604477636
86360,0.9819759934708043
86361,0.981994008469834
86362,0.9820120054628676
86363,0.9820299844679022
86364,0.9820479455029169
86365,0.9820658885858724
86366,0.9820838137347121
86367,0.982101720967361
86368,0.9821196103017265
86369,0.9821374817556977
86370,0.9821553353471463
86371,0.9821731710939258
86372,0.9821909890138719
86373,0.9812092888749275
86374,0.9812280701953924
86375,0.9812468327439228
86376,0.9812655765392811
86377,0.9812843016002114
86378,0.9813030079454386
86379,0.981321695593669
86380,0.9813403645635904
86381,0.9813590148738717
86382,0.9813776465431632
86383,0.9813962595900966
86384,0.9814148540332849
86385,0.9814334298913225
86386,0.9814519871827855
86387,0.981470525926231
86388,0.9814890461401977
86389,0.981507547843206
86390,0.9815260310537576
86391,0.9815444957903355
86392,0.9815629420714047
86393,0.9815813699154113
86394,0.9815997793407832
86395,0.9806186701160549
86396,0.9806380417601168
86397,0.9806573940422156
86398,0.9806767269817037
86399,0.9806960405979139
86400,0.9807153349101599
86401,0.980734609937736
86402,0.9807538656999172
86403,0.9807731022159593
86404,0.9807923195050987
86405,0.9808115175865528
86406,0.9808306964795198
86407,0.9808498562031784
86408,0.9808689967766885
86409,0.9808881182191905
86410,0.9809072205498061
86411,0.9809263037876373
86412,0.9809453679517677
86413,0.9809644130612611
86414,0.980983439135163
86415,0.9810024461924991
86416,0.9810214342522767
86417,0.9810404033334839
86418,0.9810593534550895
86419,0.981078284636044
86420,0.9810971968952783
86421,0.9811160902517048
86422,0.9811349647242168
86423,0.9811538203316889
86424,0.9811726570929765
86425,0.9811914750269166
86426,0.981210274152327
86427,0.9812290544880068
86428,0.9812478160527364
86429,0.9812665588652774
86430,0.9812852829443726
86431,0.981303988308746
86432,0.981322674977103
86433,0.9813413429681304
86434,0.9813599923004961
86435,0.9803791227429743
86436,0.9803987338146956
86437,0.9804183252851456
86438,0.980437897173916
86439,0.9804574495005788
86440,0.9804769822846862
86441,0.9804964955457709
86442,0.9805159893033464
86443,0.9805354635769062
86444,0.9805549183859248
86445,0.9805743537498569
86446,0.9805937696881379
86447,0.9806131662201838
86448,0.980632543365391
86449,0.9806519011431367
86450,0.9806712395727788
86451,0.9806905586736556
86452,0.9807098584650863
86453,0.9807291389663706
86454,0.9797488999469139
86455,0.9797691409264773
86456,0.9797893616751764
86457,0.9798095622132322
86458,0.9798297425608452
86459,0.9798499027381957
86460,0.9798700427654439
86461,0.9798901626627298
86462,0.9799102624501733
86463,0.9799303421478743
86464,0.9799504017759124
86465,0.9799704413543473
86466,0.9799904609032185
86467,0.9800104604425456
86468,0.9800304399923282
86469,0.9800503995725458
86470,0.980070339203158
86471,0.9800902589041044
86472,0.9801101586953047
86473,0.9801300385966587
86474,0.9801498986280464
86475,0.9801697388093277
86476,0.9801895591603428
86477,0.9802093597009122
86478,0.9802291404508363
86479,0.980248901429896
86480,0.9802686426578521
86481,0.980288364154446
86482,0.980308065939399
86483,0.9803277480324131
86484,0.9803474104531703
86485,0.9803670532213331
86486,0.9803866763565442
86487,0.9804062798784267
86488,0.9804258638065841
86489,0.9804454281606005
86490,0.9804649729600402
86491,0.9804844982244479
86492,0.980504003973349
86493,0.9805234902262492
86494,0.9805429570026347
86495,0.9805624043219724
86496,0.9805818322037095
86497,0.980601240667274
86498,0.9806206297320744
86499,0.9806399994174997
86500,0.9806593497429195
86501,0.9806786807276842
86502,0.9806979923911248
86503,0.9807172847525529
86504,0.980736557831261
86505,0.9807558116465221
86506,0.98077504621759
86507,0.9807942615636994
86508,0.9808134577040656
86509,0.9808326346578846
86510,0.9808517924443335
86511,0.9808709310825701
86512,0.980890050591733
86513,0.9809091509909417
86514,0.9809282322992966
86515,0.980947294535879
86516,0.9809663377197512
86517,0.9809853618699563
86518,0.9810043670055186
86519,0.9810233531454432
86520,0.9810423203087161
86521,0.9810612685143045
86522,0.9810801977811568
86523,0.9810991081282022
86524,0.981117999574351
86525,0.9811368721384945
86526,0.9811557258395055
86527,0.9811745606962377
86528,0.9811933767275258
86529,0.981212173952186
86530,0.9812309523890154
86531,0.9812497120567925
86532,0.9812684529742769
86533,0.9812871751602097
86534,0.981305878633313
86535,0.9813245634122901
86536,0.9813432295158261
86537,0.9813618769625869
86538,0.98138050577122
86539,0.9813991159603542
86540,0.9814177075485998
86541,0.9814362805545482
86542,0.9814548349967726
86543,0.9814733708938272
86544,0.9814918882642482
86545,0.9815103871265528
86546,0.98152886749924
86547,0.9805478291509149
86548,0.9805672716005391
86549,0.9805866946174302
86550,0.980606098221011
86551,0.9806254824306851
86552,0.9806448472658369
86553,0.980664192745831
86554,0.9806835188900132
86555,0.9807028257177093
86556,0.9807221132482263
86557,0.9807413815008518
86558,0.980760630494854
86559,0.9807798602494818
86560,0.9807990707839651
86561,0.9808182621175143
86562,0.9808374342693209
86563,0.980856587258557
86564,0.9808757211043755
86565,0.9808948358259103
86566,0.9809139314422762
86567,0.9809330079725688
86568,0.9809520654358646
86569,0.980971103851221
86570,0.9809901232376765
86571,0.9810091236142505
86572,0.9810281049999434
86573,0.9810470674137366
86574,0.9810660108745924
86575,0.9810849354014545
86576,0.9811038410132471
86577,0.981122727728876
86578,0.9811415955672279
86579,0.9811604445471707
86580,0.9811792746875533
86581,0.9811980860072059
86582,0.9812168785249399
86583,0.9812356522595477
86584,0.981254407229803
86585,0.9812731434544608
86586,0.9812918609522575
86587,0.9813105597419104
86588,0.9813292398421184
86589,0.9813479012715616
86590,0.9813665440489013
86591,0.9813851681927805
86592,0.9814037737218232
86593,0.981422360654635
86594,0.9814409290098027
86595,0.9814594788058949
86596,0.9814780100614612
86597,0.981496522795033
86598,0.9815150170251229
86599,0.9815334927702252
86600,0.9815519500488157
86601,0.9815703888793516
86602,0.9815888092802717
86603,0.9816072112699966
86604,0.9816255948669281
86605,0.98164396008945
86606,0.9816623069559273
86607,0.981680635484707
86608,0.9816989456941175
86609,0.9817172376024692
86610,0.9817355112280539
86611,0.9817537665891453
86612,0.9817720037039986
86613,0.9817902225908512
86614,0.9818084232679218
86615,0.9818266057534112
86616,0.9818447700655017
86617,0.9818629162223578
86618,0.9818810442421255
86619,0.9818991541429329
86620,0.98191724594289
86621,0.9819353196600885
86622,0.9819533753126022
86623,0.9819714129184867
86624,0.9819894324957795
86625,0.9820074340625004
86626,0.9820254176366507
86627,0.9820433832362143
86628,0.9820613308791566
86629,0.9820792605834253
86630,0.9820971723669502
86631,0.9821150662476429
86632,0.9821329422433974
86633,0.9821508003720897
86634,0.9821686406515778
86635,0.9821864630997021
86636,0.9822042677342852
86637,0.9822220545731315
86638,0.982239823634028
86639,0.9822575749347435
86640,0.9812758082431546
86641,0.9812945230774943
86642,0.9813132192063524
86643,0.981331896648425
86644,0.9813505554223896
86645,0.9813691955469049
86646,0.9813878170406112
86647,0.9804069196722548
86648,0.9804265029609383
86649,0.9804460666761198
86650,0.980465610837363
86651,0.9804851354642122
86652,0.980504640576192
86653,0.9805241261928075
86654,0.9805435923335443
86655,0.9805630390178686
86656,0.980582466265227
86657,0.980601874095047
86658,0.9806212625267361
86659,0.9806406315796828
86660,0.9806599812732564
86661,0.9806793116268063
86662,0.9806986226596631
86663,0.9807179143911378
86664,0.9807371868405219
86665,0.9807564400270881
86666,0.9807756739700895
86667,0.9807948886887601
86668,0.9808140842023145
86669,0.9808332605299483
86670,0.980852417690838
86671,0.9808715557041405
86672,0.9808906745889939
86673,0.9809097743645172
86674,0.9809288550498101
86675,0.9809479166639532
86676,0.9809669592260082
86677,0.9809859827550177
86678,0.9810049872700052
86679,0.9810239727899752
86680,0.9810429393339133
86681,0.9810618869207859
86682,0.9810808155695407
86683,0.9810997252991064
86684,0.9811186161283927
86685,0.9811374880762903
86686,0.9811563411616713
86687,0.9811751754033887
86688,0.9811939908202769
86689,0.9812127874311513
86690,0.9812315652548083
86691,0.9812503243100258
86692,0.981269064615563
86693,0.9812877861901601
86694,0.9813064890525388
86695,0.9813251732214019
86696,0.9813438387154335
86697,0.9813624855532992
86698,0.9813811137536457
86699,0.9813997233351013
86700,0.9814183143162756
86701,0.9814368867157596
86702,0.9814554405521256
86703,0.9814739758439276
86704,0.9814924926097007
86705,0.9815109908679619
86706,0.9815294706372093
86707,0.9815479319359227
86708,0.9815663747825635
86709,0.9815847991955744
86710,0.98160320519338
86711,0.9816215927943861
86712,0.9816399620169804
86713,0.9816583128795322
86714,0.9816766454003922
86715,0.9816949595978931
86716,0.9817132554903489
86717,0.9817315330960558
86718,0.9817497924332911
86719,0.9817680335203143
86720,0.9817862563753664
86721,0.9818044610166704
86722,0.9818226474624309
86723,0.9818408157308343
86724,0.9818589658400488
86725,0.9818770978082247
86726,0.9818952116534939
86727,0.9819133073939702
86728,0.9819313850477493
86729,0.981949444632909
86730,0.9819674861675088
86731,0.9819855096695903
86732,0.9820035151571769
86733,0.9820215026482741
86734,0.9820394721608696
86735,0.9820574237129327
86736,0.982075357322415
86737,0.9820932730072501
86738,0.9821111707853538
86739,0.9821290506746239
86740,0.9821469126929401
86741,0.9821647568581645
86742,0.9821825831881413
86743,0.982200391700697
86744,0.9822181824136398
86745,0.9822359553447606
86746,0.9822537105118323
86747,0.9822714479326101
86748,0.9822891676248314
86749,0.9823068696062159
86750,0.9823245538944656
86751,0.9823422205072647
86752,0.9823598694622799
86753,0.9823775007771602
86754,0.9823951144695369
86755,0.9824127105570236
86756,0.9824302890572165
86757,0.9824478499876941
86758,0.9824653933660172
86759,0.9824829192097294
86760,0.9825004275363564
86761,0.9825179183634065
86762,0.9825353917083707
86763,0.9825528475887221
86764,0.9825702860219168
86765,0.9825877070253931
86766,0.9826051106165721
86767,0.9826224968128574
86768,0.9826398656316352
86769,0.9826572170902742
86770,0.982674551206126
86771,0.9826918679965246
86772,0.982709167478787
86773,0.9827264496702125
86774,0.9827437145880834
86775,0.9827609622496646
86776,0.9827781926722037
86777,0.9827954058729311
86778,0.9828126018690602
86779,0.9828297806777867
86780,0.9828469423162897
86781,0.9828640868017307
86782,0.9828812141512542
86783,0.9828983243819875
86784,0.9829154175110411
86785,0.9829324935555078
86786,0.9829495525324639
86787,0.9829665944589682
86788,0.9829836193520627
86789,0.9830006272287722
86790,0.9830176181061048
86791,0.9830345920010511
86792,0.9830515489305853
86793,0.9830684889116642
86794,0.9830854119612278
86795,0.9831023180961991
86796,0.9831192073334842
86797,0.9831360796899725
86798,0.9831529351825362
86799,0.983169773828031
86800,0.9831865956432952
86801,0.983203400645151
86802,0.9832201888504032
86803,0.9832369602758401
86804,0.983253714938233
86805,0.9832704528543367
86806,0.9832871740408891
86807,0.9833038785146113
86808,0.9833205662922079
86809,0.9833372373903666
86810,0.9823543915758834
86811,0.9823720283659125
86812,0.9823896475279655
86813,0.9824072490796617
86814,0.9824248330386026
86815,0.9824423994223721
86816,0.9824599482485367
86817,0.982477479534645
86818,0.9824949932982286
86819,0.9825124895568011
86820,0.9825299683278588
86821,0.9825474296288804
86822,0.9825648734773273
86823,0.9825822998906434
86824,0.9825997088862549
86825,0.982617100481571
86826,0.9826344746939832
86827,0.9826518315408658
86828,0.9826691710395755
86829,0.982686493207452
86830,0.9827037980618174
86831,0.9827210856199765
86832,0.9817388556493418
86833,0.9817571076676833
86834,0.981775341443128
86835,0.9817935569939095
86836,0.9818117543382434
86837,0.9818299334943271
86838,0.9808485942304648
86839,0.9808677360653169
86840,0.9808868587679003
86841,0.9809059623573376
86842,0.9809250468527326
86843,0.9809441122731697
86844,0.9809631586377142
86845,0.9809821859654126
86846,0.9810011942752923
86847,0.9810201835863614
86848,0.9810391539176094
86849,0.9810581052880066
86850,0.9810770377165043
86851,0.9810959512220351
86852,0.9811148458235123
86853,0.9811337215398306
86854,0.9811525783898657
86855,0.9811714163924745
86856,0.981190235566495
86857,0.9812090359307464
86858,0.981227817504029
86859,0.9812465803051245
86860,0.9812653243527955
86861,0.9812840496657862
86862,0.9813027562628219
86863,0.9813214441626092
86864,0.981340113383836
86865,0.9813587639451715
86866,0.9813773958652663
86867,0.9813960091627523
86868,0.9814146038562428
86869,0.9814331799643325
86870,0.9814517375055976
86871,0.9814702764985954
86872,0.9814887969618652
86873,0.9815072989139273
86874,0.9815257823732837
86875,0.9815442473584178
86876,0.9815626938877947
86877,0.9815811219798609
86878,0.9806000314031694
86879,0.9806194216766295
86880,0.9806387925695065
86881,0.9806581441011711
86882,0.980677476290975
86883,0.9806967891582504
86884,0.9807160827223101
86885,0.9807353570024477
86886,0.9807546120179376
86887,0.9807738477880346
86888,0.9807930643319746
86889,0.9808122616689741
86890,0.9808314398182305
86891,0.9808505987989219
86892,0.9808697386302073
86893,0.9808888593312266
86894,0.9809079609211004
86895,0.9809270434189304
86896,0.9809461068437991
86897,0.9809651512147698
86898,0.980984176550887
86899,0.9810031828711759
86900,0.981022170194643
86901,0.9810411385402755
86902,0.9810600879270419
86903,0.9810790183738914
86904,0.9810979298997546
86905,0.981116822523543
86906,0.9811356962641492
86907,0.9811545511404469
86908,0.9811733871712911
86909,0.9811922043755177
86910,0.981211002771944
86911,0.9812297823793683
86912,0.9812485432165703
86913,0.9812672853023109
86914,0.9812860086553321
86915,0.9813047132943573
86916,0.9813233992380911
86917,0.9813420665052194
86918,0.9813607151144096
86919,0.9813793450843102
86920,0.9813979564335513
86921,0.9814165491807442
86922,0.9814351233444816
86923,0.9814536789433377
86924,0.9814722159958681
86925,0.9814907345206099
86926,0.9815092345360815
86927,0.981527716060783
86928,0.9815461791131961
86929,0.9815646237117835
86930,0.9815830498749901
86931,0.981601457621242
86932,0.9816198469689469
86933,0.9816382179364942
86934,0.9816565705422549
86935,0.9806754045547064
86936,0.9806947194926827
86937,0.9807140151253737
86938,0.980733291472075
86939,0.980752548552063
86940,0.9807717863845946
86941,0.9807910049889078
86942,0.9808102043842213
86943,0.9808293845897343
86944,0.9808485456246272
86945,0.9808676875080609
86946,0.9808868102591772
86947,0.9809059138970991
86948,0.9809249984409302
86949,0.9809440639097549
86950,0.9809631103226386
86951,0.980982137698628
86952,0.9810011460567503
86953,0.9810201354160138
86954,0.9810391057954081
86955,0.9810580572139035
86956,0.9810769896904513
86957,0.9810959032439841
86958,0.9811147978934154
86959,0.9811336736576398
86960,0.9811525305555332
86961,0.9811713686059524
86962,0.9811901878277356
86963,0.9812089882397019
86964,0.9812277698606517
86965,0.9812465327093667
86966,0.9812652768046097
86967,0.9812840021651249
86968,0.9813027088096375
86969,0.9813213967568543
86970,0.9813400660254631
86971,0.9813587166341333
86972,0.9813773486015155
86973,0.9813959619462416
86974,0.981414556686925
86975,0.9804336325922854
86976,0.9804531891813986
86977,0.980472726223696
86978,0.9804922437387148
86979,0.9805117417459724
86980,0.980531220264967
86981,0.9805506793151769
86982,0.9805701189160613
86983,0.9805895390870597
86984,0.9806089398475923
86985,0.98062832121706
86986,0.9806476832148441
86987,0.9806670258603065
86988,0.98068634917279
86989,0.9807056531716177
86990,0.9807249378760938
86991,0.980744203305503
86992,0.9797639492292357
86993,0.9797841751670375
86994,0.9798043808890095
86995,0.9798245664153573
86996,0.9798447317662665
86997,0.9798648769619024
86998,0.9798850020224102
86999,0.9799051069679151
87000,0.9799251918185219
87001,0.9799452565943154
87002,0.9799653013153605
87003,0.979985326001702
87004,0.9800053306733645
87005,0.9800253153503526
87006,0.9800452800526511
87007,0.9800652248002247
87008,0.9800851496130181
87009,0.9801050545109561
87010,0.9801249395139436
87011,0.9801448046418657
87012,0.9801646499145875
87013,0.9801844753519543
87014,0.9802042809737914
87015,0.9802240667999046
87016,0.9802438328500797
87017,0.9802635791440826
87018,0.9802833057016597
87019,0.9803030125425376
87020,0.9803226996864232
87021,0.9803423671530035
87022,0.980362014961946
87023,0.9803816431328986
87024,0.9804012516854893
87025,0.9804208406393269
87026,0.9804404100140002
87027,0.9804599598290786
87028,0.979479989854237
87029,0.9795004996095051
87030,0.9795209888652677
87031,0.9795414576420141
87032,0.979561905960213
87033,0.9795823338403127
87034,0.9796027413027412
87035,0.9796231283679059
87036,0.9796434950561939
87037,0.9796638413879718
87038,0.979684167383586
87039,0.9797044730633625
87040,0.979724758447607
87041,0.9797450235566049
87042,0.9797652684106213
87043,0.979785493029901
87044,0.9798056974346687
87045,0.9798258816451288
87046,0.9798460456814656
87047,0.979866189563843
87048,0.9798863133124048
87049,0.979906416947275
87050,0.9799265004885571
87051,0.9799465639563347
87052,0.9799666073706712
87053,0.9799866307516101
87054,0.9800066341191747
87055,0.9800266174933684
87056,0.9800465808941746
87057,0.9800665243415567
87058,0.9800864478554582
87059,0.9801063514558025
87060,0.9801262351624933
87061,0.9801460989954144
87062,0.9801659429744295
87063,0.9801857671193825
87064,0.9802055714500978
87065,0.9802253559863795
87066,0.9802451207480123
87067,0.9802648657547609
87068,0.9802845910263703
87069,0.9803042965825659
87070,0.9803239824430531
87071,0.9803436486275178
87072,0.9803632951556261
87073,0.9803829220470248
87074,0.9804025293213406
87075,0.9804221169981809
87076,0.9804416850971333
87077,0.9804612336377658
87078,0.9804807626396271
87079,0.9805002721222462
87080,0.9805197621051325
87081,0.980539232607776
87082,0.9795591833997722
87083,0.9795796140010717
87084,0.9796000241819802
87085,0.9796204139629078
87086,0.9796407833642442
87087,0.9796611324063589
87088,0.9796814611096009
87089,0.9797017694942989
87090,0.9797220575807614
87091,0.9797423253892763
87092,0.9797625729401116
87093,0.9797828002535148
87094,0.9798030073497133
87095,0.979823194248914
87096,0.9798433609713039
87097,0.9798635075370496
87098,0.979883633966298
87099,0.9799037402791753
87100,0.9799238264957878
87101,0.9799438926362218
87102,0.9799639387205434
87103,0.9799839647687988
87104,0.9800039708010139
87105,0.9800239568371948
87106,0.9800439228973276
87107,0.9800638690013782
87108,0.9800837951692929
87109,0.9801037014209978
87110,0.9801235877763991
87111,0.9801434542553832
87112,0.9801633008778166
87113,0.9801831276635459
87114,0.9802029346323979
87115,0.9802227218041797
87116,0.9802424891986783
87117,0.9802622368356612
87118,0.9802819647348759
87119,0.9803016729160505
87120,0.980321361398893
87121,0.980341030203092
87122,0.9803606793483164
87123,0.9803803088542151
87124,0.9803999187404178
87125,0.9804195090265343
87126,0.9804390797321549
87127,0.9804586308768505
87128,0.9804781624801719
87129,0.980497674561651
87130,0.9805171671407998
87131,0.9805366402371108
87132,0.9805560938700573
87133,0.9805755280590926
87134,0.9805949428236512
87135,0.9806143381831478
87136,0.9806337141569778
87137,0.980653070764517
87138,0.9806724080251222
87139,0.9806917259581306
87140,0.9807110245828601
87141,0.9807303039186094
87142,0.9807495639846577
87143,0.9807688048002653
87144,0.9807880263846728
87145,0.9808072287571019
87146,0.980826411936755
87147,0.9808455759428152
87148,0.9808647207944465
87149,0.980883846510794
87150,0.9809029531109831
87151,0.9809220406141205
87152,0.9809411090392938
87153,0.9809601584055714
87154,0.9809791887320026
87155,0.9809982000376178
87156,0.9810171923414284
87157,0.9810361656624265
87158,0.9810551200195855
87159,0.9810740554318598
87160,0.9810929719181848
87161,0.981111869497477
87162,0.9811307481886339
87163,0.9811496080105343
87164,0.981168448982038
87165,0.981187271121986
87166,0.9812060744492004
87167,0.9812248589824846
87168,0.981243624740623
87169,0.9812623717423815
87170,0.981281100006507
87171,0.9812998095517279
87172,0.9813185003967536
87173,0.9813371725602751
87174,0.9813558260609645
87175,0.9813744609174753
87176,0.9813930771484423
87177,0.9814116747724818
87178,0.9814302538081915
87179,0.9804493140242753
87180,0.9804688549397932
87181,0.9804883763241612
87182,0.9805078781969007
87183,0.9805273605775134
87184,0.9805468234854819
87185,0.980566266940269
87186,0.9805856909613182
87187,0.9806050955680535
87188,0.9806244807798795
87189,0.9806438466161815
87190,0.9806631930963253
87191,0.9806825202396573
87192,0.9807018280655048
87193,0.9807211165931754
87194,0.9807403858419579
87195,0.9807596358311214
87196,0.9807788665799159
87197,0.9807980781075721
87198,0.9808172704333017
87199,0.9808364435762968
87200,0.9808555975557308
87201,0.9808747323907576
87202,0.980893848100512
87203,0.9809129447041096
87204,0.9809320222206472
87205,0.9809510806692023
87206,0.9809701200688333
87207,0.9809891404385797
87208,0.9810081417974617
87209,0.9810271241644807
87210,0.9810460875586191
87211,0.9810650319988404
87212,0.9810839575040889
87213,0.9811028640932903
87214,0.981121751785351
87215,0.9811406205991587
87216,0.9811594705535823
87217,0.9811783016674718
87218,0.9811971139596583
87219,0.9812159074489539
87220,0.9812346821541523
87221,0.9812534380940282
87222,0.9812721752873376
87223,0.9812908937528175
87224,0.9813095935091866
87225,0.9813282745751444
87226,0.9813469369693721
87227,0.9813655807105321
87228,0.9813842058172683
87229,0.9814028123082055
87230,0.9814214002019503
87231,0.9814399695170908
87232,0.9814585202721962
87233,0.9814770524858172
87234,0.981495566176486
87235,0.9815140613627165
87236,0.9815325380630036
87237,0.9815509962958241
87238,0.9815694360796363
87239,0.98158785743288
87240,0.9816062603739766
87241,0.981624644921329
87242,0.9816430110933216
87243,0.9816613589083208
87244,0.9816796883846743
87245,0.9816979995407117
87246,0.981716292394744
87247,0.9817345669650641
87248,0.9817528232699466
87249,0.9817710613276478
87250,0.9817892811564057
87251,0.9818074827744403
87252,0.9808261659500781
87253,0.980845330202002
87254,0.9808644752992514
87255,0.9808836012609713
87256,0.9809027081062877
87257,0.9809217958543074
87258,0.9809408645241182
87259,0.9809599141347888
87260,0.9809789447053687
87261,0.9809979562548886
87262,0.98101694880236
87263,0.9810359223667754
87264,0.9810548769671085
87265,0.9810738126223137
87266,0.981092729351327
87267,0.9811116271730648
87268,0.981130506106425
87269,0.9811493661702867
87270,0.9811682073835098
87271,0.9811870297649357
87272,0.9812058333333865
87273,0.980225117857791
87274,0.9802448828574334
87275,0.9802646281019537
87276,0.9802843536110971
87277,0.9803040594045893
87278,0.980323745502136
87279,0.9803434119234232
87280,0.9803630586881175
87281,0.9803826858158655
87282,0.9804022933262945
87283,0.9804218812390119
87284,0.9804414495736056
87285,0.980460998349644
87286,0.9804805275866758
87287,0.9805000373042304
87288,0.9805195275218174
87289,0.980538998258927
87290,0.98055844953503
87291,0.9805778813695777
87292,0.9805972937820019
87293,0.980616686791715
87294,0.98063606041811
87295,0.9806554146805607
87296,0.9806747495984213
87297,0.9806940651910265
87298,0.9807133614776922
87299,0.9807326384777144
87300,0.9807518962103704
87301,0.9807711346949177
87302,0.980790353950595
87303,0.9808095539966214
87304,0.980828734852197
87305,0.9808478965365026
87306,0.9808670390687
87307,0.9808861624679317
87308,0.9809052667533211
87309,0.9809243519439724
87310,0.980943418058971
87311,0.9809624651173828
87312,0.980981493138255
87313,0.9810005021406155
87314,0.9810194921434735
87315,0.9810384631658189
87316,0.9810574152266227
87317,0.9810763483448369
87318,0.9810952625393948
87319,0.9811141578292105
87320,0.9811330342331793
87321,0.9811518917701777
87322,0.9811707304590631
87323,0.9811895503186743
87324,0.981208351367831
87325,0.9812271336253344
87326,0.9812458971099668
87327,0.9812646418404916
87328,0.9812833678356535
87329,0.9813020751141786
87330,0.9813207636947741
87331,0.9813394335961286
87332,0.9813580848369121
87333,0.9813767174357758
87334,0.9813953314113523
87335,0.9814139267822555
87336,0.9814325035670808
87337,0.981451061784405
87338,0.9814696014527864
87339,0.9814881225907646
87340,0.9815066252168607
87341,0.9815251093495775
87342,0.981543575007399
87343,0.9815620222087909
87344,0.9815804509722004
87345,0.9815988613160562
87346,0.9816172532587688
87347,0.9816356268187301
87348,0.9816539820143135
87349,0.9816723188638744
87350,0.9816906373857496
87351,0.9817089375982576
87352,0.9817272195196987
87353,0.9817454831683546
87354,0.9817637285624892
87355,0.9817819557203478
87356,0.9818001646601575
87357,0.9818183554001274
87358,0.9818365279584481
87359,0.9818546823532922
87360,0.9818728186028142
87361,0.9818909367251502
87362,0.9819090367384183
87363,0.9819271186607188
87364,0.9819451825101334
87365,0.9819632283047259
87366,0.9819812560625423
87367,0.9819992658016102
87368,0.9820172575399394
87369,0.9820352312955217
87370,0.9820531870863308
87371,0.9820711249303224
87372,0.9820890448454346
87373,0.9821069468495871
87374,0.9821248309606819
87375,0.9821426971966033
87376,0.9821605455752174
87377,0.9821783761143725
87378,0.9821961888318994
87379,0.9822139837456106
87380,0.9822317608733012
87381,0.9822495202327481
87382,0.9822672618417109
87383,0.9822849857179311
87384,0.9823026918791326
87385,0.9823203803430215
87386,0.9823380511272863
87387,0.982355704249598
87388,0.9823733397276093
87389,0.982390957578956
87390,0.9824085578212559
87391,0.9824261404721092
87392,0.9824437055490985
87393,0.9824612530697892
87394,0.9824787830517284
87395,0.9824962955124463
87396,0.9825137904694554
87397,0.9825312679402506
87398,0.9825487279423093
87399,0.9825661704930916
87400,0.98258359561004
87401,0.9826010033105798
87402,0.9826183936121184
87403,0.9826357665320463
87404,0.9826531220877365
87405,0.9826704602965444
87406,0.9816882809259332
87407,0.9817065834937233
87408,0.9817248677680924
87409,0.9817431337673247
87410,0.9817613815096862
87411,0.9817796110134246
87412,0.9817978222967695
87413,0.9818160153779322
87414,0.9818341902751057
87415,0.9818523470064648
87416,0.9818704855901665
87417,0.9818886060443492
87418,0.9819067083871335
87419,0.9819247926366216
87420,0.9819428588108978
87421,0.9819609069280284
87422,0.9819789370060613
87423,0.9819969490630268
87424,0.9820149431169368
87425,0.9820329191857855
87426,0.9820508772875488
87427,0.9820688174401849
87428,0.9820867396616341
87429,0.9821046439698183
87430,0.9821225303826421
87431,0.9821403989179918
87432,0.9821582495937359
87433,0.9821760824277251
87434,0.9821938974377924
87435,0.9822116946417526
87436,0.982229474057403
87437,0.982247235702523
87438,0.9822649795948744
87439,0.9822827057522008
87440,0.9823004141922286
87441,0.9823181049326661
87442,0.9823357779912042
87443,0.9813539331356408
87444,0.9813725698841309
87445,0.9813911880051862
87446,0.9814097875174249
87447,0.9814283684394465
87448,0.9814469307898318
87449,0.9814654745871433
87450,0.9814839998499247
87451,0.9815025065967015
87452,0.9815209948459801
87453,0.981539464616249
87454,0.9815579159259779
87455,0.9815763487936181
87456,0.9815947632376025
87457,0.9816131592763455
87458,0.9816315369282432
87459,0.9816498962116733
87460,0.981668237144995
87461,0.9816865597465492
87462,0.9817048640346586
87463,0.9817231500276274
87464,0.9817414177437418
87465,0.9817596672012693
87466,0.9817778984184594
87467,0.9817961114135434
87468,0.9818143062047342
87469,0.9818324828102267
87470,0.9818506412481975
87471,0.981868781536805
87472,0.9818869036941895
87473,0.9819050077384732
87474,0.980923593437885
87475,0.9809426603110106
87476,0.9809617081267917
87477,0.9809807369042762
87478,0.9809997466624929
87479,0.9810187374204514
87480,0.9810377091971426
87481,0.9810566620115383
87482,0.9810755958825912
87483,0.9810945108292353
87484,0.9811134068703855
87485,0.9811322840249378
87486,0.9811511423117695
87487,0.9811699817497387
87488,0.981188802357685
87489,0.981207604154429
87490,0.9812263871587724
87491,0.9812451513894983
87492,0.9812638968653709
87493,0.9812826236051356
87494,0.9813013316275193
87495,0.9813200209512299
87496,0.9813386915949569
87497,0.9813573435773707
87498,0.9813759769171234
87499,0.9813945916328485
87500,0.9814131877431604
87501,0.9814317652666555
87502,0.9814503242219113
87503,0.9814688646274865
87504,0.9814873865019218
87505,0.981505889863739
87506,0.9815243747314414
87507,0.9815428411235139
87508,0.9815612890584229
87509,0.9815797185546163
87510,0.9815981296305237
87511,0.9816165223045562
87512,0.9816348965951064
87513,0.9806537522706735
87514,0.9806730888501132
87515,0.9806924061026367
87516,0.9807117040475617
87517,0.9807309827041858
87518,0.9807502420917878
87519,0.9807694822296271
87520,0.9807887031369439
87521,0.980807904832959
87522,0.9808270873368741
87523,0.9808462506678717
87524,0.9808653948451151
87525,0.9808845198877487
87526,0.9809036258148974
87527,0.9809227126456671
87528,0.9809417803991447
87529,0.980960829094398
87530,0.9809798587504756
87531,0.9809988693864071
87532,0.9810178610212034
87533,0.9810368336738559
87534,0.9810557873633372
87535,0.9810747221086012
87536,0.9800941376787076
87537,0.9801140335930717
87538,0.9801339096214644
87539,0.9801537657837618
87540,0.98017360209982
87541,0.9801934185894753
87542,0.9802132152725442
87543,0.9802329921688235
87544,0.98025274929809
87545,0.9802724866801009
87546,0.9802922043345935
87547,0.9803119022812856
87548,0.980331580539875
87549,0.9803512391300401
87550,0.9803708780714393
87551,0.9803904973837118
87552,0.9804100970864766
87553,0.9804296771993337
87554,0.9804492377418631
87555,0.9804687787336254
87556,0.9804883001941614
87557,0.9805078021429928
87558,0.9805272845996215
87559,0.9795472473336548
87560,0.9795676898650555
87561,0.9795881119641409
87562,0.9796085136513332
87563,0.979628894947034
87564,0.9796492558716247
87565,0.9796695964454661
87566,0.9796899166888989
87567,0.9797102166222433
87568,0.9797304962657993
87569,0.9797507556398465
87570,0.9797709947646442
87571,0.9797912136604318
87572,0.9798114123474279
87573,0.9798315908458313
87574,0.9798517491758204
87575,0.9798718873575537
87576,0.9798920054111694
87577,0.9799121033567854
87578,0.9799321812144998
87579,0.9799522390043903
87580,0.9799722767465149
87581,0.9799922944609112
87582,0.9790127919177218
87583,0.9790337686374443
87584,0.9790547243909301
87585,0.9790756591991351
87586,0.979096573082994
87587,0.9791174660634209
87588,0.9791383381613085
87589,0.979159189397529
87590,0.9791800197929338
87591,0.9792008293683532
87592,0.9792216181445967
87593,0.9792423861424532
87594,0.9792631333826906
87595,0.9792838598860562
87596,0.9793045656732765
87597,0.9793252507650574
87598,0.9793459151820838
87599,0.9793665589450202
87600,0.9793871820745105
87601,0.9794077845911776
87602,0.9794283665156243
87603,0.9794489278684322
87604,0.9794694686701629
87605,0.9794899889413572
87606,0.9795104887025352
87607,0.9795309679741968
87608,0.9795514267768213
87609,0.9795718651308675
87610,0.9795922830567736
87611,0.9796126805749578
87612,0.9796330577058173
87613,0.9796534144697295
87614,0.9796737508870511
87615,0.9796940669781186
87616,0.9797143627632479
87617,0.9797346382627349
87618,0.9797548934968551
87619,0.9797751284858637
87620,0.9797953432499957
87621,0.979815537809466
87622,0.979835712184469
87623,0.9798558663951792
87624,0.9798760004617507
87625,0.9798961144043177
87626,0.979916208242994
87627,0.9799362819978735
87628,0.9799563356890301
87629,0.9799763693365173
87630,0.9799963829603688
87631,0.9800163765805984
87632,0.9800363502171995
87633,0.9800563038901459
87634,0.9800762376193911
87635,0.9800961514248689
87636,0.9801160453264932
87637,0.9801359193441579
87638,0.980155773497737
87639,0.9801756078070846
87640,0.97919592204216
87641,0.9792167157232773
87642,0.979237488621105
87643,0.9792582407564163
87644,0.9792789721499632
87645,0.9792996828224769
87646,0.9793203727946683
87647,0.9793410420872274
87648,0.9793616907208234
87649,0.9793823187161049
87650,0.9794029260937
87651,0.9794235128742161
87652,0.9794440790782399
87653,0.9794646247263377
87654,0.979485149839055
87655,0.979505654436917
87656,0.9795261385404282
87657,0.9795466021700729
87658,0.9795670453463148
87659,0.9795874680895968
87660,0.9796078704203419
87661,0.9796282523589522
87662,0.9796486139258098
87663,0.9796689551412763
87664,0.9796892760256928
87665,0.9797095765993803
87666,0.9797298568826392
87667,0.9797501168957501
87668,0.9797703566589727
87669,0.979790576192547
87670,0.9798107755166924
87671,0.9798309546516082
87672,0.9798511136174737
87673,0.9798712524344477
87674,0.9798913711226692
87675,0.9799114697022567
87676,0.979931548193309
87677,0.9799516066159044
87678,0.9799716449901014
87679,0.9799916633359383
87680,0.9800116616734337
87681,0.9800316400225857
87682,0.9800515984033727
87683,0.9800715368357532
87684,0.9800914553396655
87685,0.9801113539350281
87686,0.9801312326417397
87687,0.980151091479679
87688,0.9801709304687048
87689,0.9801907496286562
87690,0.9802105489793521
87691,0.9802303285405921
87692,0.9802500883321558
87693,0.9802698283738028
87694,0.9802895486852733
87695,0.9803092492862875
87696,0.9803289301965461
87697,0.9803485914357299
87698,0.9803682330235003
87699,0.9803878549794988
87700,0.9804074573233473
87701,0.9804270400746483
87702,0.9804466032529845
87703,0.980466146877919
87704,0.9804856709689955
87705,0.9805051755457381
87706,0.9805246606276514
87707,0.9805441262342205
87708,0.9805635723849109
87709,0.9805829990991688
87710,0.980602406396421
87711,0.9796222940461997
87712,0.9796426615683924
87713,0.9796630087332416
87714,0.9796833355610944
87715,0.9797036420722778
87716,0.9797239282870981
87717,0.9797441942258416
87718,0.9797644399087743
87719,0.9797846653561418
87720,0.9798048705881697
87721,0.9798250556250631
87722,0.9798452204870071
87723,0.9798653651941664
87724,0.979885489766686
87725,0.9799055942246903
87726,0.9799256785882837
87727,0.9799457428775508
87728,0.9799657871125557
87729,0.9799858113133427
87730,0.980005815499936
87731,0.9800257996923399
87732,0.9790462636606635
87733,0.9790672069253705
87734,0.9790881292572792
87735,0.9791090306773119
87736,0.97912991120637
87737,0.9791507708653342
87738,0.979171609675064
87739,0.9791924276563982
87740,0.9792132248301549
87741,0.9792340012171313
87742,0.9792547568381037
87743,0.9792754917138278
87744,0.9792962058650383
87745,0.9793168993124496
87746,0.979337572076755
87747,0.9793582241786273
87748,0.9793788556387186
87749,0.9793994664776604
87750,0.9794200567160636
87751,0.9794406263745183
87752,0.9794611754735942
87753,0.9784822037839654
87754,0.9785037108266601
87755,0.9785251963730602
87756,0.9785466604446513
87757,0.9785681030628975
87758,0.9785895242492415
87759,0.9786109240251043
87760,0.9786323024118858
87761,0.9786536594309644
87762,0.978674995103697
87763,0.9786963094514195
87764,0.978717602495446
87765,0.9787388742570697
87766,0.9787601247575625
87767,0.9787813540181746
87768,0.9788025620601354
87769,0.978823748904653
87770,0.9788449145729142
87771,0.9788660590860847
87772,0.978887182465309
87773,0.9789082847317105
87774,0.9789293659063915
87775,0.978950426010433
87776,0.9789714650648954
87777,0.9789924830908175
87778,0.9790134801092175
87779,0.9790344561410924
87780,0.9790554112074181
87781,0.9790763453291499
87782,0.9790972585272217
87783,0.9791181508225468
87784,0.9791390222360176
87785,0.9791598727885052
87786,0.9791807025008605
87787,0.9792015113939131
87788,0.979222299488472
87789,0.979243066805325
87790,0.9792638133652397
87791,0.9782850389390876
87792,0.978306743048094
87793,0.978328425463838
87794,0.9783500862080021
87795,0.978371725302247
87796,0.9783933427682118
87797,0.9784149386275139
87798,0.9784365129017493
87799,0.9784580656124922
87800,0.9784795967812953
87801,0.9785011064296898
87802,0.9785225945791853
87803,0.9785440612512701
87804,0.9785655064674108
87805,0.9785869302490525
87806,0.9786083326176191
87807,0.9786297135945131
87808,0.9786510732011153
87809,0.9786724114587854
87810,0.9786937283888616
87811,0.9787150240126609
87812,0.9787362983514788
87813,0.9787575514265897
87814,0.9787787832592468
87815,0.9787999938706818
87816,0.9788211832821054
87817,0.978842351514707
87818,0.9788634985896548
87819,0.978884624528096
87820,0.9789057293511564
87821,0.9789268130799408
87822,0.978947875735533
87823,0.9789689173389957
87824,0.9789899379113706
87825,0.978011437223803
87826,0.9780334147977923
87827,0.9780553704051907
87828,0.9780773040679541
87829,0.9780992158080162
87830,0.9781211056472885
87831,0.978142973607661
87832,0.9781648197110017
87833,0.9781866439791566
87834,0.97820844643395
87835,0.9782302270971844
87836,0.9782519859906406
87837,0.9782737231360772
87838,0.9782954385552315
87839,0.978317132269819
87840,0.9783388043015333
87841,0.9783604546720465
87842,0.9783820834030089
87843,0.9784036905160494
87844,0.978425276032775
87845,0.9784468399747712
87846,0.978468382363602
87847,0.9784899032208098
87848,0.9775119023180403
87849,0.9775343791772927
87850,0.9775568335709186
87851,0.9775792655213724
87852,0.9776016750510862
87853,0.9776240621824694
87854,0.9776464269379093
87855,0.9776687693397704
87856,0.9776910894103954
87857,0.9777133871721041
87858,0.9777356626471945
87859,0.9777579158579419
87860,0.9777801468265996
87861,0.9778023555753986
87862,0.9778245421265477
87863,0.9778467065022333
87864,0.9778688487246199
87865,0.9778909688158497
87866,0.9779130667980428
87867,0.9779351426932972
87868,0.9779571965236887
87869,0.9779792283112713
87870,0.9780012380780766
87871,0.9780232258461145
87872,0.9780451916373727
87873,0.9780671354738171
87874,0.9780890573773915
87875,0.9781109573700177
87876,0.978132835473596
87877,0.9781546917100041
87878,0.9781765261010986
87879,0.9781983386687138
87880,0.9782201294346621
87881,0.9782418984207344
87882,0.9782636456486997
87883,0.9782853711403052
87884,0.9783070749172764
87885,0.9783287570013172
87886,0.9783504174141094
87887,0.9783720561773137
87888,0.9783936733125688
87889,0.9784152688414918
87890,0.9784368427856782
87891,0.9784583951667021
87892,0.9784799260061157
87893,0.9785014353254499
87894,0.978522923146214
87895,0.978544389489896
87896,0.9785658343779621
87897,0.9785872578318572
87898,0.9786086598730047
87899,0.9786300405228068
87900,0.978651399802644
87901,0.9786727377338758
87902,0.9786940543378398
87903,0.978715349635853
87904,0.9787366236492105
87905,0.9787578763991863
87906,0.9787791079070333
87907,0.9788003181939827
87908,0.9788215072812451
87909,0.9788426751900094
87910,0.9788638219414437
87911,0.9788849475566946
87912,0.9789060520568879
87913,0.9789271354631278
87914,0.978948197796498
87915,0.9789692390780608
87916,0.9789902593288573
87917,0.9790112585699079
87918,0.9790322368222119
87919,0.9790531941067474
87920,0.9790741304444718
87921,0.9790950458563213
87922,0.9791159403632116
87923,0.9791368139860369
87924,0.9791576667456711
87925,0.9791784986629667
87926,0.9791993097587558
87927,0.9792201000538495
87928,0.9792408695690381
87929,0.9792616183250911
87930,0.9792823463427571
87931,0.9783035533928893
87932,0.9783252389966945
87933,0.9783469029257333
87934,0.9783685452016696
87935,0.9783901658461457
87936,0.9784117648807822
87937,0.9784333423271782
87938,0.9784548982069111
87939,0.9784764325415369
87940,0.9784979453525898
87941,0.9785194366615827
87942,0.9785409064900069
87943,0.9785623548593323
87944,0.9785837817910071
87945,0.9786051873064584
87946,0.9786265714270916
87947,0.978647934174291
87948,0.9786692755694191
87949,0.9786905956338174
87950,0.9787118943888061
87951,0.9787331718556839
87952,0.9787544280557282
87953,0.9787756630101953
87954,0.97879687674032
87955,0.9778185690174411
87956,0.9778407393632508
87957,0.9778628875497942
87958,0.9778850135992198
87959,0.9779071175336533
87960,0.977929199375199
87961,0.9779512591459384
87962,0.9779732968679314
87963,0.9779953125632158
87964,0.9780173062538073
87965,0.9780392779616995
87966,0.9780612277088643
87967,0.9780831555172512
87968,0.9781050614087882
87969,0.978126945405381
87970,0.9781488075289139
87971,0.9781706478012487
87972,0.978192466244226
87973,0.9782142628796641
87974,0.9782360377293595
87975,0.9782577908150873
87976,0.9782795221586005
87977,0.9783012317816303
87978,0.9783229197058866
87979,0.9783445859530571
87980,0.9783662305448081
87981,0.9783878535027843
87982,0.9784094548486086
87983,0.9784310346038824
87984,0.9784525927901854
87985,0.9784741294290757
87986,0.9784956445420901
87987,0.9785171381507437
87988,0.9785386102765301
87989,0.9785600609409214
87990,0.9785814901653682
87991,0.9786028979712998
87992,0.9786242843801242
87993,0.9786456494132275
87994,0.9786669930919749
87995,0.9786883154377101
87996,0.9787096164717554
87997,0.9787308962154118
87998,0.9787521546899591
87999,0.9787733919166558
88000,0.9787946079167391
88001,0.978815802711425
88002,0.9788369763219084
88003,0.9788581287693627
88004,0.9788792600749405
88005,0.9789003702597732
88006,0.9789214593449708
88007,0.9789425273516225
88008,0.9789635743007963
88009,0.9789846002135391
88010,0.9790056051108769
88011,0.9790265890138146
88012,0.979047551943336
88013,0.9790684939204042
88014,0.979089414965961
88015,0.9791103151009276
88016,0.979131194346204
88017,0.9791520527226696
88018,0.9791728902511827
88019,0.9791937069525808
88020,0.9792145028476806
88021,0.9792352779572782
88022,0.9792560323021484
88023,0.9792767659030458
88024,0.979297478780704
88025,0.9793181709558356
88026,0.9793388424491332
88027,0.9793594932812679
88028,0.9793801234728908
88029,0.979400733044632
88030,0.9794213220171012
88031,0.9794418904108873
88032,0.9794624382465585
88033,0.979482965544663
88034,0.9795034723257278
88035,0.9795239586102598
88036,0.9795444244187452
88037,0.97956486977165
88038,0.9795852946894195
88039,0.9796056991924785
88040,0.9796260833012317
88041,0.9796464470360631
88042,0.9796667904173364
88043,0.979687113465395
88044,0.9797074162005621
88045,0.9797276986431402
88046,0.979747960813412
88047,0.9797682027316394
88048,0.9797884244180646
88049,0.9798086258929091
88050,0.9798288071763744
88051,0.9798489682886419
88052,0.9798691092498726
88053,0.9798892300802076
88054,0.9799093307997676
88055,0.9799294114286534
88056,0.9799494719869456
88057,0.9799695124947048
88058,0.9799895329719714
88059,0.9800095334387661
88060,0.9800295139150892
88061,0.9800494744209212
88062,0.9800694149762226
88063,0.980089335600934
88064,0.980109236314976
88065,0.9801291171382495
88066,0.9801489780906351
88067,0.9801688191919937
88068,0.9801886404621667
88069,0.9802084419209751
88070,0.9802282235882205
88071,0.9802479854836845
88072,0.9802677276271291
88073,0.9802874500382964
88074,0.9803071527369088
88075,0.980326835742669
88076,0.9803464990752601
88077,0.9803661427543453
88078,0.9803857667995683
88079,0.9804053712305533
88080,0.9804249560669045
88081,0.9804445213282069
88082,0.9804640670340258
88083,0.9804835932039068
88084,0.9805030998573762
88085,0.9805225870139405
88086,0.980542054693087
88087,0.9805615029142832
88088,0.9805809316969776
88089,0.9806003410605988
88090,0.9806197310245562
88091,0.9806391016082399
88092,0.9806584528310203
88093,0.9806777847122486
88094,0.9806970972712569
88095,0.9807163905273576
88096,0.980735664499844
88097,0.9807549192079901
88098,0.9807741546710506
88099,0.9807933709082609
88100,0.9808125679388373
88101,0.9808317457819768
88102,0.9808509044568574
88103,0.9808700439826377
88104,0.9808891643784571
88105,0.9809082656634361
88106,0.9809273478566761
88107,0.9809464109772592
88108,0.9809654550442485
88109,0.980984480076688
88110,0.9810034860936029
88111,0.981022473113999
88112,0.9810414411568636
88113,0.9810603902411646
88114,0.9810793203858511
88115,0.9810982316098532
88116,0.9811171239320823
88117,0.9811359973714305
88118,0.9811548519467714
88119,0.9811736876769596
88120,0.9811925045808306
88121,0.9812113026772016
88122,0.9812300819848705
88123,0.9812488425226168
88124,0.9812675843092009
88125,0.9812863073633646
88126,0.981305011703831
88127,0.9813236973493045
88128,0.9813423643184706
88129,0.9813610126299963
88130,0.98137964230253
88131,0.9813982533547014
88132,0.9814168458051216
88133,0.9814354196723828
88134,0.981453974975059
88135,0.9814725117317057
88136,0.9814910299608594
88137,0.9815095296810384
88138,0.9815280109107426
88139,0.981546473668453
88140,0.9815649179726325
88141,0.9815833438417253
88142,0.9816017512941574
88143,0.9816201403483361
88144,0.9816385110226507
88145,0.9816568633354716
88146,0.9816751973051513
88147,0.9816935129500237
88148,0.9817118102884045
88149,0.981730089338591
88150,0.9817483501188622
88151,0.981766592647479
88152,0.9817848169426839
88153,0.9818030230227013
88154,0.981821210905737
88155,0.9818393806099792
88156,0.9818575321535974
88157,0.9818756655547433
88158,0.9818937808315501
88159,0.9819118780021333
88160,0.98192995708459
88161,0.9819480180969992
88162,0.9819660610574219
88163,0.9819840859839012
88164,0.982002092894462
88165,0.9820200818071113
88166,0.9820380527398378
88167,0.9820560057106126
88168,0.9820739407373886
88169,0.9820918578381009
88170,0.9821097570306665
88171,0.9821276383329847
88172,0.9821455017629367
88173,0.9821633473383861
88174,0.9821811750771783
88175,0.9821989849971411
88176,0.9822167771160845
88177,0.9822345514518005
88178,0.9822523080220635
88179,0.9822700468446302
88180,0.9822877679372393
88181,0.9823054713176118
88182,0.9823231570034513
88183,0.9823408250124434
88184,0.982358475362256
88185,0.9823761080705395
88186,0.9823937231549268
88187,0.9824113206330328
88188,0.9824289005224551
88189,0.9824464628407735
88190,0.9824640076055504
88191,0.9824815348343304
88192,0.982499044544641
88193,0.9825165367539916
88194,0.9825340114798747
88195,0.982551468739765
88196,0.9825689085511196
88197,0.9825863309313783
88198,0.9826037358979636
88199,0.9826211234682805
88200,0.9826384936597164
88201,0.9826558464896418
88202,0.9826731819754092
88203,0.9826905001343543
88204,0.9827078009837953
88205,0.9827250845410329
88206,0.9827423508233507
88207,0.982759599848015
88208,0.9827768316322748
88209,0.982794046193362
88210,0.982811243548491
88211,0.9828284237148593
88212,0.9828455867096471
88213,0.9828627325500172
88214,0.9828798612531157
88215,0.982896972836071
88216,0.982914067315995
88217,0.982931144709982
88218,0.9829482050351095
88219,0.9829652483084377
88220,0.9829822745470099
88221,0.9829992837678525
88222,0.9830162759879746
88223,0.9830332512243685
88224,0.9830502094940092
88225,0.9830671508138553
88226,0.983084075200848
88227,0.9831009826719116
88228,0.9831178732439536
88229,0.9831347469338647
88230,0.9831516037585185
88231,0.9831684437347719
88232,0.9831852668794647
88233,0.9832020732094203
88234,0.9832188627414449
88235,0.983235635492328
88236,0.9832523914788424
88237,0.983269130717744
88238,0.9832858532257722
88239,0.9833025590196495
88240,0.9833192481160816
88241,0.9833359205317577
88242,0.9833525762833502
88243,0.9833692153875148
88244,0.9833858378608905
88245,0.9834024437201
88246,0.983419032981749
88247,0.9834356056624269
88248,0.9834521617787064
88249,0.9834687013471435
88250,0.9834852243842778
88251,0.9835017309066323
88252,0.9835182209307136
88253,0.9835346944730118
88254,0.9835511515500003
88255,0.9835675921781362
88256,0.9835840163738602
88257,0.9836004241535964
88258,0.9836168155337527
88259,0.9836331905307204
88260,0.9836495491608747
88261,0.9836658914405739
88262,0.9836822173861606
88263,0.9826990267640855
88264,0.9827163190911579
88265,0.982733594134545
88266,0.9827508519115219
88267,0.9827680924393465
88268,0.9827853157352592
88269,0.9828025218164833
88270,0.982819710700225
88271,0.9828368824036731
88272,0.9828540369439992
88273,0.982871174338358
88274,0.9828882946038869
88275,0.9829053977577061
88276,0.9829224838169188
88277,0.982939552798611
88278,0.9829566047198518
88279,0.982973639597693
88280,0.9829906574491696
88281,0.9830076582912993
88282,0.9830246421410831
88283,0.9830416090155047
88284,0.9830585589315313
88285,0.9830754919061124
88286,0.9830924079561812
88287,0.9831093070986539
88288,0.9831261893504293
88289,0.9831430547283899
88290,0.9831599032494011
88291,0.9831767349303112
88292,0.983193549787952
88293,0.9832103478391385
88294,0.9832271291006686
88295,0.9832438935893235
88296,0.983260641321868
88297,0.9832773723150495
88298,0.9832940865855992
88299,0.9833107841502313
88300,0.9833274650256434
88301,0.9833441292285163
88302,0.9833607767755144
88303,0.983377407683285
88304,0.983394021968459
88305,0.9824111193977759
88306,0.9824286994883329
88307,0.9824462620075849
88308,0.9824638069730945
88309,0.9824813344024068
88310,0.9824988443130491
88311,0.9825163367225314
88312,0.982533811648346
88313,0.9825512691079679
88314,0.9825687091188544
88315,0.9825861316984458
88316,0.9826035368641645
88317,0.9826209246334157
88318,0.9826382950235871
88319,0.9826556480520493
88320,0.9826729837361552
88321,0.9826903020932405
88322,0.9827076031406236
88323,0.9827248868956054
88324,0.9827421533754699
88325,0.9827594025974834
88326,0.9827766345788952
88327,0.9827938493369373
88328,0.9828110468888244
88329,0.9828282272517541
88330,0.9828453904429068
88331,0.9828625364794455
88332,0.9828796653785166
88333,0.9828967771572487
88334,0.9829138718327537
88335,0.9829309494221262
88336,0.9829480099424439
88337,0.9819655531608923
88338,0.9819835785950143
88339,0.9820015860127104
88340,0.982019575431988
88341,0.9820375468708367
88342,0.9820555003472277
88343,0.9820734358791144
88344,0.9820913534844327
88345,0.9821092531810999
88346,0.9821271349870158
88347,0.9821449989200622
88348,0.9821628449981031
88349,0.9821806732389846
88350,0.9821984836605349
88351,0.9822162762805643
88352,0.9822340511168656
88353,0.9822518081872136
88354,0.9822695475093652
88355,0.98228726910106
88356,0.9823049729800195
88357,0.9823226591639476
88358,0.9823403276705304
88359,0.9823579785174363
88360,0.9823756117223165
88361,0.9823932273028039
88362,0.9824108252765142
88363,0.9824284056610455
88364,0.982445968473978
88365,0.9824635137328745
88366,0.9824810414552805
88367,0.9824985516587235
88368,0.9825160443607137
88369,0.982533519578744
88370,0.9825509773302895
88371,0.982568417632808
88372,0.9825858405037398
88373,0.9826032459605076
88374,0.9826206340205171
88375,0.9826380047011563
88376,0.9826553580197958
88377,0.982672693993789
88378,0.9826900126404718
88379,0.982707313977163
88380,0.9827245980211639
88381,0.9827418647897584
88382,0.9827591143002135
88383,0.9827763465697784
88384,0.9827935616156857
88385,0.9828107594551503
88386,0.98282794010537
88387,0.9828451035835255
88388,0.9828622499067804
88389,0.9828793790922808
88390,0.9828964911571562
88391,0.9829135861185183
88392,0.9829306639934623
88393,0.982947724799066
88394,0.9829647685523902
88395,0.9829817952704788
88396,0.9829988049703584
88397,0.9830157976690387
88398,0.9830327733835124
88399,0.9830497321307552
88400,0.983066673927726
88401,0.9830835987913664
88402,0.9831005067386014
88403,0.9831173977863389
88404,0.98313427195147
88405,0.9831511292508688
88406,0.9831679697013926
88407,0.983184793319882
88408,0.9832016001231604
88409,0.9832183901280348
88410,0.9832351633512951
88411,0.9832519198097146
88412,0.9832686595200497
88413,0.9832853824990402
88414,0.983302088763409
88415,0.9833187783298624
88416,0.9833354512150899
88417,0.9833521074357645
88418,0.9833687470085424
88419,0.9833853699500631
88420,0.9834019762769496
88421,0.9834185660058082
88422,0.9834351391532287
88423,0.9834516957357842
88424,0.9834682357700313
88425,0.98348475927251
88426,0.9835012662597439
88427,0.9835177567482399
88428,0.9835342307544885
88429,0.9835506882949638
88430,0.9835671293861233
88431,0.9835835540444081
88432,0.9835999622862428
88433,0.9836163541280356
88434,0.9836327295861785
88435,0.9836490886770469
88436,0.9836654314169999
88437,0.9836817578223802
88438,0.9836980679095143
88439,0.9837143616947122
88440,0.9837306391942676
88441,0.9837469004244582
88442,0.9837631454015452
88443,0.9837793741417735
88444,0.9837955866613719
88445,0.9838117829765529
88446,0.9838279631035128
88447,0.9838441270584318
88448,0.9838602748574738
88449,0.9838764065167868
88450,0.9838925220525021
88451,0.9839086214807354
88452,0.9839247048175863
88453,0.983940772079138
88454,0.9839568232814577
88455,0.9839728584405967
88456,0.9839888775725901
88457,0.9840048806934572
88458,0.9840208678192008
88459,0.9840368389658083
88460,0.9840527941492507
88461,0.9840687333854834
88462,0.9840846566904454
88463,0.9841005640800602
88464,0.9841164555702351
88465,0.9841323311768615
88466,0.9841481909158152
88467,0.9841640348029558
88468,0.9841798628541273
88469,0.9841956750851576
88470,0.9842114715118591
88471,0.9842272521500282
88472,0.9842430170154454
88473,0.9832592658740007
88474,0.9832759982419427
88475,0.9832927138858788
88476,0.9833094128225246
88477,0.983326095068579
88478,0.9833427606407243
88479,0.9833594095556262
88480,0.9833760418299334
88481,0.9833926574802784
88482,0.9834092565232766
88483,0.9834258389755272
88484,0.9834424048536126
88485,0.9834589541740987
88486,0.9834754869535348
88487,0.9834920032084539
88488,0.983508502955372
88489,0.9825254859609138
88490,0.9825429517420623
88491,0.9825604000661582
88492,0.9825778309506498
88493,0.982595244412968
88494,0.9826126404705262
88495,0.9826300191407206
88496,0.9826473804409297
88497,0.9826647243885149
88498,0.9826820510008203
88499,0.9826993602951722
88500,0.9827166522888802
88501,0.9827339269992361
88502,0.9827511844435147
88503,0.9827684246389735
88504,0.9827856476028526
88505,0.9828028533523749
88506,0.9828200419047464
88507,0.9828372132771555
88508,0.9828543674867735
88509,0.9828715045507547
88510,0.9828886244862362
88511,0.9829057273103379
88512,0.9829228130401626
88513,0.9829398816927961
88514,0.9829569332853071
88515,0.9829739678347471
88516,0.9829909853581507
88517,0.9830079858725354
88518,0.9830249693949016
88519,0.983041935942233
88520,0.9830588855314961
88521,0.9830758181796405
88522,0.9830927339035989
88523,0.983109632720287
88524,0.9831265146466035
88525,0.9831433796994304
88526,0.983160227895633
88527,0.9831770592520591
88528,0.9831938737855404
88529,0.9832106715128911
88530,0.9832274524509091
88531,0.9832442166163755
88532,0.9832609640260543
88533,0.983277694696693
88534,0.9832944086450222
88535,0.9833111058877557
88536,0.983327786441591
88537,0.9833444503232086
88538,0.9833610975492724
88539,0.9833777281364295
88540,0.9833943421013107
88541,0.9834109394605298
88542,0.9834275202306842
88543,0.9834440844283547
88544,0.9834606320701055
88545,0.9834771631724842
88546,0.983493677752022
88547,0.9835101758252334
88548,0.9835266574086164
88549,0.9835431225186528
88550,0.9835595711718076
88551,0.9835760033845294
88552,0.9835924191732506
88553,0.9836088185543868
88554,0.9836252015443374
88555,0.9826420679096104
88556,0.9826594171670721
88557,0.9826767490839465
88558,0.9826940636775657
88559,0.9827113609652444
88560,0.9827286409642796
88561,0.9827459036919515
88562,0.9827631491655228
88563,0.9827803774022389
88564,0.9827975884193281
88565,0.9828147822340014
88566,0.9828319588634526
88567,0.9828491183248584
88568,0.9828662606353783
88569,0.9828833858121545
88570,0.9829004938723123
88571,0.9829175848329597
88572,0.9829346587111876
88573,0.9829517155240699
88574,0.9829687552886636
88575,0.9829857780220083
88576,0.9830027837411267
88577,0.9830197724630246
88578,0.9830367442046908
88579,0.9830536989830969
88580,0.9830706368151978
88581,0.9830875577179312
88582,0.9831044617082182
88583,0.9831213488029626
88584,0.9831382190190516
88585,0.9831550723733554
88586,0.9831719088827274
88587,0.9831887285640041
88588,0.983205531434005
88589,0.9832223175095333
88590,0.9832390868073748
88591,0.9832558393442989
88592,0.9832725751370582
88593,0.9832892942023885
88594,0.9833059965570088
88595,0.9833226822176214
88596,0.9833393512009122
88597,0.98335600352355
88598,0.9833726392021871
88599,0.9833892582534592
88600,0.9834058606939855
88601,0.9834224465403684
88602,0.9834390158091936
88603,0.9834555685170304
88604,0.9834721046804317
88605,0.9834886243159335
88606,0.9835051274400556
88607,0.9835216140693009
88608,0.9835380842201562
88609,0.9835545379090915
88610,0.9835709751525608
88611,0.983587395967001
88612,0.983603800368833
88613,0.9836201883744613
88614,0.9836365600002739
88615,0.9836529152626424
88616,0.9836692541779222
88617,0.9836855767624519
88618,0.9837018830325545
88619,0.9837181730045359
88620,0.9837344466946862
88621,0.9837507041192792
88622,0.9837669452945723
88623,0.9837831702368066
88624,0.9837993789622071
88625,0.9838155714869825
88626,0.9838317478273254
88627,0.983847907999412
88628,0.9838640520194026
88629,0.9838801799034412
88630,0.9838962916676557
88631,0.9839123873281578
88632,0.9839284669010432
88633,0.9839445304023915
88634,0.9839605778482662
88635,0.9839766092547146
88636,0.9839926246377684
88637,0.9840086240134428
88638,0.9840246073977372
88639,0.9840405748066351
88640,0.9840565262561037
88641,0.9840724617620946
88642,0.9840883813405433
88643,0.9841042850073694
88644,0.9841201727784764
88645,0.9841360446697522
88646,0.9841519006970688
88647,0.9841677408762821
88648,0.9841835652232324
88649,0.9841993737537439
88650,0.9842151664836252
88651,0.984230943428669
88652,0.9842467046046524
88653,0.9842624500273364
88654,0.9842781797124665
88655,0.9842938936757724
88656,0.984309591932968
88657,0.9843252744997516
88658,0.9843409413918058
88659,0.9843565926247976
88660,0.984372228214378
88661,0.9843878481761827
88662,0.9844034525258317
88663,0.9844190412789293
88664,0.9844346144510643
88665,0.9844501720578098
88666,0.9844657141147236
88667,0.9844812406373475
88668,0.9844967516412083
88669,0.9845122471418168
88670,0.9845277271546686
88671,0.9845431916952436
88672,0.9845586407790065
88673,0.9845740744214062
88674,0.9845894926378765
88675,0.9846048954438357
88676,0.9846202828546864
88677,0.9846356548858162
88678,0.9846510115525969
88679,0.9846663528703854
88680,0.984681678854523
88681,0.9846969895203356
88682,0.9847122848831339
88683,0.9847275649582132
88684,0.9847428297608537
88685,0.9847580793063201
88686,0.984773313609862
88687,0.9847885326867137
88688,0.9848037365520943
88689,0.9848189252212076
88690,0.9848340987092424
88691,0.9848492570313722
88692,0.9848644002027551
88693,0.9848795282385345
88694,0.9848946411538383
88695,0.9849097389637795
88696,0.984924821683456
88697,0.9849398893279503
88698,0.9849549419123301
88699,0.9849699794516481
88700,0.9849850019609419
88701,0.9850000094552338
88702,0.9850150019495314
88703,0.9850299794588272
88704,0.9850449419980988
88705,0.9850598895823086
88706,0.9850748222264043
88707,0.9850897399453185
88708,0.9851046427539688
88709,0.9851195306672582
88710,0.9851344037000745
88711,0.9851492618672909
88712,0.9851641051837654
88713,0.9851789336643414
88714,0.9851937473238473
88715,0.9852085461770969
88716,0.9852233302388889
88717,0.9852380995240074
88718,0.9852528540472218
88719,0.9852675938232865
88720,0.9852823188669414
88721,0.9852970291929115
88722,0.9853117248159071
88723,0.9853264057506238
88724,0.9853410720117426
88725,0.9853557236139298
88726,0.9853703605718369
88727,0.9853849829001009
88728,0.9853995906133441
88729,0.9854141837261744
88730,0.9854287622531848
88731,0.9854433262089537
88732,0.9854578756080452
88733,0.9854724104650087
88734,0.985486930794379
88735,0.9855014366106765
88736,0.9855159279284069
88737,0.9855304047620617
88738,0.9855448671261176
88739,0.985559315035037
88740,0.9855737485032678
88741,0.9855881675452436
88742,0.9856025721753833
88743,0.9856169624080915
88744,0.9856313382577586
88745,0.9856456997387604
88746,0.9856600468654583
88747,0.9856743796521994
88748,0.9856886981133166
88749,0.9857030022631283
88750,0.9857172921159388
88751,0.9857315676860379
88752,0.985745828987701
88753,0.9857600760351896
88754,0.9857743088427506
88755,0.985788527424617
88756,0.9858027317950072
88757,0.9858169219681256
88758,0.9858310979581625
88759,0.9858452597792937
88760,0.9858594074456812
88761,0.9858735409714726
88762,0.9858876603708014
88763,0.9859017656577872
88764,0.985915856846535
88765,0.9859299339511363
88766,0.9859439969856678
88767,0.9859580459641929
88768,0.9859720809007604
88769,0.9859861018094053
88770,0.9860001087041484
88771,0.9860141015989968
88772,0.9860280805079433
88773,0.9860420454449669
88774,0.9860559964240324
88775,0.9860699334590909
88776,0.9860838565640793
88777,0.9860977657529207
88778,0.9861116610395245
88779,0.9861255424377858
88780,0.9861394099615861
88781,0.9861532636247929
88782,0.9861671034412599
88783,0.9861809294248268
88784,0.9861947415893197
88785,0.9862085399485508
88786,0.9862223245163184
88787,0.9862360953064071
88788,0.9862498523325876
88789,0.986263595608617
88790,0.9862773251482385
88791,0.9862910409651818
88792,0.9863047430731626
88793,0.986318431485883
88794,0.9863321062170316
88795,0.9863457672802829
88796,0.9863594146892981
88797,0.9863730484577246
88798,0.9863866685991961
88799,0.9864002751273329
88800,0.9864138680557413
88801,0.9864274473980144
88802,0.9864410131677315
88803,0.9864545653784583
88804,0.9864681040437472
88805,0.9864816291771368
88806,0.9864951407921522
88807,0.9865086389023049
88808,0.9865221235210931
88809,0.9865355946620016
88810,0.9865490523385013
88811,0.98656249656405
88812,0.986575927352092
88813,0.9865893447160579
88814,0.9866027486693651
88815,0.9866161392254178
88816,0.9866295163976063
88817,0.9866428801993079
88818,0.9866562306438863
88819,0.986669567744692
88820,0.9866828915150622
88821,0.9866962019683205
88822,0.9867094991177775
88823,0.9867227829767302
88824,0.9867360535584626
88825,0.9867493108762453
88826,0.9867625549433355
88827,0.9867757857729774
88828,0.9867890033784017
88829,0.9868022077728261
88830,0.986815398969455
88831,0.9868285769814795
88832,0.9868417418220777
88833,0.9868548935044145
88834,0.9868680320416414
88835,0.9868811574468972
88836,0.9868942697333071
88837,0.9869073689139835
88838,0.9869204550020254
88839,0.9869335280105191
88840,0.9869465879525376
88841,0.9869596348411408
88842,0.9869726686893755
88843,0.9869856895102757
88844,0.9869986973168621
88845,0.9870116921221426
88846,0.987024673939112
88847,0.987037642780752
88848,0.9870505986600316
88849,0.9870635415899067
88850,0.9870764715833201
88851,0.9870893886532018
88852,0.987102292812469
88853,0.9871151840740258
88854,0.9871280624507633
88855,0.9871409279555602
88856,0.9871537806012818
88857,0.9871666204007807
88858,0.9871794473668969
88859,0.9871922615124572
88860,0.9872050628502759
88861,0.9872178513931542
88862,0.9862311269040056
88863,0.9862448888961055
88864,0.9862586371330909
88865,0.9862723716287101
88866,0.9862860923966974
88867,0.9862997994507736
88868,0.9863134928046459
88869,0.9863271724720075
88870,0.9853413382166631
88871,0.9853559895527785
88872,0.9853706262448797
88873,0.9853852483076034
88874,0.9853998557555719
88875,0.9854144486033924
88876,0.9854290268656579
88877,0.9854435905569466
88878,0.9854581396918223
88879,0.985472674284834
88880,0.9854871943505163
88881,0.9845021996535144
88882,0.9845176897088332
88883,0.9845331642818379
88884,0.984548623388003
88885,0.9845640670427875
88886,0.9845794952616354
88887,0.9845949080599745
88888,0.9846103054532179
88889,0.9846256874567629
88890,0.9846410540859916
88891,0.9846564053562704
88892,0.9846717412829508
88893,0.9846870618813686
88894,0.9847023671668444
88895,0.9847176571546837
88896,0.9847329318601763
88897,0.9847481912985969
88898,0.9847634354852051
88899,0.9847786644352449
88900,0.9847938781639453
88901,0.9848090766865201
88902,0.9848242600181677
88903,0.9848394281740716
88904,0.9848545811693998
88905,0.9848697190193055
88906,0.9848848417389264
88907,0.9848999493433853
88908,0.9849150418477898
88909,0.9849301192672323
88910,0.9849451816167902
88911,0.9849602289115261
88912,0.9849752611664871
88913,0.9849902783967055
88914,0.9850052806171985
88915,0.9850202678429684
88916,0.9850352400890023
88917,0.9850501973702727
88918,0.9850651397017367
88919,0.9840805668484616
88920,0.9840964783258744
88921,0.9841123738997616
88922,0.9841282535860187
88923,0.9841441174005254
88924,0.9841599653591456
88925,0.9841757974777272
88926,0.9841916137721023
88927,0.9842074142580872
88928,0.9842231989514825
88929,0.9842389678680727
88930,0.9832552207737518
88931,0.9832719571847726
88932,0.9832886768677463
88933,0.9833053798393928
88934,0.9833220661164149
88935,0.983338735715499
88936,0.9833553886533146
88937,0.9833720249465147
88938,0.9833886446117356
88939,0.9834052476655969
88940,0.9834218341247017
88941,0.9834384040056365
88942,0.9834549573249712
88943,0.9834714940992592
88944,0.983488014345037
88945,0.983504518078825
88946,0.983521005317127
88947,0.9835374760764303
88948,0.9835539303732055
88949,0.983570368223907
88950,0.9835867896449726
88951,0.9836031946528236
88952,0.9836195832638653
88953,0.9836359554944861
88954,0.9836523113610584
88955,0.9836686508799378
88956,0.9836849740674641
88957,0.9837012809399605
88958,0.9837175715137336
88959,0.9837338458050742
88960,0.9837501038302565
88961,0.9837663456055387
88962,0.9827830708972872
88963,0.9828002792222275
88964,0.9828174703474426
88965,0.9818351440402487
88966,0.9818532998183195
88967,0.9818714374496855
88968,0.9818895569524845
88969,0.9819076583448358
88970,0.981925741644841
88971,0.9819438068705834
88972,0.980962353790253
88973,0.9809813819223967
88974,0.9810003910359175
88975,0.9810193811498247
88976,0.9810383522831082
88977,0.9810573044547393
88978,0.98107623768367
88979,0.9810951519888338
88980,0.9811140473891448
88981,0.9811329239034985
88982,0.9811517815507713
88983,0.981170620349821
88984,0.9811894403194864
88985,0.9802087412287123
88986,0.9802285225967995
88987,0.9802482841934044
88988,0.9802680260382886
88989,0.9802877481511938
88990,0.9803074505518423
88991,0.9803271332599365
88992,0.980346796295159
88993,0.9803664396771729
88994,0.9803860634256214
88995,0.9804056675601285
88996,0.9804252521002983
88997,0.9804448170657153
88998,0.9804643624759445
88999,0.9804838883505312
89000,0.9805033947090015
89001,0.9805228815708615
89002,0.9805423489555983
89003,0.9805617968826792
89004,0.9805812253715521
89005,0.9806006344416455
89006,0.9806200241123685
89007,0.9806393944031108
89008,0.9806587453332426
89009,0.980678076922115
89010,0.9806973891890594
89011,0.9807166821533881
89012,0.9807359558343942
89013,0.9807552102513514
89014,0.9807744454235139
89015,0.980793661370117
89016,0.9808128581103768
89017,0.9798325354136148
89018,0.9798526927995083
89019,0.9798728300380894
89020,0.9798929471494957
89021,0.9799130441538441
89022,0.9799331210712315
89023,0.9799531779217351
89024,0.9799732147254115
89025,0.9799932315022977
89026,0.9800132282724103
89027,0.9800332050557462
89028,0.9800531618722822
89029,0.980073098741975
89030,0.9800930156847616
89031,0.9801129127205589
89032,0.980132789869264
89033,0.980152647150754
89034,0.9801724845848862
89035,0.980192302191498
89036,0.980212099990407
89037,0.9802318780014111
89038,0.9802516362442882
89039,0.9792718744889216
89040,0.9792925922555493
89041,0.9793132893147641
89042,0.9793339656872632
89043,0.9793546213937226
89044,0.9793752564547984
89045,0.9793958708911255
89046,0.9794164647233182
89047,0.9794370379719706
89048,0.9794575906576558
89049,0.9794781228009265
89050,0.9794986344223149
89051,0.9795191255423326
89052,0.9795395961814707
89053,0.9795600463601999
89054,0.9795804760989703
89055,0.9796008854182117
89056,0.9796212743383333
89057,0.9796416428797243
89058,0.9796619910627531
89059,0.9796823189077678
89060,0.9797026264350964
89061,0.9797229136650464
89062,0.9797431806179049
89063,0.979763427313939
89064,0.9797836537733953
89065,0.9798038600165003
89066,0.9798240460634603
89067,0.9798442119344614
89068,0.9798643576496693
89069,0.9798844832292298
89070,0.9799045886932686
89071,0.979924674061891
89072,0.9789452391053074
89073,0.9789662833440828
89074,0.9789873065491361
89075,0.9790083087414908
89076,0.979029289942149
89077,0.9790502501720919
89078,0.9790711894522797
89079,0.9790921078036517
89080,0.9791130052471264
89081,0.9791338818036011
89082,0.9791547374939523
89083,0.9791755723390358
89084,0.9791963863596865
89085,0.9792171795767183
89086,0.9792379520109245
89087,0.9792587036830774
89088,0.979279434613929
89089,0.9793001448242099
89090,0.9793208343346305
89091,0.9793415031658802
89092,0.9793621513386279
89093,0.9793827788735219
89094,0.9794033857911896
89095,0.9794239721122379
89096,0.9794445378572532
89097,0.9794650830468011
89098,0.979485607701427
89099,0.9795061118416555
89100,0.9795265954879907
89101,0.9795470586609163
89102,0.9795675013808954
89103,0.9795879236683708
89104,0.9796083255437648
89105,0.9796287070274792
89106,0.9796490681398955
89107,0.9796694089013749
89108,0.9796897293322581
89109,0.9797100294528654
89110,0.9797303092834972
89111,0.9797505688444332
89112,0.9797708081559331
89113,0.979791027238236
89114,0.979811226111561
89115,0.9798314047961072
89116,0.9798515633120531
89117,0.9798717016795573
89118,0.9788923196688831
89119,0.9789134168006484
89120,0.9789344928458251
89121,0.9789555478254894
89122,0.9789765817606964
89123,0.9789975946724797
89124,0.9790185865818526
89125,0.9790395575098068
89126,0.9790605074773132
89127,0.9790814365053219
89128,0.9791023446147619
89129,0.9791232318265413
89130,0.9791440981615472
89131,0.9791649436406461
89132,0.9791857682846834
89133,0.9792065721144838
89134,0.9792273551508511
89135,0.9792481174145684
89136,0.9792688589263979
89137,0.9792895797070812
89138,0.979310279777339
89139,0.9793309591578714
89140,0.9793516178693578
89141,0.9793722559324568
89142,0.9793928733678067
89143,0.9794134701960248
89144,0.9794340464377079
89145,0.9794546021134324
89146,0.9794751372437538
89147,0.9794956518492073
89148,0.9795161459503076
89149,0.9795366195675487
89150,0.9795570727214042
89151,0.9795775054323274
89152,0.9795979177207508
89153,0.9796183096070868
89154,0.9796386811117275
89155,0.9796590322550441
89156,0.9796793630573879
89157,0.9796996735390897
89158,0.9797199637204599
89159,0.9797402336217887
89160,0.9797604832633462
89161,0.9797807126653818
89162,0.9798009218481251
89163,0.9798211108317851
89164,0.979841279636551
89165,0.9798614282825914
89166,0.9798815567900551
89167,0.9799016651790705
89168,0.9799217534697461
89169,0.9799418216821701
89170,0.9799618698364109
89171,0.9799818979525164
89172,0.980001906050515
89173,0.9790223939005395
89174,0.9790433610230777
89175,0.9790643071889716
89176,0.9790852324191676
89177,0.9791061367345907
89178,0.9791270201561453
89179,0.9791478827047149
89180,0.979168724401162
89181,0.9791895452663283
89182,0.9792103453210346
89183,0.979231124586081
89184,0.9792518830822468
89185,0.9792726208302905
89186,0.97929333785095
89187,0.979314034164942
89188,0.979334709792963
89189,0.9793553647556886
89190,0.9793759990737739
89191,0.9793966127678532
89192,0.97941720585854
89193,0.9794377783664275
89194,0.9794583303120883
89195,0.9784793614661992
89196,0.9785008713497911
89197,0.9785223597342492
89198,0.9785438266410615
89199,0.9785652720916952
89200,0.9785866961075955
89201,0.9786080987101866
89202,0.9786294799208711
89203,0.9786508397610302
89204,0.9786721782520237
89205,0.9786934954151901
89206,0.9787147912718466
89207,0.978736065843289
89208,0.9787573191507919
89209,0.9787785512156086
89210,0.9787997620589713
89211,0.9788209517020908
89212,0.9788421201661567
89213,0.9788632674723374
89214,0.9788843936417804
89215,0.9789054986956117
89216,0.9789265826549365
89217,0.9789476455408386
89218,0.9789686873743809
89219,0.9789897081766055
89220,0.9790107079685328
89221,0.979031686771163
89222,0.9790526446054747
89223,0.9790735814924257
89224,0.9790944974529531
89225,0.9791153925079726
89226,0.9791362666783795
89227,0.9791571199850477
89228,0.9791779524488308
89229,0.9791987640905611
89230,0.9792195549310503
89231,0.9792403249910893
89232,0.979261074291448
89233,0.9792818028528759
89234,0.9793025106961014
89235,0.9793231978418324
89236,0.9793438643107562
89237,0.979364510123539
89238,0.9793851353008268
89239,0.9794057398632448
89240,0.9794263238313974
89241,0.9794468872258687
89242,0.9794674300672221
89243,0.9794879523760005
89244,0.9795084541727261
89245,0.9795289354779009
89246,0.9795493963120059
89247,0.9795698366955021
89248,0.9795902566488299
89249,0.9796106561924093
89250,0.9796310353466398
89251,0.9796513941319005
89252,0.9796717325685502
89253,0.9796920506769274
89254,0.9797123484773503
89255,0.9797326259901166
89256,0.9797528832355038
89257,0.9797731202337692
89258,0.9797933370051497
89259,0.9798135335698622
89260,0.9798337099481033
89261,0.9788543659101742
89262,0.9788755009767307
89263,0.978896614918783
89264,0.9789177077574449
89265,0.9789387795138093
89266,0.9789598302089478
89267,0.9789808598639114
89268,0.9790018684997296
89269,0.979022856137411
89270,0.9790438227979433
89271,0.9790647685022932
89272,0.9790856932714064
89273,0.9791065971262076
89274,0.9791274800876008
89275,0.9791483421764687
89276,0.9791691834136736
89277,0.9791900038200568
89278,0.9792108034164386
89279,0.9792315822236186
89280,0.9792523402623756
89281,0.9792730775534677
89282,0.9792937941176322
89283,0.9793144899755856
89284,0.9793351651480238
89285,0.9793558196556219
89286,0.9793764535190346
89287,0.9793970667588956
89288,0.9794176593958183
89289,0.9794382314503951
89290,0.9794587829431983
89291,0.9794793138947794
89292,0.9794998243256692
89293,0.9795203142563782
89294,0.9795407837073963
89295,0.9795612326991929
89296,0.9795816612522172
89297,0.9796020693868976
89298,0.9796224571236424
89299,0.9796428244828391
89300,0.9796631714848553
89301,0.9796834981500379
89302,0.9797038044987135
89303,0.9797240905511886
89304,0.9797443563277491
89305,0.979764601848661
89306,0.9797848271341696
89307,0.9798050322045002
89308,0.979825217079858
89309,0.9798453817804279
89310,0.9798655263263745
89311,0.9798856507378424
89312,0.979905755034956
89313,0.9799258392378196
89314,0.9799459033665174
89315,0.9799659474411136
89316,0.9799859714816522
89317,0.9800059755081574
89318,0.980025959540633
89319,0.9800459235990632
89320,0.980065867703412
89321,0.9800857918736234
89322,0.9801056961296218
89323,0.9801255804913114
89324,0.9801454449785765
89325,0.9801652896112816
89326,0.9801851144092713
89327,0.9802049193923704
89328,0.980224704580384
89329,0.9802444699930973
89330,0.9802642156502757
89331,0.9802839415716647
89332,0.9803036477769903
89333,0.9793238340360838
89334,0.9793444998691312
89335,0.9793651450466733
89336,0.9793857695893553
89337,0.9794063735178017
89338,0.9794269568526165
89339,0.979447519614383
89340,0.9784685615737889
89341,0.9784900822518761
89342,0.9785115814200401
89343,0.9785330590997803
89344,0.9785545153125741
89345,0.9785759500798779
89346,0.9785973634231263
89347,0.9786187553637329
89348,0.9786401259230895
89349,0.9786614751225666
89350,0.9786828029835136
89351,0.9787041095272583
89352,0.9787253947751071
89353,0.9787466587483454
89354,0.9787679014682371
89355,0.9787891229560249
89356,0.9788103232329305
89357,0.9788315023201539
89358,0.9788526602388744
89359,0.9788737970102498
89360,0.978894912655417
89361,0.9789160071954915
89362,0.978937080651568
89363,0.9789581330447199
89364,0.9789791643959995
89365,0.9790001747264383
89366,0.9790211640570465
89367,0.9790421324088135
89368,0.9790630798027078
89369,0.9790840062596766
89370,0.9791049118006464
89371,0.9791257964465229
89372,0.9791466602181905
89373,0.9791675031365131
89374,0.9791883252223337
89375,0.9792091264964743
89376,0.9792299069797362
89377,0.9792506666929
89378,0.9792714056567251
89379,0.9792921238919507
89380,0.9793128214192951
89381,0.9793334982594557
89382,0.9793541544331095
89383,0.9793747899609124
89384,0.9793954048635002
89385,0.9794159991614877
89386,0.9794365728754693
89387,0.9794571260260185
89388,0.9794776586336886
89389,0.9794981707190122
89390,0.9795186623025015
89391,0.9795391334046479
89392,0.9795595840459227
89393,0.9795800142467763
89394,0.9796004240276391
89395,0.9796208134089208
89396,0.9796411824110108
89397,0.9796615310542782
89398,0.9796818593590716
89399,0.9797021673457192
89400,0.9797224550345291
89401,0.979742722445789
89402,0.9797629695997662
89403,0.979783196516708
89404,0.9798034032168412
89405,0.9798235897203726
89406,0.9798437560474887
89407,0.9798639022183558
89408,0.9798840282531202
89409,0.9799041341719077
89410,0.9799242199948244
89411,0.979944285741956
89412,0.9799643314333684
89413,0.9799843570891071
89414,0.979004862479323
89415,0.979025847124521
89416,0.979046810795561
89417,0.9790677535134065
89418,0.9790886752990002
89419,0.9791095761732641
89420,0.9791304561570989
89421,0.9791513152713847
89422,0.9791721535369805
89423,0.9791929709747247
89424,0.9792137676054347
89425,0.979234543449907
89426,0.9792552985289176
89427,0.9792760328632215
89428,0.9792967464735531
89429,0.9793174393806261
89430,0.9793381116051332
89431,0.9793587631677467
89432,0.9793793940891183
89433,0.9794000043898788
89434,0.9794205940906385
89435,0.9794411632119873
89436,0.979461711774494
89437,0.9794822397987074
89438,0.9795027473051555
89439,0.9795232343143457
89440,0.9795437008467652
89441,0.9795641469228804
89442,0.9795845725631374
89443,0.9796049777879619
89444,0.979625362617759
89445,0.9796457270729136
89446,0.9786665709239153
89447,0.9786878936916076
89448,0.9787091951471881
89449,0.9787304753119586
89450,0.978751734207199
89451,0.9787729718541682
89452,0.9787941882741041
89453,0.978815383488223
89454,0.9788365575177199
89455,0.9788577103837691
89456,0.9788788421075235
89457,0.9788999527101147
89458,0.9789210422126533
89459,0.9789421106362288
89460,0.9789631580019098
89461,0.9789841843307435
89462,0.9790051896437563
89463,0.9790261739619535
89464,0.9790471373063193
89465,0.9790680796978173
89466,0.9790890011573897
89467,0.979109901705958
89468,0.9791307813644228
89469,0.9791516401536637
89470,0.9791724780945397
89471,0.9791932952078884
89472,0.9792140915145272
89473,0.9792348670352523
89474,0.9792556217908392
89475,0.9792763558020428
89476,0.9792970690895969
89477,0.979317761674215
89478,0.9793384335765897
89479,0.9793590848173926
89480,0.9793797154172753
89481,0.9794003253968683
89482,0.9794209147767815
89483,0.9784419833277292
89484,0.97846353057078
89485,0.9784850562773559
89486,0.9785065604689828
89487,0.9785280431671647
89488,0.9785495043933844
89489,0.9785709441691032
89490,0.9785923625157608
89491,0.9786137594547755
89492,0.9786351350075443
89493,0.9786564891954428
89494,0.9786778220398251
89495,0.9786991335620242
89496,0.9787204237833516
89497,0.9787416927250974
89498,0.9787629404085305
89499,0.9787841668548988
89500,0.9788053720854286
89501,0.9788265561213252
89502,0.9788477189837727
89503,0.9788688606939338
89504,0.9788899812729503
89505,0.9789110807419429
89506,0.9789321591220109
89507,0.9789532164342328
89508,0.9789742526996659
89509,0.9789952679393463
89510,0.9790162621742895
89511,0.9790372354254896
89512,0.9790581877139198
89513,0.9790791190605326
89514,0.9791000294862592
89515,0.97912091901201
89516,0.9791417876586747
89517,0.9791626354471218
89518,0.9791834623981991
89519,0.9792042685327336
89520,0.9792250538715315
89521,0.9792458184353781
89522,0.9782670619951628
89523,0.9782887840721292
89524,0.9783104844378742
89525,0.9783321631140982
89526,0.97835382012248
89527,0.9783754554846764
89528,0.978397069222323
89529,0.9784186613570333
89530,0.9784402319103995
89531,0.9784617809039924
89532,0.9774838081094857
89533,0.9775063130489065
89534,0.9775287954946347
89535,0.9775512554691528
89536,0.9775736929949207
89537,0.977596108094376
89538,0.9776185007899338
89539,0.9776408711039869
89540,0.9776632190589054
89541,0.9776855446770374
89542,0.9777078479807085
89543,0.9777301289922221
89544,0.9777523877338591
89545,0.9777746242278782
89546,0.977796838496516
89547,0.9778190305619867
89548,0.9778412004464825
89549,0.9778633481721731
89550,0.9778854737612065
89551,0.977907577235708
89552,0.9779296586177813
89553,0.9769522176796326
89554,0.9769752539438209
89555,0.9769982671832573
89556,0.9770212574209552
89557,0.9770442246799048
89558,0.9770671689830733
89559,0.9770900903534051
89560,0.9771129888138215
89561,0.977135864387221
89562,0.9771587170964792
89563,0.9771815469644487
89564,0.9772043540139594
89565,0.9772271382678186
89566,0.9772498997488103
89567,0.977272638479696
89568,0.9772953544832146
89569,0.977318047782082
89570,0.9773407183989914
89571,0.9773633663566136
89572,0.9773859916775964
89573,0.9774085943845654
89574,0.9774311745001231
89575,0.9774537320468496
89576,0.9774762670473025
89577,0.9774987795240169
89578,0.9775212694995051
89579,0.9775437369962573
89580,0.9775661820367408
89581,0.9775886046434008
89582,0.9776110048386598
89583,0.9776333826449181
89584,0.9776557380845533
89585,0.9776780711799211
89586,0.9777003819533545
89587,0.9777226704271642
89588,0.9777449366236388
89589,0.9777671805650445
89590,0.9777894022736252
89591,0.9778116017716026
89592,0.9778337790811763
89593,0.9778559342245234
89594,0.9778780672237993
89595,0.9779001781011368
89596,0.9779222668786469
89597,0.9779443335784184
89598,0.9779663782225179
89599,0.9779884008329901
89600,0.9780104014318577
89601,0.9780323800411213
89602,0.9780543366827593
89603,0.9780762713787285
89604,0.9780981841509637
89605,0.9781200750213775
89606,0.9781419440118609
89607,0.9781637911442829
89608,0.9781856164404905
89609,0.9782074199223091
89610,0.9782292016115421
89611,0.9782509615299714
89612,0.9782726996993567
89613,0.9782944161414363
89614,0.9783161108779266
89615,0.9783377839305224
89616,0.9783594353208966
89617,0.9783810650707009
89618,0.9784026732015647
89619,0.9784242597350964
89620,0.9784458246928824
89621,0.9784673680964877
89622,0.9784888899674558
89623,0.9785103903273084
89624,0.978531869197546
89625,0.9785533265996473
89626,0.9785747625550699
89627,0.9785961770852497
89628,0.9786175702116012
89629,0.9786389419555177
89630,0.9786602923383707
89631,0.9786816213815107
89632,0.9787029291062668
89633,0.9787242155339466
89634,0.9787454806858368
89635,0.9787667245832022
89636,0.978787947247287
89637,0.9778096484494386
89638,0.9778318277113582
89639,0.9778539848051
89640,0.9778761197528211
89641,0.9778982325766563
89642,0.9779203232987186
89643,0.9779423919410987
89644,0.9779644385258652
89645,0.9779864630750648
89646,0.9780084656107219
89647,0.978030446154839
89648,0.9780524047293969
89649,0.9780743413563541
89650,0.978096256057647
89651,0.9781181488551907
89652,0.9771405195210026
89653,0.9771633675774534
89654,0.977186192797266
89655,0.9772089952032658
89656,0.977231774818255
89657,0.9772545316650133
89658,0.9772772657662977
89659,0.9772999771448422
89660,0.977322665823358
89661,0.9773453318245341
89662,0.9773679751710364
89663,0.977390595885508
89664,0.97741319399057
89665,0.9764362692589453
89666,0.976459821213709
89667,0.976483349628288
89668,0.9765068545262108
89669,0.9765303359309822
89670,0.9765537938660837
89671,0.9765772283549731
89672,0.976600639421085
89673,0.9766240270878306
89674,0.9766473913785974
89675,0.9766707323167497
89676,0.9766940499256286
89677,0.9767173442285515
89678,0.9767406152488128
89679,0.9767638630096835
89680,0.9767870875344115
89681,0.9768102888462211
89682,0.9768334669683139
89683,0.9768566219238678
89684,0.9768797537360379
89685,0.9769028624279559
89686,0.9769259480227306
89687,0.9769490105434475
89688,0.9769720500131692
89689,0.9769950664549352
89690,0.9770180598917618
89691,0.9770410303466426
89692,0.977063977842548
89693,0.9770869024024255
89694,0.9771098040491997
89695,0.9771326828057721
89696,0.9771555386950217
89697,0.9771783717398043
89698,0.9772011819629529
89699,0.9772239693872778
89700,0.9772467340355664
89701,0.9772694759305833
89702,0.9772921950950705
89703,0.9773148915517471
89704,0.9773375653233096
89705,0.9773602164324318
89706,0.9773828449017646
89707,0.9774054507539368
89708,0.9774280340115541
89709,0.9774505946971997
89710,0.9774731328334344
89711,0.9774956484427962
89712,0.9775181415478009
89713,0.9775406121709416
89714,0.9775630603346888
89715,0.9775854860614906
89716,0.977607889373773
89717,0.9776302702939391
89718,0.97765262884437
89719,0.9776749650474241
89720,0.9776972789254377
89721,0.9777195705007246
89722,0.9777418397955764
89723,0.9777640868322625
89724,0.9777863116330298
89725,0.9778085142201032
89726,0.9778306946156853
89727,0.9778528528419564
89728,0.9778749889210749
89729,0.9778971028751768
89730,0.977919194726376
89731,0.9779412644967644
89732,0.9779633122084118
89733,0.977985337883366
89734,0.9780073415436524
89735,0.978029323211275
89736,0.9780512829082153
89737,0.978073220656433
89738,0.9780951364778658
89739,0.9781170303944297
89740,0.9781389024280184
89741,0.9781607526005042
89742,0.978182580933737
89743,0.9782043874495454
89744,0.9782261721697357
89745,0.9782479351160929
89746,0.9782696763103796
89747,0.9782913957743373
89748,0.9783130935296853
89749,0.9783347695981214
89750,0.9783564240013216
89751,0.9783780567609405
89752,0.9783996678986107
89753,0.9784212574359434
89754,0.9784428253945282
89755,0.9784643717959329
89756,0.9784858966617042
89757,0.9785074000133667
89758,0.9785288818724238
89759,0.9785503422603574
89760,0.978571781198628
89761,0.9785931987086743
89762,0.978614594811914
89763,0.9786359695297432
89764,0.9786573228835366
89765,0.9786786548946474
89766,0.978699965584408
89767,0.9787212549741287
89768,0.978742523085099
89769,0.9787637699385872
89770,0.97878499555584
89771,0.978806199958083
89772,0.9788273831665207
89773,0.9788485452023363
89774,0.9788696860866918
89775,0.9788908058407281
89776,0.978911904485565
89777,0.9789329820423011
89778,0.9789540385320139
89779,0.97897507397576
89780,0.9789960883945749
89781,0.9790170818094729
89782,0.9790380542414474
89783,0.979059005711471
89784,0.9790799362404949
89785,0.97910084584945
89786,0.9791217345592457
89787,0.9791426023907707
89788,0.9791634493648929
89789,0.9791842755024592
89790,0.9792050808242958
89791,0.979225865351208
89792,0.9792466291039804
89793,0.9792673721033768
89794,0.97928809437014
89795,0.9793087959249924
89796,0.9793294767886356
89797,0.9793501369817503
89798,0.9793707765249969
89799,0.9793913954390149
89800,0.9794119937444231
89801,0.97943257146182
89802,0.9794531286117831
89803,0.9794736652148698
89804,0.9794941812916166
89805,0.9795146768625395
89806,0.9795351519481341
89807,0.9795556065688756
89808,0.9795760407452185
89809,0.9795964544975971
89810,0.9796168478464251
89811,0.9796372208120958
89812,0.9796575734149823
89813,0.9796779056754371
89814,0.9796982176137925
89815,0.9797185092503604
89816,0.9797387806054325
89817,0.9797590316992801
89818,0.9797792625521544
89819,0.9797994731842862
89820,0.9798196636158861
89821,0.9788403336172695
89822,0.9788614827091063
89823,0.9788826106624205
89824,0.9789037174983402
89825,0.978924803237972
89826,0.9789458679024019
89827,0.9789669115126943
89828,0.978987934089893
89829,0.9790089356550206
89830,0.9790299162290785
89831,0.9790508758330475
89832,0.979071814487887
89833,0.9790927322145359
89834,0.9791136290339116
89835,0.9791345049669112
89836,0.9791553600344106
89837,0.9791761942572648
89838,0.978197507406433
89839,0.9782192990032281
89840,0.9782410688193168
89841,0.978262816876469
89842,0.9782845431964325
89843,0.9783062478009339
89844,0.9783279307116776
89845,0.9783495919503465
89846,0.9783712315386021
89847,0.9783928494980837
89848,0.9784144458504095
89849,0.9784360206171757
89850,0.9784575738199571
89851,0.978479105480307
89852,0.978500615619757
89853,0.9785221042598172
89854,0.9785435714219763
89855,0.9785650171277015
89856,0.9785864413984384
89857,0.9786078442556114
89858,0.9786292257206233
89859,0.9786505858148555
89860,0.9786719245596682
89861,0.9786932419764002
89862,0.9787145380863688
89863,0.9787358129108702
89864,0.9787570664711792
89865,0.9787782987885494
89866,0.978799509884213
89867,0.9788206997793812
89868,0.9788418684952439
89869,0.9788630160529698
89870,0.9788841424737065
89871,0.9789052477785803
89872,0.9789263319886967
89873,0.9789473951251398
89874,0.9789684372089728
89875,0.9789894582612376
89876,0.9790104583029555
89877,0.9790314373551264
89878,0.9790523954387295
89879,0.9790733325747227
89880,0.9790942487840434
89881,0.9791151440876076
89882,0.9791360185063106
89883,0.979156872061027
89884,0.9791777047726101
89885,0.9791985166618928
89886,0.979219307749687
89887,0.9792400780567838
89888,0.9792608276039535
89889,0.9792815564119456
89890,0.9793022645014888
89891,0.9793229518932914
89892,0.9793436186080408
89893,0.9793642646664036
89894,0.9783853898391508
89895,0.9784069936474076
89896,0.9784285758626525
89897,0.9774506362565929
89898,0.977473174351289
89899,0.9774956899191538
89900,0.9775181829827029
89901,0.9775406535644293
89902,0.9775631016868037
89903,0.9775855273722742
89904,0.9776079306432665
89905,0.9776303115221837
89906,0.9776526700314069
89907,0.9776750061932945
89908,0.9776973200301827
89909,0.9777196115643855
89910,0.9777418808181941
89911,0.9777641278138781
89912,0.9777863525736843
89913,0.9778085551198376
89914,0.9778307354745404
89915,0.9778528936599731
89916,0.977875029698294
89917,0.977897143611639
89918,0.9779192354221221
89919,0.9779413051518351
89920,0.9779633528228477
89921,0.9779853784572077
89922,0.9780073820769406
89923,0.9780293637040501
89924,0.9780513233605178
89925,0.9780732610683034
89926,0.9780951768493445
89927,0.9781170707255571
89928,0.9771394424689599
89929,0.9771622916019245
89930,0.9771851178971749
89931,0.9772079213775375
89932,0.9772307020658159
89933,0.9772534599847905
89934,0.9772761951572195
89935,0.977298907605838
89936,0.9773215973533584
89937,0.9773442644224706
89938,0.9773669088358414
89939,0.9773895306161154
89940,0.9774121297859144
89941,0.9774347063678376
89942,0.9774572603844615
89943,0.9774797918583401
89944,0.977502300812005
89945,0.977524787267965
89946,0.9775472512487067
89947,0.9775696927766939
89948,0.9775921118743683
89949,0.9776145085641491
89950,0.9776368828684329
89951,0.9776592348095938
89952,0.977681564409984
89953,0.9777038716919331
89954,0.9777261566777482
89955,0.9777484193897145
89956,0.9777706598500946
89957,0.977792878081129
89958,0.977815074105036
89959,0.9778372479440115
89960,0.9778593996202294
89961,0.9778815291558414
89962,0.977903636572977
89963,0.9779257218937436
89964,0.9779477851402266
89965,0.9779698263344893
89966,0.9779918454985728
89967,0.9780138426544962
89968,0.9780358178242569
89969,0.9780577710298298
89970,0.9780797022931683
89971,0.9781016116362037
89972,0.9771239988309701
89973,0.9771468633998547
89974,0.977169705115597
89975,0.9771925240010386
89976,0.9772153200789986
89977,0.977238093372273
89978,0.977260843903635
89979,0.9772835716958352
89980,0.9773062767716015
89981,0.9773289591536389
89982,0.9773516188646298
89983,0.9773742559272339
89984,0.9773968703640883
89985,0.9774194621978073
89986,0.9774420314509829
89987,0.9774645781461843
89988,0.9774871023059581
89989,0.9775096039528287
89990,0.9775320831092976
89991,0.977554539797844
89992,0.9775769740409246
89993,0.9775993858609736
89994,0.977621775280403
89995,0.9776441423216019
89996,0.9776664870069376
89997,0.9776888093587548
89998,0.9777111093993758
89999,0.9777333871511006
90000,0.977755642636207
90001,0.9777778758769504
90002,0.9778000868955642
90003,0.9778222757142593
90004,0.9778444423552245
90005,0.9778665868406266
90006,0.97788870919261
90007,0.977910809433297
90008,0.9779328875847879
90009,0.9779549436691609
90010,0.9779769777084721
90011,0.9779989897247555
90012,0.9780209797400231
90013,0.978042947776265
90014,0.9780648938554491
90015,0.9780868179995217
90016,0.9781087202304067
90017,0.9781306005700066
90018,0.9781524590402014
90019,0.9781742956628499
90020,0.9781961104597885
90021,0.9782179034528322
90022,0.9782396746637739
90023,0.9782614241143849
90024,0.9782831518264145
90025,0.9783048578215905
90026,0.9783265421216188
90027,0.978348204748184
90028,0.9783698457229484
90029,0.9783914650675531
90030,0.9784130628036175
90031,0.9784346389527393
90032,0.9784561935364947
90033,0.9784777265764383
90034,0.978499238094103
90035,0.9785207281110004
90036,0.9785421966486206
90037,0.9785636437284321
90038,0.9785850693718819
90039,0.9786064736003958
90040,0.9786278564353779
90041,0.978649217898211
90042,0.9786705580102568
90043,0.9786918767928553
90044,0.9787131742673252
90045,0.978734450454964
90046,0.978755705377048
90047,0.9787769390548321
90048,0.9787981515095499
90049,0.9788193427624139
90050,0.9788405128346154
90051,0.9788616617473244
90052,0.9788827895216898
90053,0.9789038961788395
90054,0.9789249817398802
90055,0.9789460462258973
90056,0.9789670896579554
90057,0.9789881120570979
90058,0.9790091134443472
90059,0.9790300938407046
90060,0.9790510532671507
90061,0.9790719917446448
90062,0.9790929092941254
90063,0.9791138059365101
90064,0.9791346816926955
90065,0.9791555365835574
90066,0.9791763706299506
90067,0.9791971838527093
90068,0.9792179762726466
90069,0.979238747910555
90070,0.9792594987872061
90071,0.9792802289233508
90072,0.9793009383397192
90073,0.9793216270570209
90074,0.9793422950959444
90075,0.9793629424771578
90076,0.9783840689714336
90077,0.978405674099898
90078,0.978427257634031
90079,0.9784488195954163
90080,0.9784703600056158
90081,0.97849187888617
90082,0.9785133762585976
90083,0.9785348521443961
90084,0.9785563065650413
90085,0.9785777395419878
90086,0.9785991510966685
90087,0.9786205412504949
90088,0.9786419100248572
90089,0.9786632574411243
90090,0.9786845835206434
90091,0.9787058882847407
90092,0.978727171754721
90093,0.9787484339518677
90094,0.978769674897443
90095,0.978790894612688
90096,0.9788120931188222
90097,0.9788332704370443
90098,0.9788544265885315
90099,0.97887556159444
90100,0.9788966754759049
90101,0.9789177682540399
90102,0.9789388399499379
90103,0.9789598905846706
90104,0.9789809201792886
90105,0.9790019287548216
90106,0.9790229163322781
90107,0.9790438829326457
90108,0.9790648285768909
90109,0.9790857532859595
90110,0.9791066570807762
90111,0.9791275399822447
90112,0.9791484020112479
90113,0.979169243188648
90114,0.979190063535286
90115,0.9792108630719824
90116,0.9792316418195366
90117,0.9792523997987275
90118,0.9792731370303129
90119,0.9792938535350303
90120,0.979314549333596
90121,0.9793352244467058
90122,0.979355878895035
90123,0.9793765126992379
90124,0.9793971258799483
90125,0.9794177184577795
90126,0.9794382904533239
90127,0.9794588418871536
90128,0.9794793727798201
90129,0.9794998831518543
90130,0.9795203730237665
90131,0.9795408424160466
90132,0.9795612913491639
90133,0.9795817198435676
90134,0.9796021279196859
90135,0.9796225155979271
90136,0.9786433826488038
90137,0.9786647285931828
90138,0.9786860532022851
90139,0.9787073564974352
90140,0.9787286384999365
90141,0.978749899231071
90142,0.9787711387120994
90143,0.9787923569642613
90144,0.9788135540087748
90145,0.978834729866837
90146,0.9788558845596237
90147,0.9788770181082898
90148,0.9788981305339686
90149,0.9789192218577727
90150,0.9789402921007934
90151,0.978961341284101
90152,0.9789823694287445
90153,0.9790033765557522
90154,0.9790243626861312
90155,0.9790453278408677
90156,0.9790662720409268
90157,0.9790871953072526
90158,0.9791080976607687
90159,0.9791289791223771
90160,0.9791498397129594
90161,0.9791706794533762
90162,0.9791914983644673
90163,0.9792122964670515
90164,0.979233073781927
90165,0.9792538303298711
90166,0.9792745661316403
90167,0.9792952812079705
90168,0.9793159755795767
90169,0.9793366492671534
90170,0.9793573022913741
90171,0.9793779346728919
90172,0.9793985464323393
90173,0.9784196373404529
90174,0.9784412069183235
90175,0.9784627549373957
90176,0.9784842814192174
90177,0.9785057863853152
90178,0.9785272698571938
90179,0.9785487318563371
90180,0.9785701724042067
90181,0.9785915915222435
90182,0.9786129892318665
90183,0.9786343655544733
90184,0.9786557205114403
90185,0.9786770541241225
90186,0.9786983664138535
90187,0.9787196574019457
90188,0.9787409271096899
90189,0.9787621755583559
90190,0.9787834027691921
90191,0.9788046087634258
90192,0.978825793562263
90193,0.9788469571868884
90194,0.9788680996584658
90195,0.9788892209981375
90196,0.9789103212270249
90197,0.9789314003662283
90198,0.9789524584368268
90199,0.9789734954598784
90200,0.9789945114564202
90201,0.9790155064474683
90202,0.9790364804540175
90203,0.979057433497042
90204,0.9790783655974947
90205,0.9790992767763078
90206,0.9791201670543924
90207,0.979141036452639
90208,0.9791618849919167
90209,0.9791827126930742
90210,0.9792035195769392
90211,0.9792243056643185
90212,0.9792450709759983
90213,0.9792658155327439
90214,0.9792865393553
90215,0.9793072424643902
90216,0.9793279248807176
90217,0.9793485866249648
90218,0.9793692277177934
90219,0.9793898481798446
90220,0.9794104480317388
90221,0.9794310272940759
90222,0.9794515859874352
90223,0.9794721241323753
90224,0.9794926417494344
90225,0.9795131388591302
90226,0.9795336154819596
90227,0.9795540716383995
90228,0.9795745073489058
90229,0.9795949226339145
90230,0.9796153175138406
90231,0.9796356920090791
90232,0.9796560461400046
90233,0.9796763799269711
90234,0.9796966933903124
90235,0.9797169865503421
90236,0.9797372594273532
90237,0.9797575120416188
90238,0.9797777444133913
90239,0.9797979565629031
90240,0.9798181485103665
90241,0.9798383202759734
90242,0.9798584718798955
90243,0.9798786033422844
90244,0.9798987146832716
90245,0.9799188059229685
90246,0.9799388770814663
90247,0.9799589281788361
90248,0.9799789592351291
90249,0.9799989702703764
90250,0.9800189613045889
90251,0.9800389323577577
90252,0.9800588834498539
90253,0.9800788146008286
90254,0.9800987258306129
90255,0.980118617159118
90256,0.9801384886062353
90257,0.9801583401918362
90258,0.9801781719357724
90259,0.9791984836080005
90260,0.9792192747288321
90261,0.9792400450689331
90262,0.9792607946490741
90263,0.9792815234900045
90264,0.9793022316124533
90265,0.9793229190371285
90266,0.9793435857847176
90267,0.9793642318758873
90268,0.9793848573312837
90269,0.9794054621715322
90270,0.9794260464172378
90271,0.9794466100889847
90272,0.9794671532073366
90273,0.9794876757928365
90274,0.9795081778660071
90275,0.9795286594473503
90276,0.979549120557348
90277,0.9795695612164611
90278,0.9795899814451303
90279,0.9796103812637759
90280,0.9796307606927975
90281,0.9796511197525748
90282,0.9796714584634668
90283,0.9796917768458122
90284,0.9797120749199293
90285,0.9797323527061162
90286,0.9797526102246509
90287,0.9797728474957906
90288,0.9797930645397729
90289,0.9798132613768146
90290,0.9798334380271126
90291,0.9798535945108436
90292,0.9798737308481641
90293,0.9798938470592105
90294,0.9799139431640987
90295,0.9799340191829252
90296,0.9799540751357658
90297,0.9789746107928016
90298,0.9789956256745679
90299,0.9790166195519546
90300,0.9790375924459557
90301,0.9790585443775439
90302,0.9790794753676713
90303,0.9791003854372687
90304,0.9791212746072465
90305,0.9791421428984937
90306,0.9791629903318785
90307,0.9791838169282484
90308,0.9792046227084301
90309,0.9792254076932293
90310,0.979246171903431
90311,0.9792669153597994
90312,0.979287638083078
90313,0.9793083400939894
90314,0.9793290214132357
90315,0.9793496820614984
90316,0.979370322059438
90317,0.9793909414276945
90318,0.9794115401868871
90319,0.9794321183576149
90320,0.9794526759604558
90321,0.9794732130159676
90322,0.9794937295446873
90323,0.9795142255671314
90324,0.9795347011037959
90325,0.9795551561751564
90326,0.979575590801668
90327,0.9795960050037653
90328,0.9796163988018625
90329,0.9796367722163534
90330,0.9796571252676114
90331,0.9796774579759896
90332,0.9796977703618207
90333,0.979718062445417
90334,0.9797383342470708
90335,0.9797585857870538
90336,0.9797788170856174
90337,0.9797990281629931
90338,0.979819219039392
90339,0.9798393897350047
90340,0.9788600400201272
90341,0.9788811694154094
90342,0.9789022776918558
90343,0.9789233648705745
90344,0.9789444309726529
90345,0.9789654760191571
90346,0.978986500031132
90347,0.9790075030296016
90348,0.979028485035569
90349,0.9790494460700162
90350,0.9790703861539043
90351,0.9790913053081732
90352,0.9791122035537423
90353,0.9791330809115096
90354,0.9791539374023527
90355,0.979174773047128
90356,0.979195587866671
90357,0.9792163818817968
90358,0.9792371551132992
90359,0.9792579075819516
90360,0.9792786393085064
90361,0.9792993503136953
90362,0.9793200406182293
90363,0.9793407102427988
90364,0.9793613592080733
90365,0.979381987534702
90366,0.979402595243313
90367,0.9794231823545141
90368,0.9794437488888924
90369,0.9794642948670145
90370,0.9794848203094263
90371,0.9795053252366532
90372,0.9795258096692003
90373,0.979546273627552
90374,0.9795667171321721
90375,0.9795871402035043
90376,0.9796075428619716
90377,0.9786284248781015
90378,0.9786497857727761
90379,0.9786711253172311
90380,0.978692443532806
90381,0.9787137404408193
90382,0.9787350160625675
90383,0.9787562704193266
90384,0.9787775035323507
90385,0.9787987154228731
90386,0.9788199061121057
90387,0.978841075621239
90388,0.9788622239714426
90389,0.9788833511838649
90390,0.9789044572796332
90391,0.9789255422798534
90392,0.9789466062056107
90393,0.9789676490779688
90394,0.9789886709179709
90395,0.9790096717466387
90396,0.9790306515849728
90397,0.9790516104539534
90398,0.9790725483745392
90399,0.9790934653676681
90400,0.9791143614542571
90401,0.9791352366552024
90402,0.9791560909913791
90403,0.9791769244836416
90404,0.9791977371528233
90405,0.979218529019737
90406,0.9792393001051746
90407,0.979260050429907
90408,0.9792807800146848
90409,0.9793014888802373
90410,0.9793221770472735
90411,0.9793428445364817
90412,0.9793634913685292
90413,0.9793841175640629
90414,0.979404723143709
90415,0.979425308128073
90416,0.9794458725377402
90417,0.9794664163932747
90418,0.9794869397152205
90419,0.9795074425241008
90420,0.9795279248404186
90421,0.979548386684656
90422,0.9795688280772751
90423,0.9795892490387171
90424,0.9796096495894031
90425,0.9796300297497336
90426,0.9796503895400887
90427,0.9796707289808282
90428,0.9796910480922916
90429,0.979711346894798
90430,0.9797316254086462
90431,0.9797518836541148
90432,0.979772121651462
90433,0.9797923394209258
90434,0.979812536982724
90435,0.9798327143570541
90436,0.9788533713142185
90437,0.9788745073748739
90438,0.9788956223100315
90439,0.978916716140806
90440,0.9789377888882914
90441,0.9789588405735605
90442,0.9789798712176649
90443,0.9790008808416353
90444,0.9790218694664812
90445,0.9790428371131913
90446,0.9790637838027333
90447,0.9790847095560539
90448,0.9791056143940788
90449,0.9791264983377129
90450,0.9791473614078402
90451,0.9791682036253236
90452,0.9791890250110055
90453,0.9792098255857071
90454,0.9792306053702292
90455,0.9792513643853514
90456,0.9792721026518328
90457,0.9792928201904118
90458,0.9793135170218057
90459,0.9793341931667114
90460,0.9793548486458051
90461,0.9793754834797423
90462,0.9793960976891579
90463,0.979416691294666
90464,0.9794372643168603
90465,0.9794578167763137
90466,0.9794783486935787
90467,0.9794988600891874
90468,0.979519350983651
90469,0.9795398213974604
90470,0.9795602713510861
90471,0.9795807008649781
90472,0.9796011099595658
90473,0.9796214986552584
90474,0.9796418669724445
90475,0.9796622149314925
90476,0.9796825425527504
90477,0.9797028498565458
90478,0.9797231368631859
90479,0.9797434035929579
90480,0.9797636500661283
90481,0.9797838763029437
90482,0.9798040823236305
90483,0.9798242681483945
90484,0.9798444337974216
90485,0.9798645792908774
90486,0.9798847046489075
90487,0.9799048098916373
90488,0.9799248950391719
90489,0.9799449601115965
90490,0.9799650051289762
90491,0.9799850301113561
90492,0.980005035078761
90493,0.9800250200511961
90494,0.9800449850486461
90495,0.9800649300910763
90496,0.9800848551984316
90497,0.9801047603906371
90498,0.9801246456875979
90499,0.9801445111091995
90500,0.9801643566753073
90501,0.9801841824057668
90502,0.9802039883204037
90503,0.980223774439024
90504,0.9802435407814137
90505,0.9802632873673394
90506,0.9802830142165474
90507,0.9803027213487647
90508,0.9803224087836985
90509,0.9803420765410361
90510,0.9803617246404454
90511,0.9803813531015744
90512,0.9804009619440516
90513,0.9804205511874858
90514,0.9804401208514664
90515,0.9804596709555629
90516,0.9804792015193254
90517,0.9804987125622846
90518,0.9805182041039515
90519,0.9805376761638176
90520,0.980557128761355
90521,0.9805765619160164
90522,0.9805959756472348
90523,0.9806153699744239
90524,0.9806347449169782
90525,0.9806541004942726
90526,0.9806734367256627
90527,0.9806927536304846
90528,0.9807120512280553
90529,0.9807313295376724
90530,0.9807505885786143
90531,0.9807698283701399
90532,0.9807890489314891
90533,0.9808082502818825
90534,0.9808274324405213
90535,0.9808465954265877
90536,0.9808657392592448
90537,0.9808848639576364
90538,0.9809039695408871
90539,0.9809230560281026
90540,0.9809421234383694
90541,0.9809611717907548
90542,0.9809802011043073
90543,0.9809992113980561
90544,0.9810182026910116
90545,0.981037175002165
90546,0.9810561283504887
90547,0.9810750627549361
90548,0.9810939782344413
90549,0.9811128748079202
90550,0.9811317524942691
90551,0.9811506113123658
90552,0.9811694512810691
90553,0.981188272419219
90554,0.9812070747456366
90555,0.9812258582791242
90556,0.9812446230384654
90557,0.981263369042425
90558,0.9812820963097488
90559,0.9813008048591644
90560,0.9813194947093801
90561,0.9813381658790858
90562,0.9813568183869529
90563,0.9813754522516336
90564,0.9813940674917618
90565,0.981412664125953
90566,0.9814312421728035
90567,0.9814498016508917
90568,0.9814683425787768
90569,0.9814868649749999
90570,0.9815053688580834
90571,0.9815238542465311
90572,0.9815423211588284
90573,0.9815607696134423
90574,0.9815791996288211
90575,0.9815976112233951
90576,0.9816160044155756
90577,0.981634379223756
90578,0.9806532354164359
90579,0.9806725725124714
90580,0.9796923900311996
90581,0.9797126874924378
90582,0.9797329646663584
90583,0.9797532215732386
90584,0.9797734582333354
90585,0.9797936746668853
90586,0.9798138708941048
90587,0.9798340469351902
90588,0.9798542028103174
90589,0.9798743385396425
90590,0.979894454143301
90591,0.9799145496414087
90592,0.9799346250540609
90593,0.9799546804013333
90594,0.979974715703281
90595,0.9799947309799394
90596,0.9800147262513238
90597,0.9800347015374294
90598,0.9800546568582316
90599,0.9800745922336856
90600,0.980094507683727
90601,0.9801144032282709
90602,0.9801342788872132
90603,0.9801541346804293
90604,0.9801739706277752
90605,0.9801937867490867
90606,0.9802135830641802
90607,0.9802333595928516
90608,0.9802531163548778
90609,0.9802728533700154
90610,0.9802925706580013
90611,0.9803122682385531
90612,0.9803319461313681
90613,0.9803516043561243
90614,0.98037124293248
90615,0.9803908618800737
90616,0.9804104612185245
90617,0.9804300409674315
90618,0.9804496011463746
90619,0.980469141774914
90620,0.9804886628725902
90621,0.9805081644589244
90622,0.9805276465534183
90623,0.9805471091755538
90624,0.9805665523447936
90625,0.980585976080581
90626,0.9806053804023395
90627,0.9806247653294735
90628,0.980644130881368
90629,0.9806634770773887
90630,0.9806828039368816
90631,0.9807021114791735
90632,0.9807213997235722
90633,0.9807406686893657
90634,0.9807599183958231
90635,0.9807791488621941
90636,0.9807983601077092
90637,0.9808175521515795
90638,0.9808367250129972
90639,0.9808558787111352
90640,0.980875013265147
90641,0.9808941286941674
90642,0.9809132250173116
90643,0.9809323022536761
90644,0.9809513604223381
90645,0.9809703995423558
90646,0.9809894196327682
90647,0.9810084207125955
90648,0.9810274028008388
90649,0.9810463659164801
90650,0.9810653100784826
90651,0.9810842353057905
90652,0.9811031416173289
90653,0.9811220290320043
90654,0.9811408975687039
90655,0.9811597472462964
90656,0.9811785780836314
90657,0.9811973900995398
90658,0.9812161833128336
90659,0.981234957742306
90660,0.9812537134067314
90661,0.9812724503248657
90662,0.9812911685154455
90663,0.9813098679971892
90664,0.9813285487887963
90665,0.9813472109089474
90666,0.9813658543763047
90667,0.9813844792095119
90668,0.9814030854271936
90669,0.981421673047956
90670,0.9814402420903868
90671,0.9814587925730551
90672,0.9814773245145113
90673,0.9814958379332874
90674,0.9815143328478968
90675,0.9815328092768344
90676,0.9815512672385767
90677,0.9815697067515816
90678,0.9815881278342887
90679,0.981606530505119
90680,0.9816249147824753
90681,0.9816432806847416
90682,0.9816616282302841
90683,0.9816799574374503
90684,0.9816982683245693
90685,0.9817165609099521
90686,0.9817348352118912
90687,0.981753091248661
90688,0.9817713290385174
90689,0.9817895485996982
90690,0.9818077499504232
90691,0.9818259331088935
90692,0.9818440980932924
90693,0.9818622449217849
90694,0.9818803736125177
90695,0.9818984841836196
90696,0.9819165766532012
90697,0.981934651039355
90698,0.9819527073601552
90699,0.9819707456336583
90700,0.9819887658779025
90701,0.9820067681109081
90702,0.9820247523506773
90703,0.9820427186151944
90704,0.9820606669224257
90705,0.9820785972903193
90706,0.9820965097368057
90707,0.9821144042797975
90708,0.982132280937189
90709,0.9821501397268569
90710,0.9821679806666602
90711,0.9821858037744396
90712,0.9822036090680184
90713,0.9822213965652018
90714,0.9822391662837773
90715,0.9822569182415146
90716,0.9822746524561657
90717,0.9822923689454649
90718,0.9823100677271286
90719,0.9823277488188557
90720,0.982345412238327
90721,0.9823630580032063
90722,0.9823806861311392
90723,0.9823982966397538
90724,0.9824158895466606
90725,0.9824334648694525
90726,0.9824510226257049
90727,0.9824685628329756
90728,0.9824860855088047
90729,0.9825035906707149
90730,0.9825210783362115
90731,0.982538548522782
90732,0.9825560012478967
90733,0.9825734365290082
90734,0.9825908543835519
90735,0.9826082548289456
90736,0.9826256378825898
90737,0.9826430035618676
90738,0.9826603518841446
90739,0.9816781826168941
90740,0.9816964952779467
90741,0.98171478963549
90742,0.9817330657078183
90743,0.9817513235132077
90744,0.9817695630699161
90745,0.9817877843961831
90746,0.9818059875102298
90747,0.9818241724302597
90748,0.9818423391744573
90749,0.9818604877609896
90750,0.981878618208005
90751,0.9818967305336342
90752,0.9819148247559895
90753,0.9819329008931649
90754,0.9819509589632367
90755,0.9819689989842629
90756,0.9819870209742837
90757,0.9820050249513209
90758,0.9820230109333785
90759,0.9820409789384426
90760,0.9820589289844811
90761,0.9820768610894441
90762,0.9820947752712638
90763,0.9821126715478542
90764,0.9821305499371117
90765,0.9821484104569147
90766,0.9821662531251237
90767,0.9821840779595814
90768,0.9822018849781126
90769,0.9822196741985243
90770,0.9822374456386057
90771,0.9822551993161284
90772,0.9822729352488458
90773,0.9812911532046191
90774,0.9813098527016659
90775,0.9813285335085609
90776,0.9813471956439845
90777,0.9813658391265992
90778,0.9813844639750484
90779,0.9814030702079569
90780,0.9804221575940559
90781,0.9804417256524327
90782,0.9804612741525303
90783,0.9804808031138971
90784,0.9805003125560621
90785,0.9805198024985348
90786,0.9805392729608051
90787,0.9805587239623436
90788,0.9805781555226011
90789,0.9805975676610093
90790,0.9806169603969802
90791,0.9806363337499068
90792,0.9796561874892872
90793,0.979676521134975
90794,0.9796968344571789
90795,0.9797171274762122
90796,0.9797374002123679
90797,0.9797576526859187
90798,0.9797778849171173
90799,0.9797980969261956
90800,0.9798182887333657
90801,0.9798384603588196
90802,0.9798586118227288
90803,0.9798787431452448
90804,0.9798988543464989
90805,0.9799189454466024
90806,0.9799390164656463
90807,0.9799590674237016
90808,0.9799790983408194
90809,0.9799991092370305
90810,0.9800191001323458
90811,0.9800390710467562
90812,0.9800590220002328
90813,0.9800789530127263
90814,0.9800988641041678
90815,0.9801187552944685
90816,0.9801386266035195
90817,0.9801584780511922
90818,0.9801783096573379
90819,0.9801981214417883
90820,0.9802179134243553
90821,0.9802376856248307
90822,0.9802574380629868
90823,0.980277170758576
90824,0.9802968837313311
90825,0.9803165770009649
90826,0.9803362505871708
90827,0.9803559045096224
90828,0.9803755387879736
90829,0.9803951534418587
90830,0.9804147484908923
90831,0.9804343239546695
90832,0.9804538798527658
90833,0.980473416204737
90834,0.9804929330301196
90835,0.9805124303484304
90836,0.9805319081791666
90837,0.9805513665418061
90838,0.9805708054558073
90839,0.9805902249406091
90840,0.980609625015631
90841,0.980629005700273
90842,0.9806483670139159
90843,0.9806677089759209
90844,0.9806870316056302
90845,0.9807063349223663
90846,0.9807256189454323
90847,0.9807448836941125
90848,0.9807641291876716
90849,0.9807833554453551
90850,0.9808025624863892
90851,0.980821750329981
90852,0.9808409189953183
90853,0.9808600685015699
90854,0.9808791988678852
90855,0.9808983101133946
90856,0.9809174022572092
90857,0.9809364753184214
90858,0.9809555293161042
90859,0.9809745642693115
90860,0.9809935801970783
90861,0.9810125771184205
90862,0.9810315550523351
90863,0.9810505140178
90864,0.9810694540337742
90865,0.9810883751191978
90866,0.9811072772929916
90867,0.9811261605740581
90868,0.9811450249812804
90869,0.981163870533523
90870,0.9811826972496315
90871,0.9812015051484324
90872,0.9812202942487338
90873,0.9812390645693247
90874,0.9812578161289756
90875,0.9812765489464379
90876,0.9812952630404445
90877,0.9813139584297094
90878,0.981332635132928
90879,0.9813512931687771
90880,0.9813699325559148
90881,0.9813885533129804
90882,0.9814071554585946
90883,0.9814257390113597
90884,0.981444303989859
90885,0.9814628504126578
90886,0.9814813782983023
90887,0.9814998876653205
90888,0.9815183785322217
90889,0.9815368509174969
90890,0.9815553048396183
90891,0.9815737403170399
90892,0.9815921573681973
90893,0.9816105560115074
90894,0.981628936265369
90895,0.9816472981481622
90896,0.981665641678249
90897,0.9816839668739729
90898,0.981702273753659
90899,0.9817205623356144
90900,0.9817388326381276
90901,0.9817570846794688
90902,0.9817753184778901
90903,0.9817935340516254
90904,0.9818117314188901
90905,0.9818299105978817
90906,0.9818480716067793
90907,0.9818662144637441
90908,0.9818843391869188
90909,0.9819024457944281
90910,0.9819205343043786
90911,0.981938604734859
90912,0.9819566571039396
90913,0.9819746914296729
90914,0.981992707730093
90915,0.9820107060232163
90916,0.9820286863270411
90917,0.9820466486595478
90918,0.9820645930386988
90919,0.9820825194824382
90920,0.9821004280086926
90921,0.9821183186353706
90922,0.9821361913803627
90923,0.9821540462615417
90924,0.9821718832967625
90925,0.9821897025038622
90926,0.9822075039006599
90927,0.981225787255082
90928,0.9812445520854117
90929,0.9812632981602889
90930,0.9812820254984596
90931,0.981300734118651
90932,0.981319424039572
90933,0.9813380952799122
90934,0.9813567478583431
90935,0.9813753817935172
90936,0.9813939971040685
90937,0.9814125938086121
90938,0.9814311719257449
90939,0.981449731474045
90940,0.9814682724720719
90941,0.9814867949383667
90942,0.9815052988914518
90943,0.9815237843498311
90944,0.9815422513319902
90945,0.981560699856396
90946,0.9815791299414971
90947,0.9815975416057234
90948,0.9816159348674869
90949,0.9816343097451805
90950,0.9816526662571793
90951,0.9816710044218397
90952,0.9816893242575001
90953,0.9817076257824802
90954,0.9817259090150814
90955,0.981744173973587
90956,0.9817624206762621
90957,0.9817806491413532
90958,0.981798859387089
90959,0.9818170514316796
90960,0.9818352252933171
90961,0.9818533809901754
90962,0.9818715185404101
90963,0.9818896379621588
90964,0.9819077392735409
90965,0.9819258224926578
90966,0.9819438876375927
90967,0.9819619347264107
90968,0.9819799637771589
90969,0.9819979748078664
90970,0.9820159678365442
90971,0.9820339428811854
90972,0.9820518999597649
90973,0.9820698390902399
90974,0.9820877602905496
90975,0.982105663578615
90976,0.9821235489723394
90977,0.9821414164896085
90978,0.9821592661482895
90979,0.9821770979662323
90980,0.9821949119612685
90981,0.9822127081512123
90982,0.9822304865538598
90983,0.9822482471869893
90984,0.9822659900683617
90985,0.9822837152157197
90986,0.9823014226467884
90987,0.9823191123792754
90988,0.9823367844308704
90989,0.9823544388192453
90990,0.9823720755620546
90991,0.9823896946769352
90992,0.9824072961815059
90993,0.9824248800933685
90994,0.9824424464301067
90995,0.982459995209287
90996,0.981478026198583
90997,0.9814965389160257
90998,0.9815150331300028
90999,0.9815335088590083
91000,0.981551966121518
91001,0.9815704049359892
91002,0.9805893250709857
91003,0.9806087260454275
91004,0.9806281076285904
91005,0.9806474698398562
91006,0.9806668126985869
91007,0.9806861362241256
91008,0.9807054404357957
91009,0.9807247253529013
91010,0.9807439909947275
91011,0.9807632373805399
91012,0.9807824645295848
91013,0.9808016724610895
91014,0.9808208611942618
91015,0.9808400307482905
91016,0.9808591811423452
91017,0.9808783123955762
91018,0.9808974245271148
91019,0.9809165175560732
91020,0.9809355915015444
91021,0.9809546463826023
91022,0.9809736822183018
91023,0.9809926990276788
91024,0.9810116968297501
91025,0.9810306756435134
91026,0.9810496354879477
91027,0.9810685763820127
91028,0.9810874983446494
91029,0.9811064013947797
91030,0.9811252855513066
91031,0.9811441508331145
91032,0.9811629972590684
91033,0.9811818248480149
91034,0.9812006336187815
91035,0.981219423590177
91036,0.9812381947809914
91037,0.9812569472099959
91038,0.981275680895943
91039,0.9812943958575662
91040,0.9813130921135806
91041,0.9813317696826825
91042,0.9813504285835494
91043,0.9813690688348402
91044,0.9813876904551951
91045,0.9814062934632359
91046,0.9814248778775655
91047,0.9814434437167683
91048,0.9814619909994102
91049,0.9814805197440385
91050,0.9814990299691819
91051,0.9815175216933506
91052,0.9815359949350364
91053,0.9815544497127126
91054,0.9815728860448337
91055,0.9815913039498364
91056,0.9816097034461384
91057,0.9816280845521392
91058,0.9816464472862201
91059,0.9816647916667436
91060,0.9816831177120542
91061,0.9817014254404779
91062,0.9817197148703225
91063,0.9817379860198774
91064,0.9817562389074137
91065,0.9817744735511844
91066,0.9817926899694241
91067,0.9818108881803492
91068,0.981829068202158
91069,0.9818472300530304
91070,0.9818653737511284
91071,0.9818834993145955
91072,0.9819016067615575
91073,0.9819196961101216
91074,0.9819377673783773
91075,0.981955820584396
91076,0.9819738557462308
91077,0.9819918728819167
91078,0.982009872009471
91079,0.9820278531468928
91080,0.9820458163121633
91081,0.9820637615232456
91082,0.9820816887980849
91083,0.9820995981546086
91084,0.9821174896107259
91085,0.9821353631843284
91086,0.9821532188932895
91087,0.9821710567554651
91088,0.982188876788693
91089,0.9822066790107933
91090,0.9822244634395682
91091,0.982242230092802
91092,0.9822599789882615
91093,0.9822777101436955
91094,0.9822954235768352
91095,0.9823131193053941
91096,0.9823307973470679
91097,0.9823484577195345
91098,0.9823661004404545
91099,0.9823837255274706
91100,0.9824013329982078
91101,0.9814194226203985
91102,0.9814379939121323
91103,0.9814565466418552
91104,0.9814750808281202
91105,0.9814935964894614
91106,0.9815120936443945
91107,0.9815305723114166
91108,0.9815490325090064
91109,0.9815674742556241
91110,0.9815858975697114
91111,0.9816043024696917
91112,0.9816226889739699
91113,0.9816410571009324
91114,0.9816594068689475
91115,0.9816777382963648
91116,0.981696051401516
91117,0.9817143462027138
91118,0.9817326227182533
91119,0.981750880966411
91120,0.9817691209654451
91121,0.9817873427335956
91122,0.9818055462890842
91123,0.9818237316501146
91124,0.9818418988348722
91125,0.9818600478615239
91126,0.980878678498344
91127,0.9808977902639628
91128,0.9809168829273672
91129,0.9809359565076498
91130,0.9809550110238839
91131,0.9809740464951244
91132,0.9809930629404067
91133,0.9810120603787471
91134,0.9810310388291431
91135,0.9810499983105733
91136,0.981068938841997
91137,0.9810878604423547
91138,0.9811067631305683
91139,0.9811256469255403
91140,0.9811445118461545
91141,0.9811633579112757
91142,0.9811821851397502
91143,0.9812009935504051
91144,0.9812197831620489
91145,0.9802390537435961
91146,0.9802588048143172
91147,0.9802785361438381
91148,0.9802982477518902
91149,0.9803179396581851
91150,0.9803376118824149
91151,0.9803572644442515
91152,0.9803768973633478
91153,0.9803965106593364
91154,0.9804161043518308
91155,0.9804356784604247
91156,0.9804552330046921
91157,0.9804747680041876
91158,0.9804942834784464
91159,0.9805137794469836
91160,0.9805332559292954
91161,0.9805527129448584
91162,0.9805721505131294
91163,0.980591568653546
91164,0.9806109673855264
91165,0.9806303467284695
91166,0.9806497067017543
91167,0.980669047324741
91168,0.9806883686167702
91169,0.9807076705971632
91170,0.9807269532852221
91171,0.9807462167002293
91172,0.9807654608614484
91173,0.9807846857881236
91174,0.9808038914994798
91175,0.9808230780147227
91176,0.9808422453530388
91177,0.9808613935335955
91178,0.9808805225755409
91179,0.9808996324980042
91180,0.9809187233200951
91181,0.9809377950609046
91182,0.9809568477395044
91183,0.9809758813749472
91184,0.9809948959862665
91185,0.9810138915924772
91186,0.9810328682125746
91187,0.9810518258655355
91188,0.9810707645703176
91189,0.9810896843458595
91190,0.981108585211081
91191,0.9811274671848831
91192,0.9811463302861476
91193,0.9811651745337376
91194,0.9811839999464975
91195,0.9812028065432526
91196,0.9812215943428096
91197,0.9812403633639563
91198,0.9812591136254616
91199,0.9812778451460759
91200,0.9812965579445305
91201,0.9813152520395385
91202,0.9813339274497939
91203,0.981352584193972
91204,0.9813712222907296
91205,0.9813898417587049
91206,0.9814084426165173
91207,0.9814270248827677
91208,0.9814455885760383
91209,0.9814641337148928
91210,0.9814826603178765
91211,0.9815011684035158
91212,0.9815196579903188
91213,0.9815381290967753
91214,0.9815565817413562
91215,0.9815750159425143
91216,0.9815934317186837
91217,0.9816118290882803
91218,0.9816302080697012
91219,0.9816485686813258
91220,0.9816669109415144
91221,0.9816852348686093
91222,0.9817035404809344
91223,0.9817218277967956
91224,0.9817400968344799
91225,0.9817583476122566
91226,0.9817765801483762
91227,0.9817947944610715
91228,0.9818129905685568
91229,0.981831168489028
91230,0.9818493282406631
91231,0.9818674698416219
91232,0.981885593310046
91233,0.9819036986640589
91234,0.981921785921766
91235,0.9819398551012546
91236,0.9819579062205936
91237,0.9819759392978344
91238,0.98199395435101
91239,0.9820119513981355
91240,0.9820299304572078
91241,0.9820478915462061
91242,0.9820658346830914
91243,0.982083759885807
91244,0.982101667172278
91245,0.9821195565604116
91246,0.9821374280680973
91247,0.9821552817132067
91248,0.9821731175135933
91249,0.9821909354870929
91250,0.9822087356515236
91251,0.9822265180246854
91252,0.9822442826243609
91253,0.9822620294683145
91254,0.9822797585742933
91255,0.9822974699600261
91256,0.9823151636432245
91257,0.982332839641582
91258,0.9823504979727748
91259,0.9823681386544613
91260,0.9823857617042819
91261,0.9824033671398599
91262,0.9824209549788006
91263,0.9824385252386918
91264,0.9824560779371039
91265,0.9824736130915895
91266,0.9824911307196839
91267,0.9825086308389046
91268,0.9825261134667518
91269,0.9825435786207081
91270,0.9825610263182386
91271,0.9825784565767911
91272,0.9825958694137958
91273,0.9826132648466656
91274,0.9826306428927958
91275,0.9826480035695646
91276,0.9826653468943327
91277,0.9826826728844433
91278,0.9826999815572225
91279,0.9827172729299789
91280,0.982734547020004
91281,0.9827518038445716
91282,0.9827690434209388
91283,0.9827862657663452
91284,0.982803470898013
91285,0.9828206588331474
91286,0.9828378295889364
91287,0.9828549831825506
91288,0.9828721196311437
91289,0.9828892389518522
91290,0.9829063411617954
91291,0.9829234262780755
91292,0.9829404943177775
91293,0.9829575452979696
91294,0.9829745792357028
91295,0.9829915961480109
91296,0.9830085960519109
91297,0.9830255789644028
91298,0.9830425449024693
91299,0.9830594938830766
91300,0.9830764259231735
91301,0.983093341039692
91302,0.9831102392495474
91303,0.9831271205696378
91304,0.9831439850168445
91305,0.9831608326080321
91306,0.9831776633600481
91307,0.9831944772897232
91308,0.9832112744138714
91309,0.9832280547492898
91310,0.9832448183127588
91311,0.9832615651210419
91312,0.9832782951908859
91313,0.983295008539021
91314,0.9833117051821604
91315,0.9833283851370008
91316,0.9833450484202222
91317,0.9833616950484878
91318,0.9833783250384444
91319,0.9833949384067218
91320,0.9834115351699334
91321,0.9834281153446761
91322,0.98344467894753
91323,0.9834612259950587
91324,0.9834777565038093
91325,0.9834942704903122
91326,0.9835107679710815
91327,0.9835272489626147
91328,0.9835437134813927
91329,0.98356016154388
91330,0.9835765931665248
91331,0.9835930083657587
91332,0.9836094071579968
91333,0.983625789559638
91334,0.9836421555870646
91335,0.9836585052566428
91336,0.983674838584722
91337,0.9836911555876359
91338,0.9837074562817012
91339,0.9837237406832188
91340,0.9837400088084729
91341,0.9837562606737318
91342,0.9837724962952473
91343,0.9837887156892551
91344,0.9838049188719744
91345,0.9838211058596086
91346,0.9838372766683446
91347,0.9838534313143533
91348,0.9838695698137893
91349,0.983885692182791
91350,0.9839017984374808
91351,0.9839178885939651
91352,0.983933962668334
91353,0.9839500206766615
91354,0.9839660626350056
91355,0.9839820885594084
91356,0.9839980984658957
91357,0.9840140923704775
91358,0.9840300702891477
91359,0.9840460322378841
91360,0.9840619782326488
91361,0.9840779082893878
91362,0.9840938224240311
91363,0.9841097206524928
91364,0.9841256029906712
91365,0.9841414694544487
91366,0.9841573200596916
91367,0.9841731548222507
91368,0.9841889737579606
91369,0.9842047768826403
91370,0.9842205642120929
91371,0.9842363357621058
91372,0.9842520915484505
91373,0.9842678315868828
91374,0.9842835558931428
91375,0.9842992644829547
91376,0.9843149573720272
91377,0.9843306345760532
91378,0.9843462961107098
91379,0.9843619419916586
91380,0.9843775722345455
91381,0.9843931868550007
91382,0.9844087858686389
91383,0.984424369291059
91384,0.9844399371378446
91385,0.9844554894245634
91386,0.9844710261667677
91387,0.9844865473799943
91388,0.9845020530797645
91389,0.9845175432815838
91390,0.9845330180009425
91391,0.9845484772533154
91392,0.9845639210541617
91393,0.9845793494189251
91394,0.9845947623630341
91395,0.9846101599019016
91396,0.9846255420509252
91397,0.984640908825487
91398,0.9846562602409539
91399,0.9846715963126771
91400,0.9846869170559928
91401,0.9847022224862216
91402,0.9847175126186692
91403,0.9847327874686256
91404,0.9847480470513655
91405,0.9847632913821488
91406,0.9847785204762196
91407,0.9847937343488071
91408,0.9848089330151252
91409,0.9848241164903724
91410,0.9848392847897324
91411,0.9848544379283733
91412,0.9848695759214484
91413,0.9848846987840957
91414,0.9848998065314379
91415,0.9849148991785829
91416,0.9849299767406233
91417,0.9849450392326367
91418,0.9849600866696855
91419,0.9849751190668172
91420,0.9849901364390643
91421,0.985005138801444
91422,0.9850201261689588
91423,0.9850350985565961
91424,0.9850500559793282
91425,0.9850649984521125
91426,0.9850799259898915
91427,0.9850948386075927
91428,0.9851097363201289
91429,0.9851246191423976
91430,0.9851394870892818
91431,0.9851543401756493
91432,0.9851691784163533
91433,0.985184001826232
91434,0.9851988104201088
91435,0.9852136042127924
91436,0.9852283832190765
91437,0.9852431474537401
91438,0.9852578969315474
91439,0.985272631667248
91440,0.9852873516755766
91441,0.9853020569712532
91442,0.985316747568983
91443,0.9853314234834568
91444,0.9853460847293504
91445,0.9853607313213251
91446,0.9853753632740274
91447,0.9853899806020894
91448,0.9854045833201283
91449,0.9854191714427468
91450,0.9854337449845332
91451,0.9854483039600609
91452,0.9854628483838889
91453,0.9854773782705616
91454,0.985491893634609
91455,0.9855063944905464
91456,0.9855208808528747
91457,0.9855353527360802
91458,0.9855498101546348
91459,0.985564253122996
91460,0.9855786816556067
91461,0.9855930957668955
91462,0.9846079952214013
91463,0.9846233795340236
91464,0.9846387484700215
91465,0.9846541020447641
91466,0.9846694402736049
91467,0.9836852629220071
91468,0.9837015695057932
91469,0.9837178597911448
91470,0.983734133794352
91471,0.983750391531689
91472,0.9837666330194135
91473,0.9837828582737669
91474,0.9837990673109746
91475,0.9838152601472454
91476,0.9838314367987724
91477,0.9838475972817321
91478,0.9838637416122851
91479,0.9838798698065756
91480,0.9828964816308569
91481,0.9829135766017405
91482,0.9829306544861965
91483,0.9829477153013028
91484,0.9829647590641201
91485,0.9829817857916922
91486,0.9829987955010457
91487,0.9830157882091907
91488,0.9830327639331196
91489,0.9830497226898081
91490,0.983066664496215
91491,0.9830835893692823
91492,0.9821009970760597
91493,0.9821188871339547
91494,0.9821367593107323
91495,0.9821546136242648
91496,0.9821724500924065
91497,0.9821902687329938
91498,0.9822080695638453
91499,0.982225852602762
91500,0.9822436178675268
91501,0.982261365375905
91502,0.9822790951456443
91503,0.9822968071944742
91504,0.9823145015401069
91505,0.9823321782002368
91506,0.9823498371925404
91507,0.9823674785346769
91508,0.9823851022442874
91509,0.9824027083389958
91510,0.9824202968364081
91511,0.9824378677541128
91512,0.9824554211096809
91513,0.9824729569206657
91514,0.9824904752046031
91515,0.9825079759790113
91516,0.9825254592613911
91517,0.9825429250692258
91518,0.9825603734199811
91519,0.9825778043311056
91520,0.9825952178200301
91521,0.982612613904168
91522,0.9826299926009154
91523,0.9826473539276511
91524,0.9826646979017364
91525,0.9826820245405152
91526,0.9826993338613144
91527,0.9827166258814429
91528,0.9827339006181931
91529,0.9827511580888396
91530,0.9827683983106399
91531,0.9827856213008341
91532,0.9828028270766453
91533,0.9828200156552794
91534,0.9828371870539249
91535,0.982854341289753
91536,0.9828714783799182
91537,0.9828885983415574
91538,0.9829057011917908
91539,0.9829227869477211
91540,0.9829398556264339
91541,0.9829569072449982
91542,0.9819744415705904
91543,0.9819924581207448
91544,0.9820104566633527
91545,0.9820284372164129
91546,0.9820463997979058
91547,0.9820643444257939
91548,0.982082271118022
91549,0.9821001798925167
91550,0.9821180707671869
91551,0.9821359437599234
91552,0.9821537988885991
91553,0.9821716361710693
91554,0.9811899553752961
91555,0.9812087560195987
91556,0.9812275378726526
91557,0.9812463009532396
91558,0.9812650452801229
91559,0.9812837708720469
91560,0.9813024777477369
91561,0.9813211659259001
91562,0.9813398354252245
91563,0.9813584862643797
91564,0.9813771184620165
91565,0.9813957320367671
91566,0.9814143270072451
91567,0.9814329033920455
91568,0.9814514612097446
91569,0.9814700004789002
91570,0.9814885212180517
91571,0.9815070234457198
91572,0.9815255071804068
91573,0.9815439724405962
91574,0.9815624192447535
91575,0.9815808476113255
91576,0.9815992575587404
91577,0.9816176491054084
91578,0.9816360222697208
91579,0.9816543770700509
91580,0.9806732132748784
91581,0.9806925304030395
91582,0.9807118282237262
91583,0.9807311067562362
91584,0.9807503660198481
91585,0.9807696060338212
91586,0.9807888268173957
91587,0.9808080283897921
91588,0.979827710520337
91589,0.9798478727287125
91590,0.9798680147849557
91591,0.9798881367092086
91592,0.9799082385215933
91593,0.9799283202422113
91594,0.9799483818911446
91595,0.9799684234884548
91596,0.9799884450541835
91597,0.9800084466083522
91598,0.9800284281709625
91599,0.980048389761996
91600,0.9790688311515393
91601,0.9790897518600336
91602,0.9791106516582744
91603,0.9791315305671616
91604,0.9791523886075743
91605,0.9791732258003703
91606,0.9791940421663868
91607,0.9792148377264405
91608,0.9782361122514516
91609,0.9782578652626945
91610,0.9782795965317973
91611,0.9783013060804912
91612,0.9783229939304856
91613,0.9783446601034687
91614,0.9783663046211064
91615,0.9783879275050433
91616,0.9784095287769023
91617,0.9784311084582847
91618,0.9784526665707702
91619,0.9784742031359169
91620,0.9784957181752614
91621,0.9785172117103186
91622,0.9785386837625821
91623,0.9785601343535241
91624,0.978581563504595
91625,0.9786029712372241
91626,0.9786243575728191
91627,0.9786457225327663
91628,0.9786670661384307
91629,0.9786883884111559
91630,0.9787096893722642
91631,0.9787309690430566
91632,0.9787522274448126
91633,0.9787734645987908
91634,0.9787946805262283
91635,0.978815875248341
91636,0.9788370487863237
91637,0.9788582011613499
91638,0.9788793323945719
91639,0.978900442507121
91640,0.9789215315201074
91641,0.97894259945462
91642,0.9789636463317268
91643,0.9789846721724748
91644,0.9790056769978895
91645,0.9780271605791011
91646,0.9780491224375928
91647,0.9780710623452014
91648,0.9780929803238668
91649,0.9781148763955071
91650,0.9781367505820183
91651,0.9781586029052747
91652,0.9781804333871285
91653,0.9782022420494102
91654,0.9782240289139286
91655,0.9782457940024704
91656,0.9782675373368007
91657,0.978289258938663
91658,0.9783109588297788
91659,0.978332637031848
91660,0.9783542935665488
91661,0.9783759284555378
91662,0.9783975417204498
91663,0.9784191333828981
91664,0.9784407034644744
91665,0.9784622519867489
91666,0.9784837789712698
91667,0.9785052844395644
91668,0.978526768413138
91669,0.9785482309134748
91670,0.978569671962037
91671,0.9785910915802659
91672,0.978612489789581
91673,0.9786338666113805
91674,0.9786552220670414
91675,0.9786765561779189
91676,0.9786978689653473
91677,0.9787191604506392
91678,0.9787404306550863
91679,0.9787616795999587
91680,0.9787829073065055
91681,0.9788041137959543
91682,0.9788252990895115
91683,0.9788464632083627
91684,0.9788676061736716
91685,0.9788887280065816
91686,0.9789098287282142
91687,0.9789309083596702
91688,0.9789519669220293
91689,0.9789730044363502
91690,0.9789940209236702
91691,0.9790150164050059
91692,0.9790359909013527
91693,0.9790569444336852
91694,0.9790778770229569
91695,0.9790987886901004
91696,0.9791196794560273
91697,0.9791405493416284
91698,0.9791613983677737
91699,0.9791822265553122
91700,0.979203033925072
91701,0.9792238204978605
91702,0.9792445862944643
91703,0.9792653313356493
91704,0.9792860556421604
91705,0.9783072589848469
91706,0.9783289408849121
91707,0.9783506011139127
91708,0.978372239693509
91709,0.9783938566453395
91710,0.9784154519910213
91711,0.9784370257521497
91712,0.9784585779502986
91713,0.97848010860702
91714,0.9785016177438445
91715,0.9785231053822814
91716,0.9785445715438184
91717,0.9785660162499215
91718,0.9785874395220355
91719,0.9786088413815838
91720,0.978630221849968
91721,0.9786515809485686
91722,0.978672918698745
91723,0.9786942351218346
91724,0.9777160299892791
91725,0.977738302822873
91726,0.9777605533947642
91727,0.9777827817272032
91728,0.9778049878424184
91729,0.9778271717626159
91730,0.9778493335099796
91731,0.9778714731066713
91732,0.9778935905748306
91733,0.9779156859365749
91734,0.9779377592139996
91735,0.977959810429178
91736,0.9779818396041613
91737,0.9780038467609787
91738,0.9780258319216374
91739,0.9780477951081226
91740,0.9780697363423974
91741,0.978091655646403
91742,0.9781135530420587
91743,0.978135428551262
91744,0.9781572821958885
91745,0.9781791139977917
91746,0.9782009239788034
91747,0.9782227121607336
91748,0.9782444785653706
91749,0.9782662232144806
91750,0.9782879461298085
91751,0.9783096473330771
91752,0.9783313268459876
91753,0.9783529846902195
91754,0.9783746208874307
91755,0.9783962354592574
91756,0.9784178284273141
91757,0.9784393998131938
91758,0.978460949638468
91759,0.9774829776748113
91760,0.9775054834442518
91761,0.9775279667191701
91762,0.9775504275220495
91763,0.9775728658753507
91764,0.9775952818015123
91765,0.9776176753229501
91766,0.9776400464620576
91767,0.977662395241206
91768,0.977684721682744
91769,0.9777070258089982
91770,0.9777293076422725
91771,0.9777515672048489
91772,0.977773804518987
91773,0.9777960196069241
91774,0.9778182124908752
91775,0.9778403831930332
91776,0.9778625317355689
91777,0.9778846581406309
91778,0.9779067624303454
91779,0.9779288446268167
91780,0.9779509047521272
91781,0.977972942828337
91782,0.9779949588774841
91783,0.9780169529215845
91784,0.9780389249826325
91785,0.9770613748327248
91786,0.9770843019943113
91787,0.977107206240194
91788,0.9771300875932772
91789,0.9771529460764424
91790,0.9771757817125479
91791,0.9761990942745544
91792,0.9762228832857742
91793,0.9762466485198714
91794,0.9762703900006112
91795,0.9762941077517351
91796,0.9763178017969607
91797,0.9763414721599822
91798,0.97636511886447
91799,0.9763887419340707
91800,0.9764123413924074
91801,0.9764359172630797
91802,0.9764594695696632
91803,0.9764829983357105
91804,0.9765065035847503
91805,0.9755304850904127
91806,0.9755549423766792
91807,0.9755793752178819
91808,0.9756037836384537
91809,0.975628167662803
91810,0.9756525273153139
91811,0.9756768626203461
91812,0.9757011736022349
91813,0.9757254602852911
91814,0.9757497226938016
91815,0.9757739608520286
91816,0.9757981747842105
91817,0.9758223645145611
91818,0.9758465300672702
91819,0.9758706714665033
91820,0.9758947887364019
91821,0.9759188819010831
91822,0.9759429509846402
91823,0.9759669960111423
91824,0.9759910170046344
91825,0.9760150139891375
91826,0.9760389869886485
91827,0.9760629360271407
91828,0.9760868611285628
91829,0.9761107623168401
91830,0.9761346396158738
91831,0.976158493049541
91832,0.9761823226416955
91833,0.9762061284161665
91834,0.97622991039676
91835,0.9762536686072579
91836,0.9762774030714186
91837,0.9763011138129765
91838,0.9763248008556421
91839,0.9763484642231027
91840,0.9763721039390216
91841,0.9763957200270386
91842,0.9764193125107696
91843,0.9764428814138073
91844,0.9764664267597205
91845,0.9764899485720546
91846,0.9765134468743314
91847,0.9765369216900492
91848,0.9765603730426828
91849,0.9765838009556836
91850,0.9766072054524796
91851,0.976630586556475
91852,0.9766539442910513
91853,0.976677278679566
91854,0.9767005897453536
91855,0.9767238775117251
91856,0.9767471420019682
91857,0.9767703832393475
91858,0.9767936012471042
91859,0.9768167960484565
91860,0.976839967666599
91861,0.9768631161247033
91862,0.9768862414459181
91863,0.9769093436533685
91864,0.9769324227701567
91865,0.976955478819362
91866,0.9769785118240403
91867,0.9770015218072247
91868,0.977024508791925
91869,0.9770474728011285
91870,0.977070413857799
91871,0.9770933319848777
91872,0.9771162272052826
91873,0.977139099541909
91874,0.9771619490176292
91875,0.9771847756552927
91876,0.9772075794777262
91877,0.9772303605077335
91878,0.9772531187680956
91879,0.9772758542815708
91880,0.9772985670708946
91881,0.9773212571587797
91882,0.9773439245679164
91883,0.977366569320972
91884,0.9773891914405912
91885,0.9774117909493962
91886,0.9774343678699865
91887,0.9774569222249391
91888,0.9774794540368082
91889,0.9775019633281258
91890,0.977524450121401
91891,0.9775469144391207
91892,0.9775693563037492
91893,0.9775917757377285
91894,0.9776141727634778
91895,0.9776365474033945
91896,0.9776588996798529
91897,0.9776812296152053
91898,0.9777035372317818
91899,0.97772582255189
91900,0.9777480855978151
91901,0.9777703263918203
91902,0.9777925449561463
91903,0.9778147413130117
91904,0.9778369154846129
91905,0.977859067493124
91906,0.9778811973606971
91907,0.977903305109462
91908,0.9779253907615265
91909,0.9779474543389762
91910,0.9779694958638748
91911,0.9779915153582638
91912,0.9780135128441626
91913,0.9780354883435687
91914,0.9780574418784577
91915,0.978079373470783
91916,0.9781012831424764
91917,0.9781231709154474
91918,0.9781450368115839
91919,0.9781668808527517
91920,0.978188703060795
91921,0.9782105034575358
91922,0.9782322820647746
91923,0.9782540389042901
91924,0.978275773997839
91925,0.9782974873671566
91926,0.978319179033956
91927,0.9783408490199291
91928,0.9783624973467457
91929,0.9783841240360543
91930,0.9784057291094815
91931,0.9784273125886325
91932,0.9784488744950907
91933,0.9784704148504179
91934,0.9784919336761546
91935,0.9785134309938196
91936,0.9785349068249103
91937,0.9785563611909024
91938,0.9785777941132503
91939,0.978599205613387
91940,0.978620595712724
91941,0.9786419644326513
91942,0.9786633117945377
91943,0.9786846378197306
91944,0.9787059425295559
91945,0.9787272259453185
91946,0.9787484880883016
91947,0.9787697289797676
91948,0.9787909486409572
91949,0.9788121470930902
91950,0.9788333243573649
91951,0.9788544804549587
91952,0.9788756154070277
91953,0.9788967292347068
91954,0.9789178219591099
91955,0.9789388936013297
91956,0.9789599441824378
91957,0.9789809737234848
91958,0.9790019822455003
91959,0.9790229697694928
91960,0.9790439363164498
91961,0.9790648819073379
91962,0.9790858065631026
91963,0.9791067103046688
91964,0.97912759315294
91965,0.9781489548789241
91966,0.9781707950039826
91967,0.9781926132998308
91968,0.9782144097882867
91969,0.9782361844911469
91970,0.9782579374301863
91971,0.9782796686271577
91972,0.9783013781037921
91973,0.9783230658817993
91974,0.978344731982867
91975,0.9783663764286612
91976,0.9783879992408264
91977,0.9784096004409856
91978,0.9784311800507397
91979,0.9784527380916686
91980,0.9784742745853301
91981,0.9784957895532608
91982,0.9785172830169756
91983,0.9785387549979682
91984,0.9785602055177103
91985,0.9785816345976526
91986,0.9786030422592241
91987,0.9786244285238326
91988,0.9786457934128643
91989,0.978667136947684
91990,0.9786884591496354
91991,0.9787097600400406
91992,0.9787310396402005
91993,0.9787522979713946
91994,0.9787735350548815
91995,0.9787947509118982
91996,0.9788159455636604
91997,0.9788371190313628
91998,0.9788582713361791
91999,0.9788794024992614
92000,0.9789005125417409
92001,0.9789216014847277
92002,0.9789426693493107
92003,0.9789637161565578
92004,0.9789847419275157
92005,0.9790057466832104
92006,0.9790267304446465
92007,0.9780481929829328
92008,0.9780701338195316
92009,0.9780920527262587
92010,0.978113949725033
92011,0.9781358248377515
92012,0.9781576780862895
92013,0.9781795094925001
92014,0.9782013190782147
92015,0.9782231068652429
92016,0.9782448728753727
92017,0.9782666171303698
92018,0.9782883396519786
92019,0.9783100404619216
92020,0.9783317195818997
92021,0.9783533770335919
92022,0.9783750128386558
92023,0.9783966270187271
92024,0.97841821959542
92025,0.978439790590327
92026,0.9784613400250194
92027,0.9784828679210463
92028,0.9785043742999359
92029,0.9785258591831943
92030,0.9785473225923066
92031,0.9785687645487361
92032,0.9785901850739248
92033,0.9786115841892932
92034,0.9786329619162404
92035,0.9786543182761442
92036,0.978675653290361
92037,0.9786969669802257
92038,0.978718259367052
92039,0.9787395304721325
92040,0.9787607803167381
92041,0.9787820089221186
92042,0.9788032163095028
92043,0.9788244025000981
92044,0.9788455675150904
92045,0.9788667113756451
92046,0.9788878341029058
92047,0.9789089357179953
92048,0.9789300162420153
92049,0.9789510756960462
92050,0.9789721141011476
92051,0.9789931314783579
92052,0.9790141278486943
92053,0.9790351032331535
92054,0.9790560576527105
92055,0.97907699112832
92056,0.9790979036809154
92057,0.9781192950815342
92058,0.9781411648515677
92059,0.9781630127627605
92060,0.9781848388369606
92061,0.9782066430959941
92062,0.9782284255616653
92063,0.9782501862557567
92064,0.9782719252000288
92065,0.9782936424162207
92066,0.9783153379260496
92067,0.978337011751211
92068,0.9783586639133787
92069,0.9783802944342048
92070,0.9784019033353201
92071,0.9784234906383332
92072,0.9784450563648316
92073,0.978466600536381
92074,0.9784881231745256
92075,0.9785096243007879
92076,0.9785311039366692
92077,0.978552562103649
92078,0.9785739988231856
92079,0.9785954141167157
92080,0.9786168080056545
92081,0.9786381805113961
92082,0.9786595316553127
92083,0.9786808614587557
92084,0.9787021699430547
92085,0.9777239568796433
92086,0.9777462217903083
92087,0.9777684644471896
92088,0.9777906848725297
92089,0.9778128830885492
92090,0.9778350591174462
92091,0.9778572129813967
92092,0.9778793447025548
92093,0.977901454303052
92094,0.977923541804998
92095,0.9779456072304802
92096,0.9779676506015642
92097,0.9779896719402933
92098,0.9780116712686888
92099,0.9780336486087501
92100,0.9780556039824545
92101,0.9780775374117574
92102,0.9780994489185922
92103,0.9781213385248705
92104,0.9781432062524819
92105,0.978165052123294
92106,0.9781868761591528
92107,0.9782086783818823
92108,0.9782304588132847
92109,0.9782522174751406
92110,0.9782739543892084
92111,0.9782956695772251
92112,0.9783173630609061
92113,0.9783390348619447
92114,0.9783606850020128
92115,0.9783823135027604
92116,0.9784039203858161
92117,0.9784255056727869
92118,0.9784470693852578
92119,0.9784686115447928
92120,0.9784901321729339
92121,0.9785116312912019
92122,0.9785331089210957
92123,0.9785545650840931
92124,0.9785759998016502
92125,0.9785974130952018
92126,0.978618804986161
92127,0.97864017549592
92128,0.9786615246458491
92129,0.9786828524572976
92130,0.9787041589515931
92131,0.9787254441500423
92132,0.9787467080739303
92133,0.978767950744521
92134,0.9787891721830573
92135,0.9788103724107604
92136,0.9788315514488306
92137,0.9788527093184469
92138,0.9788738460407673
92139,0.9788949616369285
92140,0.978916056128046
92141,0.9789371295352144
92142,0.978958181879507
92143,0.9789792131819762
92144,0.9790002234636535
92145,0.9790212127455489
92146,0.9790421810486518
92147,0.9790631283939305
92148,0.9790840548023324
92149,0.9791049602947839
92150,0.9791258448921905
92151,0.9791467086154366
92152,0.9791675514853863
92153,0.9791883735228821
92154,0.9792091747487464
92155,0.9792299551837801
92156,0.9792507148487638
92157,0.9792714537644572
92158,0.9792921719515992
92159,0.979312869430908
92160,0.979333546223081
92161,0.9793542023487951
92162,0.9793748378287064
92163,0.9793954526834503
92164,0.9794160469336417
92165,0.9794366205998749
92166,0.9794571737027236
92167,0.9794777062627408
92168,0.9794982183004591
92169,0.9795187098363907
92170,0.979539180891027
92171,0.979559631484839
92172,0.9795800616382775
92173,0.9796004713717724
92174,0.9796208607057336
92175,0.9796412296605504
92176,0.9796615782565918
92177,0.9796819065142064
92178,0.9797022144537224
92179,0.9797225020954479
92180,0.9797427694596703
92181,0.9797630165666571
92182,0.9797832434366555
92183,0.9798034500898922
92184,0.979823636546574
92185,0.9798438028268873
92186,0.9798639489509984
92187,0.9798840749390534
92188,0.9799041808111782
92189,0.9799242665874789
92190,0.9799443322880411
92191,0.9799643779329307
92192,0.9799844035421931
92193,0.9800044091358541
92194,0.9800243947339192
92195,0.9800443603563741
92196,0.9800643060231843
92197,0.9800842317542956
92198,0.9801041375696337
92199,0.9801240234891043
92200,0.9801438895325935
92201,0.9801637357199672
92202,0.9801835620710717
92203,0.9802033686057333
92204,0.9802231553437586
92205,0.9802429223049343
92206,0.9802626695090273
92207,0.9802823969757849
92208,0.9803021047249345
92209,0.9793222925263089
92210,0.9793429599000957
92211,0.9793636066168372
92212,0.9793842326971802
92213,0.9794048381617507
92214,0.9794254230311543
92215,0.9794459873259758
92216,0.9794665310667794
92217,0.979487054274109
92218,0.9795075569684877
92219,0.9795280391704182
92220,0.9795485009003828
92221,0.9795689421788432
92222,0.9795893630262407
92223,0.979609763462996
92224,0.9796301435095097
92225,0.9796505031861619
92226,0.9796708425133122
92227,0.9796911615112999
92228,0.979711460200444
92229,0.9797317386010432
92230,0.979751996733376
92231,0.9797722346177005
92232,0.9797924522742545
92233,0.9798126497232558
92234,0.9798328269849017
92235,0.9798529840793696
92236,0.9798731210268166
92237,0.9798932378473795
92238,0.9799133345611752
92239,0.9799334111883005
92240,0.9799534677488319
92241,0.979973504262826
92242,0.9799935207503194
92243,0.9800135172313286
92244,0.98003349372585
92245,0.9800534502538601
92246,0.9800733868353155
92247,0.9800933034901528
92248,0.9801132002382885
92249,0.9801330770996196
92250,0.9801529340940228
92251,0.9801727712413552
92252,0.9801925885614537
92253,0.980212386074136
92254,0.9802321637991993
92255,0.9802519217564215
92256,0.9802716599655605
92257,0.9802913784463546
92258,0.9803110772185222
92259,0.980330756301762
92260,0.9803504157157533
92261,0.9803700554801553
92262,0.980389675614608
92263,0.9804092761387313
92264,0.9804288570721259
92265,0.9804484184343727
92266,0.980467960245033
92267,0.9794879822737736
92268,0.9795084840406164
92269,0.9795289653159381
92270,0.9795494261202201
92271,0.9795698664739231
92272,0.9795902863974874
92273,0.9796106859113329
92274,0.9796310650358593
92275,0.9796514237914457
92276,0.9796717621984508
92277,0.9796920802772129
92278,0.9797123780480502
92279,0.9797326555312605
92280,0.9797529127471214
92281,0.9797731497158899
92282,0.979793366457803
92283,0.9798135629930775
92284,0.9798337393419101
92285,0.9798538955244769
92286,0.9798740315609342
92287,0.979894147471418
92288,0.9799142432760443
92289,0.9799343189949088
92290,0.9789548743982123
92291,0.9789759090065099
92292,0.9789969225907112
92293,0.97901791517183
92294,0.9790388867708587
92295,0.9790598374087689
92296,0.9790807671065113
92297,0.9791016758850155
92298,0.9791225637651904
92299,0.9781439305180487
92300,0.9781657756649572
92301,0.978187598977636
92302,0.9782094004779082
92303,0.9782311801875754
92304,0.9782529381284174
92305,0.9782746743221921
92306,0.9782963887906356
92307,0.9783180815554626
92308,0.9783397526383657
92309,0.978361402061016
92310,0.9783830298450629
92311,0.9784046360121342
92312,0.9784262205838362
92313,0.9784477835817534
92314,0.9784693250274489
92315,0.978490844942464
92316,0.9785123433483186
92317,0.9785338202665111
92318,0.9785552757185186
92319,0.9785767097257965
92320,0.9785981223097787
92321,0.9786195134918779
92322,0.9786408832934852
92323,0.9786622317359704
92324,0.9786835588406821
92325,0.9787048646289473
92326,0.9787261491220718
92327,0.9787474123413401
92328,0.9787686543080154
92329,0.9787898750433397
92330,0.9788110745685338
92331,0.9788322529047971
92332,0.9788534100733081
92333,0.9788745460952238
92334,0.9788956609916803
92335,0.9789167547837926
92336,0.9789378274926543
92337,0.9789588791393383
92338,0.9789799097448962
92339,0.9790009193303586
92340,0.979021907916735
92341,0.9790428755250141
92342,0.9790638221761635
92343,0.9790847478911299
92344,0.9791056526908389
92345,0.9791265365961954
92346,0.9791473996280833
92347,0.9791682418073655
92348,0.9791890631548844
92349,0.9792098636914612
92350,0.9792306434378966
92351,0.9792514024149701
92352,0.9792721406434409
92353,0.9792928581440472
92354,0.9793135549375064
92355,0.9793342310445153
92356,0.9793548864857502
92357,0.9793755212818663
92358,0.9793961354534987
92359,0.9794167290212613
92360,0.9794373020057479
92361,0.9794578544275312
92362,0.9794783863071639
92363,0.9794988976651777
92364,0.9795193885220841
92365,0.9795398588983738
92366,0.9795603088145174
92367,0.9795807382909646
92368,0.9796011473481451
92369,0.9796215360064677
92370,0.9796419042863214
92371,0.9796622522080741
92372,0.9796825797920741
92373,0.9797028870586487
92374,0.9797231740281054
92375,0.9797434407207309
92376,0.9797636871567922
92377,0.9797839133565355
92378,0.9798041193401871
92379,0.979824305127953
92380,0.978844970490144
92381,0.9788661149474251
92382,0.978887238270816
92383,0.9789083404814399
92384,0.978929421600399
92385,0.9789504816487744
92386,0.9789715206476262
92387,0.9789925386179934
92388,0.979013535580894
92389,0.9790345115573249
92390,0.9790554665682621
92391,0.9790764006346607
92392,0.9790973137774547
92393,0.9791182060175572
92394,0.9791390773758605
92395,0.9791599278732359
92396,0.979180757530534
92397,0.9792015663685845
92398,0.978222854158321
92399,0.9782446204210313
92400,0.9782663649283566
92401,0.9782880877020415
92402,0.9783097887638085
92403,0.9783314681353589
92404,0.978353125838372
92405,0.9783747618945056
92406,0.9783963763253957
92407,0.9784179691526567
92408,0.9784395403978814
92409,0.9784610900826411
92410,0.9784826182284856
92411,0.9785041248569428
92412,0.9785256099895195
92413,0.9785470736477009
92414,0.9785685158529506
92415,0.9785899366267108
92416,0.9786113359904022
92417,0.9786327139654243
92418,0.978654070573155
92419,0.9786754058349509
92420,0.9786967197721473
92421,0.9787180124060583
92422,0.9787392837579763
92423,0.9787605338491727
92424,0.9787817627008977
92425,0.97880297033438
92426,0.9788241567708275
92427,0.9788453220314264
92428,0.978866466137342
92429,0.9788875891097184
92430,0.9789086909696787
92431,0.9789297717383247
92432,0.9789508314367372
92433,0.9789718700859759
92434,0.9789928877070794
92435,0.9790138843210653
92436,0.9790348599489302
92437,0.9790558146116499
92438,0.979076748330179
92439,0.9790976611254512
92440,0.9791185530183792
92441,0.9791394240298551
92442,0.9791602741807498
92443,0.9791811034919135
92444,0.9792019119841754
92445,0.9792226996783441
92446,0.9792434665952073
92447,0.979264212755532
92448,0.9792849381800642
92449,0.9793056428895295
92450,0.9793263269046324
92451,0.9793469902460571
92452,0.9793676329344668
92453,0.9793882549905043
92454,0.9794088564347917
92455,0.9794294372879303
92456,0.9794499975705011
92457,0.9794705373030643
92458,0.9794910565061598
92459,0.9795115552003065
92460,0.9795320334060034
92461,0.9795524911437286
92462,0.9795729284339397
92463,0.9795933452970742
92464,0.9796137417535489
92465,0.9796341178237602
92466,0.9796544735280843
92467,0.9796748088868769
92468,0.9796951239204732
92469,0.9797154186491883
92470,0.9797356930933171
92471,0.9797559472731339
92472,0.9797761812088929
92473,0.979796394920828
92474,0.9798165884291531
92475,0.9798367617540615
92476,0.9798569149157267
92477,0.9798770479343016
92478,0.9798971608299195
92479,0.9799172536226932
92480,0.9799373263327155
92481,0.9799573789800591
92482,0.9799774115847767
92483,0.9799974241669008
92484,0.9800174167464442
92485,0.9800373893433992
92486,0.9800573419777386
92487,0.9800772746694151
92488,0.9800971874383612
92489,0.9801170803044897
92490,0.9801369532876937
92491,0.9801568064078459
92492,0.9801766396847995
92493,0.9801964531383879
92494,0.9802162467884245
92495,0.9802360206547028
92496,0.980255774756997
92497,0.980275509115061
92498,0.9802952237486292
92499,0.9803149186774162
92500,0.9803345939211169
92501,0.9803542494994066
92502,0.9803738854319409
92503,0.9803935017383558
92504,0.9804130984382675
92505,0.9804326755512728
92506,0.9804522330969486
92507,0.9804717710948527
92508,0.980491289564523
92509,0.980510788525478
92510,0.9805302679972167
92511,0.9805497279992185
92512,0.9805691685509433
92513,0.9805885896718319
92514,0.9806079913813054
92515,0.9806273736987654
92516,0.9806467366435943
92517,0.9806660802351549
92518,0.980685404492791
92519,0.9807047094358267
92520,0.980723995083567
92521,0.9807432614552976
92522,0.9807625085702848
92523,0.9807817364477758
92524,0.9808009451069983
92525,0.9808201345671612
92526,0.980839304847454
92527,0.9808584559670467
92528,0.9808775879450906
92529,0.9808967008007177
92530,0.9809157945530408
92531,0.9799353689712786
92532,0.9799554235750055
92533,0.979975458134151
92534,0.9799954726687495
92535,0.9800154671988157
92536,0.9800354417443441
92537,0.9800553963253092
92538,0.9800753309616658
92539,0.9800952456733483
92540,0.9801151404802715
92541,0.9801350154023302
92542,0.9801548704593993
92543,0.9801747056713339
92544,0.9801945210579692
92545,0.9802143166391207
92546,0.9802340924345839
92547,0.9802538484641345
92548,0.9802735847475287
92549,0.9802933013045027
92550,0.980312998154773
92551,0.9803326753180366
92552,0.9803523328139706
92553,0.9803719706622325
92554,0.9803915888824601
92555,0.9804111874942718
92556,0.980430766517266
92557,0.9804503259710219
92558,0.9804698658750989
92559,0.9804893862490368
92560,0.9805088871123561
92561,0.9805283684845576
92562,0.9805478303851227
92563,0.9805672728335134
92564,0.980586695849172
92565,0.9806060994515217
92566,0.9806254836599659
92567,0.980644848493889
92568,0.9806641939726557
92569,0.9806835201156116
92570,0.9807028269420827
92571,0.9807221144713759
92572,0.9807413827227789
92573,0.9807606317155597
92574,0.9807798614689675
92575,0.9807990720022318
92576,0.9808182633345635
92577,0.9808374354851536
92578,0.9808565884731744
92579,0.9808757223177789
92580,0.9808948370381009
92581,0.9809139326532552
92582,0.9809330091823374
92583,0.980952066644424
92584,0.9809711050585725
92585,0.9809901244438214
92586,0.9810091248191899
92587,0.9810281062036784
92588,0.9810470686162684
92589,0.9810660120759224
92590,0.9810849366015836
92591,0.9811038422121767
92592,0.9811227289266073
92593,0.9811415967637621
92594,0.9811604457425089
92595,0.9811792758816968
92596,0.9811980872001559
92597,0.9812168797166975
92598,0.9812356534501141
92599,0.9812544084191794
92600,0.9812731446426485
92601,0.9812918621392576
92602,0.9813105609277241
92603,0.9813292410267468
92604,0.9813479024550059
92605,0.9813665452311628
92606,0.9813851693738603
92607,0.9814037749017226
92608,0.9814223618333551
92609,0.9814409301873447
92610,0.9814594799822599
92611,0.9814780112366505
92612,0.9814965239690476
92613,0.9815150181979642
92614,0.9815334939418943
92615,0.9815519512193137
92616,0.9815703900486797
92617,0.9815888104484312
92618,0.9816072124369885
92619,0.9816255960327536
92620,0.9816439612541101
92621,0.9816623081194233
92622,0.9816806366470401
92623,0.9816989468552889
92624,0.9817172387624801
92625,0.9817355123869054
92626,0.9817537677468385
92627,0.9817720048605348
92628,0.9817902237462315
92629,0.9818084244221473
92630,0.981826606906483
92631,0.9818447712174211
92632,0.9818629173731258
92633,0.9818810453917434
92634,0.9818991552914018
92635,0.981917247090211
92636,0.9819353208062628
92637,0.9819533764576308
92638,0.9819714140623708
92639,0.9819894336385203
92640,0.982007435204099
92641,0.9820254187771085
92642,0.9820433843755322
92643,0.9820613320173357
92644,0.9820792617204668
92645,0.9820971735028551
92646,0.9821150673824125
92647,0.9821329433770328
92648,0.982150801504592
92649,0.9821686417829483
92650,0.9821864642299418
92651,0.9822042688633952
92652,0.9822220557011129
92653,0.9822398247608819
92654,0.9822575760604713
92655,0.9822753096176322
92656,0.9822930254500983
92657,0.9823107235755855
92658,0.9823284040117918
92659,0.9823460667763977
92660,0.982363711887066
92661,0.9823813393614417
92662,0.9823989492171524
92663,0.9824165414718079
92664,0.9824341161430005
92665,0.9824516732483048
92666,0.9824692128052781
92667,0.9824867348314598
92668,0.9825042393443718
92669,0.9825217263615189
92670,0.982539195900388
92671,0.9825566479784485
92672,0.9825740826131527
92673,0.9825914998219352
92674,0.9826088996222131
92675,0.9826262820313862
92676,0.9826436470668372
92677,0.9826609947459308
92678,0.9826783250860148
92679,0.9826956381044196
92680,0.9827129338184581
92681,0.9827302122454262
92682,0.9827474734026023
92683,0.9827647173072473
92684,0.9827819439766055
92685,0.9827991534279032
92686,0.9828163456783501
92687,0.9828335207451383
92688,0.982850678645443
92689,0.982867819396422
92690,0.9828849430152161
92691,0.982902049518949
92692,0.9829191389247272
92693,0.9829362112496399
92694,0.9829532665107598
92695,0.9829703047251418
92696,0.9829873259098243
92697,0.9830043300818284
92698,0.9830213172581584
92699,0.9830382874558015
92700,0.9830552406917277
92701,0.9830721769828904
92702,0.9830890963462259
92703,0.9831059987986535
92704,0.9831228843570756
92705,0.9831397530383779
92706,0.9831566048594289
92707,0.9831734398370806
92708,0.983190257988168
92709,0.9832070593295091
92710,0.9832238438779054
92711,0.9832406116501414
92712,0.9832573626629849
92713,0.9832740969331868
92714,0.9832908144774815
92715,0.9833075153125864
92716,0.9823246992053275
92717,0.9823423656728884
92718,0.9823600144828105
92719,0.9823776456527428
92720,0.9823952592003162
92721,0.9824128551431445
92722,0.9824304334988235
92723,0.9824479942849317
92724,0.9824655375190297
92725,0.9824830632186609
92726,0.9825005714013508
92727,0.9825180620846079
92728,0.9825355352859226
92729,0.9825529910227683
92730,0.9825704293126006
92731,0.9825878501728579
92732,0.982605253620961
92733,0.9826226396743133
92734,0.982640008350301
92735,0.9816578594164176
92736,0.9816761923905141
92737,0.9816945070407984
92738,0.9817128033855852
92739,0.9817310814431708
92740,0.9817493412318333
92741,0.9817675827698324
92742,0.9817858060754098
92743,0.9818040111667887
92744,0.9808226978122991
92745,0.9808418655306277
92746,0.9808610140908169
92747,0.9808801435120156
92748,0.9808992538133529
92749,0.9809183450139393
92750,0.9809374171328659
92751,0.9809564701892048
92752,0.9809755042020092
92753,0.980994519190313
92754,0.9810135151731313
92755,0.98103249216946
92756,0.9810514501982761
92757,0.9810703892785377
92758,0.9810893094291838
92759,0.9811082106691347
92760,0.9811270930172915
92761,0.9811459564925366
92762,0.9811648011137334
92763,0.9811836268997266
92764,0.981202433869342
92765,0.9812212220413866
92766,0.9812399914346486
92767,0.9812587420678973
92768,0.9812774739598834
92769,0.9812961871293387
92770,0.9813148815949766
92771,0.9813335573754913
92772,0.9813522144895588
92773,0.981370852955836
92774,0.9813894727929616
92775,0.9814080740195553
92776,0.9814266566542185
92777,0.9814452207155336
92778,0.9814637662220649
92779,0.9814822931923577
92780,0.981500801644939
92781,0.9815192915983174
92782,0.9815377630709827
92783,0.9815562160814065
92784,0.9815746506480418
92785,0.9815930667893231
92786,0.9816114645236667
92787,0.98162984386947
92788,0.9816482048451127
92789,0.9816665474689557
92790,0.9816848717593415
92791,0.9817031777345945
92792,0.9817214654130206
92793,0.9817397348129077
92794,0.981757985952525
92795,0.9817762188501237
92796,0.9817944335239367
92797,0.9818126299921787
92798,0.981830808273046
92799,0.9818489683847171
92800,0.9818671103453521
92801,0.9818852341730929
92802,0.9819033398860634
92803,0.9819214275023691
92804,0.9819394970400979
92805,0.9819575485173192
92806,0.9819755819520845
92807,0.9819935973624272
92808,0.9820115947663628
92809,0.9820295741818886
92810,0.9820475356269842
92811,0.982065479119611
92812,0.9820834046777123
92813,0.9821013123192138
92814,0.9821192020620232
92815,0.9821370739240302
92816,0.9821549279231065
92817,0.9821727640771064
92818,0.9821905824038659
92819,0.9822083829212034
92820,0.9822261656469193
92821,0.9822439305987964
92822,0.9822616777945997
92823,0.9822794072520764
92824,0.9822971189889559
92825,0.98231481302295
92826,0.9823324893717527
92827,0.9823501480530402
92828,0.9823677890844714
92829,0.9823854124836874
92830,0.9824030182683113
92831,0.9824206064559492
92832,0.9824381770641891
92833,0.9824557301106017
92834,0.9824732656127401
92835,0.9824907835881396
92836,0.9825082840543183
92837,0.9825257670287768
92838,0.9825432325289979
92839,0.9815611803225721
92840,0.9815796099274471
92841,0.9815980211119274
92842,0.9816164138944242
92843,0.9816347882933304
92844,0.9816531443270202
92845,0.9816714820138498
92846,0.9816898013721568
92847,0.9817081024202605
92848,0.9817263851764622
92849,0.9817446496590444
92850,0.9817628958862717
92851,0.9817811238763904
92852,0.9817993336476284
92853,0.9818175252181954
92854,0.9818356986062832
92855,0.981853853830065
92856,0.9818719909076961
92857,0.9818901098573135
92858,0.9819082106970364
92859,0.9819262934449654
92860,0.9819443581191833
92861,0.9819624047377549
92862,0.9819804333187266
92863,0.9819984438801272
92864,0.9820164364399672
92865,0.9820344110162391
92866,0.9820523676269175
92867,0.9820703062899591
92868,0.9820882270233025
92869,0.9821061298448683
92870,0.9821240147725596
92871,0.9821418818242612
92872,0.9821597310178402
92873,0.9821775623711456
92874,0.982195375902009
92875,0.9822131716282438
92876,0.9822309495676459
92877,0.982248709737993
92878,0.9822664521570456
92879,0.9822841768425458
92880,0.9823018838122184
92881,0.9823195730837704
92882,0.982337244674891
92883,0.982354898603252
92884,0.9823725348865071
92885,0.9823901535422928
92886,0.9824077545882275
92887,0.9824253380419125
92888,0.982442903920931
92889,0.9824604522428492
92890,0.9824779830252152
92891,0.9824954962855598
92892,0.9825129920413963
92893,0.9825304703102204
92894,0.9825479311095106
92895,0.9825653744567274
92896,0.9825828003693144
92897,0.9826002088646975
92898,0.982617599960285
92899,0.9826349736734681
92900,0.9826523300216206
92901,0.9826696690220987
92902,0.9826869906922415
92903,0.9827042950493707
92904,0.9827215821107906
92905,0.9827388518937884
92906,0.9827561044156337
92907,0.982773339693579
92908,0.9827905577448598
92909,0.982807758586694
92910,0.9828249422362825
92911,0.9828421087108089
92912,0.9828592580274398
92913,0.9828763902033244
92914,0.9828935052555949
92915,0.9829106032013665
92916,0.9829276840577369
92917,0.9829447478417871
92918,0.9829617945705809
92919,0.982978824261165
92920,0.9829958369305691
92921,0.983012832595806
92922,0.9830298112738711
92923,0.9830467729817434
92924,0.9830637177363843
92925,0.9830806455547387
92926,0.9830975564537345
92927,0.9831144504502826
92928,0.9831313275612767
92929,0.9831481878035944
92930,0.9831650311940955
92931,0.9831818577496236
92932,0.9831986674870054
92933,0.9832154604230503
92934,0.9832322365745515
92935,0.9832489959582851
92936,0.9832657385910104
92937,0.9832824644894702
92938,0.9832991736703903
92939,0.98331586615048
92940,0.9833325419464315
92941,0.9833492010749209
92942,0.9833658435526071
92943,0.9833824693961327
92944,0.9833990786221236
92945,0.983415671247189
92946,0.9834322472879214
92947,0.9834488067608971
92948,0.9834653496826753
92949,0.9834818760697991
92950,0.9834983859387948
92951,0.9835148793061723
92952,0.98253185593855
92953,0.9825493153529042
92954,0.9825667573165695
92955,0.9825841818469877
92956,0.9826015889615834
92957,0.9826189786777638
92958,0.9826363510129185
92959,0.9826537059844198
92960,0.9826710436096228
92961,0.982688363905865
92962,0.9827056668904668
92963,0.9827229525807312
92964,0.9827402209939439
92965,0.9827574721473732
92966,0.9827747060582703
92967,0.9827919227438693
92968,0.9828091222213866
92969,0.9828263045080219
92970,0.9828434696209574
92971,0.9828606175773582
92972,0.9828777483943724
92973,0.9828948620891306
92974,0.9829119586787466
92975,0.9829290381803171
92976,0.9829461006109215
92977,0.9829631459876222
92978,0.9829801743274647
92979,0.9829971856474772
92980,0.9830141799646711
92981,0.9830311572960407
92982,0.9830481176585635
92983,0.9830650610691996
92984,0.9830819875448925
92985,0.9830988971025688
92986,0.9831157897591379
92987,0.9831326655314926
92988,0.9831495244365086
92989,0.9831663664910448
92990,0.9831831917119433
92991,0.9832000001160294
92992,0.9832167917201113
92993,0.9832335665409808
92994,0.9832503245954126
92995,0.9832670659001649
92996,0.9832837904719788
92997,0.983300498327579
92998,0.9833171894836734
92999,0.9833338639569531
93000,0.9833505217640925
93001,0.9833671629217496
93002,0.9833837874465655
93003,0.9834003953551647
93004,0.983416986664155
93005,0.9834335613901278
93006,0.9834501195496579
93007,0.9834666611593034
93008,0.9834831862356059
93009,0.9834996947950906
93010,0.9835161868542659
93011,0.983532662429624
93012,0.9835491215376404
93013,0.9835655641947741
93014,0.9835819904174681
93015,0.9835984002221483
93016,0.9836147936252246
93017,0.9836311706430905
93018,0.9836475312921229
93019,0.9836638755886825
93020,0.9836802035491136
93021,0.9836965151897441
93022,0.9837128105268858
93023,0.9837290895768339
93024,0.9827458521059925
93025,0.982763097631124
93026,0.9827803259193488
93027,0.9827975369878952
93028,0.9818152306040991
93029,0.9818334062856543
93030,0.9818515638006111
93031,0.9818697031671273
93032,0.9818878244033421
93033,0.9819059275273767
93034,0.9819240125573343
93035,0.9819420795113
93036,0.9819601284073407
93037,0.9819781592635053
93038,0.9819961720978246
93039,0.9820141669283116
93040,0.9820321437729609
93041,0.9810506023998745
93042,0.9810695423275109
93043,0.9810884633246848
93044,0.9811073654103173
93045,0.9811262486033104
93046,0.9811451129225475
93047,0.9811639583868927
93048,0.9811827850151917
93049,0.981201592826271
93050,0.9812203818389383
93051,0.9812391520719829
93052,0.9812579035441747
93053,0.9812766362742655
93054,0.9812953502809879
93055,0.9813140455830559
93056,0.9813327221991648
93057,0.9813513801479912
93058,0.9813700194481931
93059,0.9813886401184099
93060,0.981407242177262
93061,0.9814258256433518
93062,0.9814443905352624
93063,0.981462936871559
93064,0.9814814646707879
93065,0.9814999739514768
93066,0.981518464732135
93067,0.9815369370312533
93068,0.981555390867304
93069,0.981573826258741
93070,0.9815922432239996
93071,0.9816106417814969
93072,0.9806295216997564
93073,0.9806488824976577
93074,0.9806682239444366
93075,0.9806875460594348
93076,0.980706848861974
93077,0.9807261323713573
93078,0.9807453966068682
93079,0.9807646415877709
93080,0.9807838673333104
93081,0.9808030738627124
93082,0.9808222611951835
93083,0.9808414293499109
93084,0.9808605783460629
93085,0.9808797082027885
93086,0.9808988189392175
93087,0.9809179105744606
93088,0.9809369831276096
93089,0.9809560366177369
93090,0.980975071063896
93091,0.9809940864851215
93092,0.9810130829004288
93093,0.9810320603288142
93094,0.9810510187892552
93095,0.9810699583007102
93096,0.9810888788821188
93097,0.9811077805524016
93098,0.9811266633304602
93099,0.9801460269853023
93100,0.9801658710362915
93101,0.9801856952531468
93102,0.9802054996556924
93103,0.9802252842637327
93104,0.9802450490970522
93105,0.980264794175416
93106,0.980284519518569
93107,0.9803042251462366
93108,0.9803239110781244
93109,0.9803435773339184
93110,0.9803632239332848
93111,0.9803828508958702
93112,0.9804024582413016
93113,0.9804220459891864
93114,0.9804416141591122
93115,0.9804611627706473
93116,0.9804806918433403
93117,0.9805002013967202
93118,0.9805196914502967
93119,0.9805391620235598
93120,0.98055861313598
93121,0.9805780448070085
93122,0.9805974570560769
93123,0.9806168499025976
93124,0.9806362233659632
93125,0.9806555774655474
93126,0.9806749122207044
93127,0.9806942276507686
93128,0.9807135237750557
93129,0.9807328006128617
93130,0.9807520581834636
93131,0.9807712965061187
93132,0.9807905156000656
93133,0.9808097154845233
93134,0.9808288961786917
93135,0.9808480577017515
93136,0.9808672000728642
93137,0.9808863233111722
93138,0.9809054274357987
93139,0.9809245124658479
93140,0.9809435784204048
93141,0.9809626253185353
93142,0.9809816531792864
93143,0.9810006620216859
93144,0.9810196518647427
93145,0.9810386227274466
93146,0.9810575746287684
93147,0.9810765075876602
93148,0.9810954216230549
93149,0.9811143167538664
93150,0.9811331929989899
93151,0.9811520503773018
93152,0.9811708889076594
93153,0.9811897086089011
93154,0.9812085094998467
93155,0.9812272915992971
93156,0.9812460549260345
93157,0.9812647994988221
93158,0.9812835253364044
93159,0.9813022324575075
93160,0.9813209208808383
93161,0.9813395906250854
93162,0.9813582417089184
93163,0.9813768741509884
93164,0.9813954879699279
93165,0.9814140831843507
93166,0.9814326598128521
93167,0.9814512178740087
93168,0.9814697573863785
93169,0.981488278368501
93170,0.9815067808388973
93171,0.9815252648160698
93172,0.9815437303185025
93173,0.9815621773646609
93174,0.981580605972992
93175,0.9815990161619246
93176,0.9816174079498686
93177,0.9816357813552161
93178,0.9816541363963404
93179,0.9816724730915964
93180,0.981690791459321
93181,0.9817090915178325
93182,0.9817273732854308
93183,0.9817456367803978
93184,0.9817638820209972
93185,0.9817821090254739
93186,0.9818003178120551
93187,0.9808190081490745
93188,0.9808381795552223
93189,0.9808573317995449
93190,0.9808764649011945
93191,0.9808955788793042
93192,0.9809146737529881
93193,0.9809337495413409
93194,0.9809528062634385
93195,0.9809718439383376
93196,0.9809908625850758
93197,0.981009862222672
93198,0.9810288428701256
93199,0.9810478045464173
93200,0.9810667472705088
93201,0.9810856710613429
93202,0.9811045759378433
93203,0.9811234619189149
93204,0.9811423290234437
93205,0.9811611772702968
93206,0.9811800066783225
93207,0.9811988172663502
93208,0.9812176090531904
93209,0.9812363820576351
93210,0.980255636048582
93211,0.9802753705452851
93212,0.9802950853173538
93213,0.9803147803845028
93214,0.9803344557664273
93215,0.9803541114828027
93216,0.9803737475532847
93217,0.9803933639975093
93218,0.980412960835093
93219,0.9804325380856326
93220,0.9804520957687054
93221,0.9804716339038692
93222,0.9804911525106619
93223,0.9805106516086023
93224,0.9805301312171893
93225,0.9805495913559028
93226,0.9805690320442028
93227,0.9805884533015299
93228,0.9806078551473054
93229,0.9806272376009313
93230,0.9796471004319148
93231,0.9796674431601188
93232,0.9796877655557609
93233,0.9797080676391634
93234,0.9797283494306285
93235,0.979748610950438
93236,0.9787693519689783
93237,0.9787905720069903
93238,0.978811770835569
93239,0.9788329484759133
93240,0.9788541049492008
93241,0.9788752402765879
93242,0.97889635447921
93243,0.9789174475781813
93244,0.978938519594595
93245,0.978959570549523
93246,0.9789806004640162
93247,0.9790016093591047
93248,0.9790225972557973
93249,0.9790435641750819
93250,0.9790645101379254
93251,0.9790854351652738
93252,0.9791063392780521
93253,0.9791272224971646
93254,0.9791480848434942
93255,0.9791689263379035
93256,0.979189747001234
93257,0.9792105468543062
93258,0.9792313259179201
93259,0.9792520842128547
93260,0.9792728217598683
93261,0.9792935385796985
93262,0.9793142346930621
93263,0.9793349101206552
93264,0.9793555648831533
93265,0.9793761990012112
93266,0.9793968124954628
93267,0.9794174053865219
93268,0.9794379776949811
93269,0.9794585294414129
93270,0.979479060646369
93271,0.9794995713303807
93272,0.9795200615139585
93273,0.9795405312175928
93274,0.9795609804617531
93275,0.9795814092668887
93276,0.9796018176534286
93277,0.9796222056417809
93278,0.9796425732523338
93279,0.9796629205054549
93280,0.9796832474214914
93281,0.9797035540207703
93282,0.979723840323598
93283,0.9797441063502611
93284,0.9797643521210254
93285,0.9797845776561368
93286,0.9798047829758209
93287,0.9798249681002829
93288,0.9798451330497079
93289,0.9798652778442609
93290,0.9798854025040867
93291,0.978906006799435
93292,0.9789270902509097
93293,0.9789481526294695
93294,0.9789691939561768
93295,0.9789902142520727
93296,0.9790112135381775
93297,0.9790321918354907
93298,0.9790531491649905
93299,0.9790740855476342
93300,0.9790950010043582
93301,0.979115895556078
93302,0.9791367692236882
93303,0.9791576220280623
93304,0.9791784539900533
93305,0.979199265130493
93306,0.9792200554701928
93307,0.9792408250299427
93308,0.9792615738305125
93309,0.9792823018926509
93310,0.979303009237086
93311,0.9793236958845252
93312,0.9793443618556551
93313,0.9793650071711417
93314,0.9793856318516303
93315,0.9794062359177456
93316,0.9794268193900917
93317,0.979447382289252
93318,0.9794679246357895
93319,0.9794884464502465
93320,0.9795089477531448
93321,0.9795294285649857
93322,0.97954988890625
93323,0.9795703287973982
93324,0.9795907482588702
93325,0.9796111473110852
93326,0.9796315259744425
93327,0.9796518842693206
93328,0.9796722222160779
93329,0.9796925398350523
93330,0.9797128371465615
93331,0.9797331141709028
93332,0.9787538706784781
93333,0.9787751061900438
93334,0.9787963204767104
93335,0.9788175135596922
93336,0.9788386854601823
93337,0.9788598361993525
93338,0.9788809657983536
93339,0.9789020742783152
93340,0.9789231616603459
93341,0.9789442279655329
93342,0.9789652732149426
93343,0.9789862974296204
93344,0.9790073006305903
93345,0.9790282828388556
93346,0.9790492440753984
93347,0.9790701843611801
93348,0.9790911037171409
93349,0.9791120021642002
93350,0.9791328797232565
93351,0.9791537364151872
93352,0.9791745722608491
93353,0.9791953872810781
93354,0.9792161814966892
93355,0.9792369549284766
93356,0.9792577075972138
93357,0.9792784395236533
93358,0.9792991507285272
93359,0.9793198412325467
93360,0.9793405110564022
93361,0.9793611602207636
93362,0.97938178874628
93363,0.9794023966535801
93364,0.9794229839632717
93365,0.979443550695942
93366,0.979464096872158
93367,0.9794846225124656
93368,0.9795051276373906
93369,0.9795256122674382
93370,0.9795460764230929
93371,0.9795665201248189
93372,0.97958694339306
93373,0.9796073462482393
93374,0.9796277287107598
93375,0.9796480908010039
93376,0.9796684325393338
93377,0.9796887539460911
93378,0.9797090550415972
93379,0.9797293358461533
93380,0.9797495963800402
93381,0.9797698366635185
93382,0.9797900567168283
93383,0.9798102565601898
93384,0.9798304362138028
93385,0.979850595697847
93386,0.9798707350324819
93387,0.9798908542378467
93388,0.9799109533340608
93389,0.9799310323412231
93390,0.9799510912794128
93391,0.9799711301686888
93392,0.9799911490290899
93393,0.980011147880635
93394,0.980031126743323
93395,0.9800510856371328
93396,0.9800710245820232
93397,0.9800909435979333
93398,0.9801108427047819
93399,0.9801307219224683
93400,0.9801505812708716
93401,0.9801704207698513
93402,0.9801902404392467
93403,0.9802100402988777
93404,0.980229820368544
93405,0.9802495806680257
93406,0.9802693212170831
93407,0.9802890420354569
93408,0.9803087431428676
93409,0.9803284245590167
93410,0.9803480863035854
93411,0.9803677283962354
93412,0.980387350856609
93413,0.9804069537043285
93414,0.9804265369589968
93415,0.9804461006401972
93416,0.9804656447674933
93417,0.9804851693604294
93418,0.9795051741886549
93419,0.9795256587721745
93420,0.9795461228813477
93421,0.9795665665366386
93422,0.9795869897584911
93423,0.9796073925673282
93424,0.9796277749835528
93425,0.9796481370275473
93426,0.9796684787196737
93427,0.9796888000802737
93428,0.9797091011296687
93429,0.9797293818881597
93430,0.9797496423760276
93431,0.9797698826135328
93432,0.9797901026209156
93433,0.979810302418396
93434,0.9798304820261736
93435,0.9798506414644284
93436,0.9798707807533195
93437,0.9798908999129863
93438,0.979910998963548
93439,0.9799310779251037
93440,0.9799511368177323
93441,0.9799711756614926
93442,0.9799911944764237
93443,0.9800111932825442
93444,0.9800311720998529
93445,0.9800511309483289
93446,0.9800710698479307
93447,0.9800909888185975
93448,0.980110887880248
93449,0.9801307670527815
93450,0.9801506263560771
93451,0.980170465809994
93452,0.9801902854343718
93453,0.9802100852490301
93454,0.9802298652737687
93455,0.9802496255283676
93456,0.9802693660325871
93457,0.9802890868061677
93458,0.9803087878688301
93459,0.9803284692402756
93460,0.9803481309401854
93461,0.9803677729882212
93462,0.9803873954040251
93463,0.9804069982072194
93464,0.9804265814174071
93465,0.9804461450541714
93466,0.9804656891370758
93467,0.9804852136856644
93468,0.9805047187194619
93469,0.9805242042579732
93470,0.9805436703206838
93471,0.9805631169270599
93472,0.9805825440965481
93473,0.9806019518485756
93474,0.98062134020255
93475,0.9806407091778597
93476,0.9806600587938739
93477,0.9806793890699419
93478,0.9806987000253943
93479,0.9807179916795418
93480,0.9807372640516762
93481,0.9807565171610698
93482,0.9807757510269758
93483,0.980794965668628
93484,0.9808141611052411
93485,0.9808333373560105
93486,0.9798529941902374
93487,0.9798731311275785
93488,0.9798932479380457
93489,0.9799133446417557
93490,0.9799334212588054
93491,0.9799534778092714
93492,0.9799735143132102
93493,0.9799935307906583
93494,0.9800135272616322
93495,0.9800335037461283
93496,0.9800534602641232
93497,0.9800733968355734
93498,0.9800933134804154
93499,0.9801132102185659
93500,0.9801330870699216
93501,0.9801529440543595
93502,0.9791732809418614
93503,0.9791940972527641
93504,0.9792148927577589
93505,0.9792356674776411
93506,0.9792564214331857
93507,0.9792771546451465
93508,0.9792978671342568
93509,0.9793185589212291
93510,0.9793392300267552
93511,0.979359880471506
93512,0.9793805102761322
93513,0.9794011194612634
93514,0.979421708047509
93515,0.9794422760554575
93516,0.9794628235056769
93517,0.9794833504187147
93518,0.9795038568150978
93519,0.9795243427153325
93520,0.9795448081399049
93521,0.9795652531092802
93522,0.9795856776439036
93523,0.9796060817641995
93524,0.9796264654905721
93525,0.9796468288434051
93526,0.979667171843062
93527,0.9796874945098855
93528,0.9797077968641984
93529,0.9797280789263032
93530,0.9797483407164818
93531,0.979768582254996
93532,0.9797888035620874
93533,0.9798090046579774
93534,0.9798291855628669
93535,0.979849346296937
93536,0.9798694868803484
93537,0.9798896073332416
93538,0.9799097076757372
93539,0.9799297879279353
93540,0.9799498481099164
93541,0.9799698882417406
93542,0.979989908343448
93543,0.9800099084350588
93544,0.9800298885365729
93545,0.9800498486679706
93546,0.980069788849212
93547,0.9800897091002373
93548,0.9801096094409667
93549,0.9801294898913006
93550,0.9801493504711194
93551,0.9801691912002837
93552,0.9801890120986342
93553,0.9802088131859918
93554,0.9802285944821578
93555,0.9802483560069133
93556,0.9802680977800198
93557,0.9802878198212192
93558,0.9803075221502334
93559,0.9803272047867649
93560,0.9803468677504963
93561,0.9803665110610905
93562,0.9803861347381909
93563,0.9804057388014211
93564,0.9804253232703852
93565,0.9804448881646677
93566,0.9804644335038334
93567,0.9804839593074277
93568,0.9805034655949765
93569,0.980522952385986
93570,0.980542419699943
93571,0.9805618675563149
93572,0.9805812959745495
93573,0.9806007049740751
93574,0.980620094574301
93575,0.9806394647946165
93576,0.980658815654392
93577,0.9806781471729783
93578,0.980697459369707
93579,0.9807167522638902
93580,0.9807360258748209
93581,0.9807552802217726
93582,0.9807745153239997
93583,0.9807937312007373
93584,0.9808129278712013
93585,0.9808321053545884
93586,0.9808512636700761
93587,0.9808704028368227
93588,0.9808895228739674
93589,0.98090862380063
93590,0.9809277056359118
93591,0.9809467683988944
93592,0.9809658121086406
93593,0.9809848367841942
93594,0.9810038424445798
93595,0.9810228291088031
93596,0.9810417967958508
93597,0.9810607455246905
93598,0.981079675314271
93599,0.9810985861835221
93600,0.9811174781513546
93601,0.9811363512366607
93602,0.9811552054583131
93603,0.9811740408351664
93604,0.9811928573860558
93605,0.9812116551297978
93606,0.9812304340851903
93607,0.9812491942710122
93608,0.9812679357060237
93609,0.9812866584089661
93610,0.9813053623985624
93611,0.9813240476935163
93612,0.9813427143125133
93613,0.9813613622742199
93614,0.9813799915972842
93615,0.9813986023003354
93616,0.9814171944019843
93617,0.9814357679208229
93618,0.9814543228754248
93619,0.9814728592843449
93620,0.9814913771661197
93621,0.981509876539267
93622,0.9815283574222863
93623,0.9815468198336583
93624,0.9815652637918456
93625,0.981583689315292
93626,0.9816020964224232
93627,0.9816204851316462
93628,0.9816388554613498
93629,0.9816572074299041
93630,0.9816755410556613
93631,0.981693856356955
93632,0.9817121533521005
93633,0.9817304320593947
93634,0.9817486924971165
93635,0.9817669346835262
93636,0.981785158636866
93637,0.9818033643753599
93638,0.9818215519172135
93639,0.9818397212806146
93640,0.9818578724837325
93641,0.9818760055447182
93642,0.981894120481705
93643,0.9819122173128078
93644,0.9819302960561233
93645,0.9819483567297304
93646,0.9819663993516896
93647,0.9819844239400437
93648,0.9820024305128173
93649,0.982020419088017
93650,0.9820383896836311
93651,0.9820563423176305
93652,0.9820742770079677
93653,0.9820921937725774
93654,0.9821100926293764
93655,0.9821279735962636
93656,0.9821458366911199
93657,0.9821636819318084
93658,0.9821815093361743
93659,0.9821993189220453
93660,0.9822171107072306
93661,0.9822348847095222
93662,0.9822526409466942
93663,0.9822703794365025
93664,0.9822881001966859
93665,0.9823058032449651
93666,0.9823234885990431
93667,0.9823411562766052
93668,0.9823588062953192
93669,0.9823764386728352
93670,0.9823940534267854
93671,0.9824116505747846
93672,0.9824292301344301
93673,0.9824467921233012
93674,0.981464836309085
93675,0.9814833622098256
93676,0.9815018695939237
93677,0.9815203584798868
93678,0.9815388288862038
93679,0.9815572808313451
93680,0.9815757143337626
93681,0.9815941294118897
93682,0.9816125260841417
93683,0.9816309043689152
93684,0.9816492642845884
93685,0.9816676058495214
93686,0.9816859290820557
93687,0.9817042340005143
93688,0.9817225206232024
93689,0.9817407889684067
93690,0.9817590390543952
93691,0.9817772708994184
93692,0.9817954845217078
93693,0.9818136799394772
93694,0.981831857170922
93695,0.9818500162342194
93696,0.9818681571475285
93697,0.9818862799289902
93698,0.9819043845967274
93699,0.9819224711688446
93700,0.9819405396634284
93701,0.9819585900985475
93702,0.981976622492252
93703,0.9819946368625746
93704,0.9820126332275295
93705,0.9820306116051132
93706,0.982048572013304
93707,0.9820665144700623
93708,0.9820844389933306
93709,0.9821023456010335
93710,0.9821202343110774
93711,0.9821381051413512
93712,0.9821559581097257
93713,0.9821737932340537
93714,0.9821916105321706
93715,0.9822094100218935
93716,0.9822271917210221
93717,0.9822449556473379
93718,0.982262701818605
93719,0.9822804302525694
93720,0.9822981409669597
93721,0.9823158339794864
93722,0.9823335093078427
93723,0.9823511669697039
93724,0.9823688069827277
93725,0.982386429364554
93726,0.9824040341328053
93727,0.9824216213050864
93728,0.9824391908989843
93729,0.9824567429320689
93730,0.9824742774218919
93731,0.9824917943859879
93732,0.9825092938418739
93733,0.9825267758070495
93734,0.9825442402989965
93735,0.9825616873351793
93736,0.9825791169330452
93737,0.9825965291100237
93738,0.982613923883527
93739,0.9826313012709498
93740,0.9826486612896694
93741,0.9826660039570461
93742,0.9826833292904223
93743,0.9827006373071235
93744,0.9827179280244578
93745,0.9827352014597157
93746,0.9827524576301707
93747,0.9827696965530791
93748,0.9827869182456798
93749,0.9828041227251944
93750,0.9828213100088273
93751,0.9828384801137661
93752,0.9828556330571806
93753,0.9828727688562239
93754,0.9828898875280317
93755,0.9829069890897228
93756,0.9829240735583988
93757,0.982941140951144
93758,0.9829581912850259
93759,0.9829752245770949
93760,0.9829922408443841
93761,0.9830092401039099
93762,0.9830262223726716
93763,0.9830431876676514
93764,0.9830601360058147
93765,0.9830770674041097
93766,0.983093981879468
93767,0.9831108794488038
93768,0.9831277601290149
93769,0.9831446239369819
93770,0.9831614708895686
93771,0.983178301003622
93772,0.9831951142959722
93773,0.9832119107834325
93774,0.9832286904827994
93775,0.9832454534108526
93776,0.983262199584355
93777,0.9832789290200528
93778,0.9832956417346754
93779,0.9833123377449356
93780,0.9833290170675294
93781,0.9833456797191361
93782,0.9833623257164184
93783,0.9833789550760221
93784,0.9833955678145768
93785,0.9834121639486952
93786,0.9834287434949734
93787,0.983445306469991
93788,0.9834618528903109
93789,0.9834783827724795
93790,0.9834948961330267
93791,0.9835113929884659
93792,0.983527873355294
93793,0.9835443372499914
93794,0.9835607846890219
93795,0.9835772156888329
93796,0.9835936302658556
93797,0.9836100284365044
93798,0.9836264102171776
93799,0.9836427756242568
93800,0.9836591246741077
93801,0.983675457383079
93802,0.9836917737675037
93803,0.9837080738436981
93804,0.9837243576279623
93805,0.98374062513658
93806,0.9837568763858188
93807,0.9837731113919299
93808,0.9837893301711483
93809,0.983805532739693
93810,0.9838217191137663
93811,0.9838378893095546
93812,0.9838540433432282
93813,0.9838701812309412
93814,0.9838863029888313
93815,0.9839024086330204
93816,0.9839184981796141
93817,0.9839345716447019
93818,0.9839506290443574
93819,0.9839666703946379
93820,0.9839826957115848
93821,0.9839987050112234
93822,0.984014698309563
93823,0.9840306756225969
93824,0.9840466369663025
93825,0.984062582356641
93826,0.984078511809558
93827,0.9840944253409827
93828,0.9841103229668288
93829,0.9841262047029938
93830,0.9841420705653596
93831,0.984157920569792
93832,0.9841737547321411
93833,0.9841895730682408
93834,0.9842053755939097
93835,0.9842211623249503
93836,0.9842369332771492
93837,0.9842526884662776
93838,0.9842684279080903
93839,0.9842841516183272
93840,0.9842998596127116
93841,0.9833160516570767
93842,0.9833327272676143
93843,0.9833493862108751
93844,0.9833660285035178
93845,0.983382654162185
93846,0.9833992632035021
93847,0.9834158556440783
93848,0.983432431500506
93849,0.983448990789361
93850,0.9834655335272027
93851,0.9834820597305738
93852,0.9834985694160004
93853,0.9835150625999924
93854,0.9835315392990429
93855,0.9835479995296286
93856,0.9835644433082097
93857,0.98358087065123
93858,0.9835972815751168
93859,0.9836136760962811
93860,0.9836300542311175
93861,0.9836464159960039
93862,0.9836627614073022
93863,0.9836790904813579
93864,0.9836954032345
93865,0.9837116996830412
93866,0.983727979843278
93867,0.9837442437314906
93868,0.983760491363943
93869,0.9837767227568825
93870,0.9837929379265409
93871,0.9838091368891331
93872,0.9838253196608581
93873,0.9838414862578987
93874,0.9838576366964216
93875,0.9838737709925771
93876,0.9838898891624995
93877,0.9839059912223072
93878,0.983922077188102
93879,0.9839381470759699
93880,0.9839542009019809
93881,0.9839702386821888
93882,0.9839862604326314
93883,0.9840022661693304
93884,0.9840182559082916
93885,0.9840342296655047
93886,0.9840501874569435
93887,0.9840661292985657
93888,0.9840820552063133
93889,0.9840979651961121
93890,0.9841138592838722
93891,0.9841297374854875
93892,0.9841455998168364
93893,0.984161446293781
93894,0.984177276932168
93895,0.9841930917478281
93896,0.9842088907565759
93897,0.9842246739742105
93898,0.9832409411666401
93899,0.9832576918501317
93900,0.983274425791311
93901,0.9832911430069119
93902,0.9833078435136516
93903,0.9833245273282307
93904,0.9833411944673329
93905,0.9833578449476255
93906,0.9833744787857588
93907,0.9833910959983667
93908,0.9824081963521915
93909,0.9824257793643332
93910,0.9824433448022499
93911,0.982460892683507
93912,0.9824784230256525
93913,0.9824959358462165
93914,0.9825134311627121
93915,0.9825309089926344
93916,0.9825483693534613
93917,0.9825658122626533
93918,0.9825832377376531
93919,0.9826006457958864
93920,0.982618036454761
93921,0.9826354097316677
93922,0.98265276564398
93923,0.9826701042090534
93924,0.9826874254442268
93925,0.9827047293668213
93926,0.9827220159941408
93927,0.9817397850935969
93928,0.9817580361829586
93929,0.981776269030352
93930,0.9817944836540098
93931,0.9818126800721467
93932,0.9818308583029591
93933,0.9818490183646253
93934,0.9818671602753054
93935,0.9818852840531411
93936,0.9819033897162565
93937,0.9819214772827569
93938,0.9819395467707301
93939,0.9819575981982457
93940,0.9819756315833549
93941,0.9819936469440912
93942,0.9820116442984699
93943,0.9820296236644884
93944,0.9820475850601261
93945,0.9820655285033444
93946,0.9820834540120866
93947,0.9821013616042784
93948,0.9821192512978274
93949,0.9821371231106232
93950,0.9821549770605376
93951,0.9821728131654246
93952,0.9811911311932453
93953,0.9812099306623175
93954,0.9812287113413157
93955,0.9812474732490205
93956,0.9812662164041939
93957,0.9812849408255789
93958,0.9813036465319002
93959,0.9813223335418633
93960,0.9813410018741553
93961,0.9813596515474445
93962,0.9813782825803806
93963,0.9813968949915947
93964,0.981415488799699
93965,0.9814340640232875
93966,0.9814526206809354
93967,0.9814711587911994
93968,0.9814896783726175
93969,0.9815081794437093
93970,0.9815266620229759
93971,0.9815451261289
93972,0.9815635717799456
93973,0.9815819989945583
93974,0.9816004077911654
93975,0.9816187981881758
93976,0.9816371702039797
93977,0.9816555238569492
93978,0.981673859165438
93979,0.9816921761477814
93980,0.9817104748222963
93981,0.9817287552072815
93982,0.9817470173210174
93983,0.981765261181766
93984,0.9817834868077713
93985,0.9818016942172587
93986,0.9818198834284358
93987,0.9818380544594919
93988,0.9818562073285979
93989,0.9818743420539067
93990,0.9818924586535529
93991,0.9819105571456533
93992,0.9819286375483064
93993,0.9819466998795925
93994,0.981964744157574
93995,0.981982770400295
93996,0.982000778625782
93997,0.982018768852043
93998,0.9820367410970684
93999,0.9820546953788305
94000,0.9820726317152835
94001,0.9820905501243636
94002,0.9821084506239894
94003,0.9821263332320614
94004,0.9821441979664621
94005,0.9821620448450563
94006,0.982179873885691
94007,0.982197685106195
94008,0.9822154785243797
94009,0.9822332541580385
94010,0.982251012024947
94011,0.9822687521428631
94012,0.9822864745295269
94013,0.9823041792026608
94014,0.9823218661799694
94015,0.9823395354791399
94016,0.9823571871178414
94017,0.9823748211137255
94018,0.9823924374844265
94019,0.9824100362475605
94020,0.9824276174207264
94021,0.9824451810215052
94022,0.9824627270674607
94023,0.9824802555761389
94024,0.9824977665650684
94025,0.9825152600517599
94026,0.9825327360537072
94027,0.9825501945883861
94028,0.9825676356732553
94029,0.9825850593257558
94030,0.9826024655633112
94031,0.9826198544033279
94032,0.9826372258631946
94033,0.9826545799602828
94034,0.9826719167119468
94035,0.9826892361355231
94036,0.9827065382483311
94037,0.9827238230676731
94038,0.9827410906108339
94039,0.982758340895081
94040,0.9827755739376646
94041,0.9827927897558179
94042,0.9828099883667566
94043,0.9828271697876794
94044,0.9828443340357677
94045,0.9828614811281857
94046,0.9828786110820806
94047,0.9828957239145824
94048,0.9829128196428036
94049,0.9829298982838404
94050,0.9829469598547711
94051,0.9829640043726574
94052,0.9829810318545438
94053,0.9829980423174578
94054,0.9830150357784099
94055,0.9830320122543935
94056,0.9830489717623851
94057,0.9830659143193443
94058,0.9830828399422136
94059,0.9830997486479185
94060,0.9831166404533679
94061,0.9831335153754535
94062,0.9831503734310502
94063,0.9831672146370162
94064,0.9831840390101926
94065,0.9832008465674038
94066,0.9832176373254574
94067,0.9832344113011441
94068,0.9832511685112378
94069,0.9832679089724959
94070,0.9832846327016589
94071,0.9833013397154503
94072,0.9833180300305773
94073,0.9833347036637301
94074,0.9833513606315825
94075,0.9833680009507912
94076,0.9833846246379968
94077,0.9834012317098229
94078,0.9834178221828765
94079,0.9834343960737483
94080,0.9834509533990119
94081,0.9834674941752248
94082,0.9834840184189277
94083,0.983500526146645
94084,0.9835170173748842
94085,0.9835334921201366
94086,0.9835499503988772
94087,0.9835663922275639
94088,0.9835828176226388
94089,0.9835992266005272
94090,0.9836156191776382
94091,0.9836319953703642
94092,0.9836483551950814
94093,0.9836646986681498
94094,0.9836810258059128
94095,0.9836973366246975
94096,0.9837136311408148
94097,0.983729909370559
94098,0.9837461713302087
94099,0.9837624170360256
94100,0.9837786465042555
94101,0.9837948597511278
94102,0.9838110567928559
94103,0.9838272376456366
94104,0.9838434023256509
94105,0.9838595508490636
94106,0.9838756832320231
94107,0.9838917994906617
94108,0.9839078996410958
94109,0.9839239836994256
94110,0.983940051681735
94111,0.9839561036040921
94112,0.9839721394825488
94113,0.983988159333141
94114,0.9840041631718884
94115,0.9840201510147951
94116,0.9840361228778488
94117,0.9840520787770214
94118,0.9840680187282688
94119,0.9840839427475309
94120,0.9840998508507317
94121,0.9841157430537795
94122,0.9841316193725663
94123,0.9841474798229686
94124,0.9841633244208466
94125,0.9841791531820452
94126,0.984194966122393
94127,0.984210763257703
94128,0.9842265446037722
94129,0.9842423101763822
94130,0.9842580599912983
94131,0.9842737940642705
94132,0.9842895124110329
94133,0.9843052150473037
94134,0.9843209019887856
94135,0.9843365732511656
94136,0.984352228850115
94137,0.9843678688012892
94138,0.9843834931203285
94139,0.9843991018228568
94140,0.9844146949244832
94141,0.9844302724408005
94142,0.9844458343873864
94143,0.9844613807798028
94144,0.9844769116335962
94145,0.9844924269642973
94146,0.9845079267874214
94147,0.9845234111184684
94148,0.9845388799729228
94149,0.9845543333662532
94150,0.9845697713139131
94151,0.9845851938313405
94152,0.9846006009339578
94153,0.9846159926371723
94154,0.9846313689563755
94155,0.9846467299069438
94156,0.9846620755042382
94157,0.9846774057636043
94158,0.9846927207003723
94159,0.9847080203298572
94160,0.9847233046673586
94161,0.9847385737281609
94162,0.984753827527533
94163,0.9847690660807289
94164,0.984784289402987
94165,0.9847994975095308
94166,0.9848146904155682
94167,0.9848298681362924
94168,0.9848450306868808
94169,0.984860178082496
94170,0.9848753103382857
94171,0.9848904274693818
94172,0.9849055294909017
94173,0.9849206164179473
94174,0.9849356882656055
94175,0.9849507450489482
94176,0.9849657867830323
94177,0.9849808134828993
94178,0.9849958251635761
94179,0.9850108218400743
94180,0.9850258035273906
94181,0.9850407702405066
94182,0.9850557219943892
94183,0.98507065880399
94184,0.9850855806842459
94185,0.9851004876500787
94186,0.9851153797163955
94187,0.9851302568980883
94188,0.9851451192100342
94189,0.9851599666670957
94190,0.9851747992841201
94191,0.9851896170759401
94192,0.9852044200573734
94193,0.9852192082432231
94194,0.9852339816482774
94195,0.9852487402873096
94196,0.9852634841750784
94197,0.9852782133263277
94198,0.9852929277557867
94199,0.9853076274781697
94200,0.9853223125081765
94201,0.9853369828604921
94202,0.9853516385497869
94203,0.9853662795907167
94204,0.9853809059979224
94205,0.9853955177860304
94206,0.9854101149696526
94207,0.985424697563386
94208,0.9854392655818134
94209,0.9854538190395027
94210,0.9854683579510074
94211,0.9854828823308664
94212,0.9854973921936042
94213,0.9855118875537305
94214,0.9855263684257408
94215,0.9855408348241159
94216,0.9855552867633222
94217,0.9855697242578116
94218,0.9855841473220217
94219,0.9855985559703755
94220,0.9856129502172817
94221,0.9856273300771344
94222,0.9856416955643137
94223,0.985656046693185
94224,0.9856703834780993
94225,0.9856847059333935
94226,0.9856990140733901
94227,0.9857133079123972
94228,0.9857275874647087
94229,0.985741852744604
94230,0.9857561037663486
94231,0.9857703405441933
94232,0.985784563092375
94233,0.9857987714251163
94234,0.9858129655566255
94235,0.9858271455010966
94236,0.9858413112727097
94237,0.9858554628856305
94238,0.9858696003540107
94239,0.9858837236919877
94240,0.9858978329136849
94241,0.9859119280332115
94242,0.9859260090646625
94243,0.9859400760221192
94244,0.9859541289196483
94245,0.9859681677713028
94246,0.9859821925911216
94247,0.9859962033931295
94248,0.9860102001913373
94249,0.9860241829997418
94250,0.9860381518323258
94251,0.9860521067030581
94252,0.9860660476258937
94253,0.9860799746147734
94254,0.9860938876836242
94255,0.9861077868463591
94256,0.9861216721168775
94257,0.9861355435090645
94258,0.9861494010367916
94259,0.9861632447139163
94260,0.9861770745542822
94261,0.9861908905717192
94262,0.9862046927800433
94263,0.9862184811930568
94264,0.986232255824548
94265,0.9862460166882916
94266,0.9862597637980485
94267,0.9862734971675656
94268,0.9862872168105765
94269,0.9863009227408008
94270,0.9863146149719445
94271,0.9863282935176997
94272,0.986341958391745
94273,0.9863556096077453
94274,0.9863692471793517
94275,0.986382871120202
94276,0.9863964814439199
94277,0.9864100781641159
94278,0.9864236612943866
94279,0.9864372308483152
94280,0.9864507868394714
94281,0.9864643292814109
94282,0.9864778581876764
94283,0.9864913735717967
94284,0.9865048754472872
94285,0.9865183638276497
94286,0.9865318387263726
94287,0.986545300156931
94288,0.9865587481327861
94289,0.986572182667386
94290,0.9865856037741653
94291,0.9865990114665449
94292,0.9866124057579327
94293,0.986625786661723
94294,0.9866391541912964
94295,0.9866525083600208
94296,0.9866658491812502
94297,0.9866791766683254
94298,0.9866924908345739
94299,0.98670579169331
94300,0.9867190792578344
94301,0.9867323535414347
94302,0.9867456145573853
94303,0.9867588623189472
94304,0.986772096839368
94305,0.9867853181318823
94306,0.9867985262097115
94307,0.9868117210860636
94308,0.9868249027741335
94309,0.9868380712871029
94310,0.9868512266381403
94311,0.986864368840401
94312,0.9868774979070273
94313,0.9868906138511482
94314,0.9869037166858796
94315,0.9869168064243246
94316,0.9869298830795726
94317,0.9869429466647005
94318,0.9869559971927717
94319,0.9869690346768369
94320,0.9869820591299335
94321,0.9869950705650861
94322,0.9870080689953059
94323,0.9870210544335914
94324,0.9870340268929282
94325,0.9870469863862886
94326,0.9870599329266322
94327,0.9870728665269054
94328,0.9870857872000419
94329,0.9870986949589624
94330,0.9871115898165747
94331,0.9871244717857734
94332,0.9871373408794408
94333,0.9871501971104459
94334,0.9871630404916449
94335,0.9871758710358812
94336,0.9871886887559853
94337,0.9872014936647749
94338,0.987214285775055
94339,0.9872270650996177
94340,0.9872398316512422
94341,0.9872525854426952
94342,0.9872653264867305
94343,0.9872780547960891
94344,0.9872907703834993
94345,0.9873034732616768
94346,0.9873161634433243
94347,0.987328840941132
94348,0.9873415057677776
94349,0.9873541579359257
94350,0.9873667974582286
94351,0.9873794243473258
94352,0.9873920386158442
94353,0.9874046402763981
94354,0.987417229341589
94355,0.9874298058240062
94356,0.9874423697362261
94357,0.9874549210908126
94358,0.987467459900317
94359,0.9874799861772783
94360,0.9874924999342225
94361,0.9875050011836636
94362,0.9875174899381027
94363,0.9875299662100286
94364,0.9875424300119177
94365,0.9875548813562336
94366,0.9875673202554278
94367,0.9875797467219392
94368,0.9875921607681941
94369,0.9876045624066068
94370,0.9876169516495786
94371,0.9876293285094991
94372,0.987641692998745
94373,0.9876540451296808
94374,0.9876663849146586
94375,0.9876787123660183
94376,0.9876910274960873
94377,0.9877033303171806
94378,0.9877156208416012
94379,0.9877278990816396
94380,0.987740165049574
94381,0.9877524187576704
94382,0.9877646602181824
94383,0.9877768894433516
94384,0.9877891064454073
94385,0.9878013112365663
94386,0.9878135038290335
94387,0.9878256842350015
94388,0.9878378524666507
94389,0.9878500085361492
94390,0.9878621524556533
94391,0.9878742842373068
94392,0.9878864038932416
94393,0.9878985114355772
94394,0.9879106068764212
94395,0.987922690227869
94396,0.9879347615020041
94397,0.9879468207108977
94398,0.9879588678666089
94399,0.9879709029811851
94400,0.9879829260666612
94401,0.9879949371350603
94402,0.9880069361983935
94403,0.98801892326866
94404,0.9880308983578467
94405,0.9880428614779289
94406,0.9880548126408695
94407,0.9880667518586197
94408,0.9880786791431189
94409,0.9880905945062941
94410,0.9881024979600609
94411,0.9881143895163227
94412,0.988126269186971
94413,0.9881381369838855
94414,0.9881499929189341
94415,0.9881618370039726
94416,0.9881736692508453
94417,0.9871859894215091
94418,0.9871987970282843
94419,0.9872115918338532
94420,0.9872243738510108
94421,0.9872371430925391
94422,0.9872498995712072
94423,0.9872626432997718
94424,0.9872753742909763
94425,0.9872880925575521
94426,0.9873007981122173
94427,0.9873134909676773
94428,0.9873261711366251
94429,0.987338838631741
94430,0.9873514934656923
94431,0.9873641356511339
94432,0.9873767652007079
94433,0.9873893821270441
94434,0.9874019864427592
94435,0.9874145781604576
94436,0.987427157292731
94437,0.9874397238521586
94438,0.9874522778513068
94439,0.9874648193027298
94440,0.9874773482189689
94441,0.9874898646125532
94442,0.9875023684959989
94443,0.98751485988181
94444,0.9875273387824778
94445,0.9875398052104813
94446,0.9875522591782869
94447,0.9875647006983486
94448,0.9875771297831079
94449,0.9875895464449937
94450,0.9876019506964231
94451,0.9876143425498
94452,0.9876267220175163
94453,0.9876390891119516
94454,0.9876514438454729
94455,0.9876637862304349
94456,0.9876761162791802
94457,0.9876884340040386
94458,0.9877007394173279
94459,0.9877130325313536
94460,0.9877253133584086
94461,0.987737581910774
94462,0.9877498382007183
94463,0.9877620822404977
94464,0.9877743140423563
94465,0.9877865336185259
94466,0.987798740981226
94467,0.987810936142664
94468,0.9878231191150352
94469,0.9878352899105224
94470,0.9878474485412965
94471,0.987859595019516
94472,0.9878717293573276
94473,0.9878838515668655
94474,0.987895961660252
94475,0.987908059649597
94476,0.9879201455469987
94477,0.9879322193645429
94478,0.9879442811143034
94479,0.9879563308083421
94480,0.9879683684587086
94481,0.9879803940774405
94482,0.9879924076765635
94483,0.9880044092680912
94484,0.9880163988640251
94485,0.988028376476355
94486,0.9880403421170583
94487,0.9880522957981007
94488,0.9880642375314359
94489,0.9880761673290057
94490,0.9880880852027398
94491,0.9880999911645562
94492,0.9881118852263607
94493,0.9881237674000475
94494,0.9881356376974987
94495,0.9871479958807096
94496,0.9871608414620382
94497,0.9871736742042051
94498,0.987186494120043
94499,0.9871993012223718
94500,0.9872120955239986
94501,0.9872248770377178
94502,0.9872376457763108
94503,0.9872504017525464
94504,0.9872631449791806
94505,0.9872758754689565
94506,0.9872885932346047
94507,0.9873012982888429
94508,0.9873139906443763
94509,0.9873266703138972
94510,0.9873393373100852
94511,0.9873519916456073
94512,0.9873646333331179
94513,0.9873772623852587
94514,0.9873898788146588
94515,0.9874024826339345
94516,0.9874150738556897
94517,0.9874276524925156
94518,0.9874402185569908
94519,0.9874527720616815
94520,0.9874653130191411
94521,0.9874778414419105
94522,0.9874903573425183
94523,0.9875028607334804
94524,0.9875153516273
94525,0.987527830036468
94526,0.987540295973463
94527,0.9875527494507509
94528,0.9875651904807852
94529,0.9875776190760068
94530,0.9875900352488444
94531,0.9876024390117141
94532,0.9876148303770197
94533,0.9876272093571526
94534,0.9876395759644918
94535,0.9876519302114039
94536,0.987664272110243
94537,0.9876766016733511
94538,0.987688918913058
94539,0.9877012238416806
94540,0.987713516471524
94541,0.9877257968148807
94542,0.9877380648840313
94543,0.9877503206912436
94544,0.9877625642487736
94545,0.9877747955688648
94546,0.9877870146637485
94547,0.9877992215456438
94548,0.9878114162267576
94549,0.9868240984694095
94550,0.9868372677862817
94551,0.9868504239404183
94552,0.9868635669449757
94553,0.9868766968130966
94554,0.9868898135579112
94555,0.986902917192536
94556,0.9869160077300747
94557,0.9869290851836179
94558,0.9869421495662429
94559,0.9869552008910143
94560,0.9869682391709833
94561,0.9869812644191882
94562,0.9869942766486542
94563,0.9870072758723937
94564,0.9870202621034058
94565,0.9870332353546767
94566,0.9870461956391797
94567,0.9870591429698752
94568,0.9870720773597104
94569,0.9870849988216197
94570,0.9870979073685247
94571,0.9871108030133338
94572,0.9871236857689426
94573,0.987136555648234
94574,0.9871494126640779
94575,0.9871622568293311
94576,0.9871750881568381
94577,0.9871879066594299
94578,0.9872007123499252
94579,0.9872135052411297
94580,0.9872262853458362
94581,0.9872390526768249
94582,0.987251807246863
94583,0.9872645490687052
94584,0.9872772781550933
94585,0.9872899945187563
94586,0.9873026981724108
94587,0.9873153891287602
94588,0.9873280674004955
94589,0.9873407330002951
94590,0.9873533859408246
94591,0.9873660262347368
94592,0.987378653894672
94593,0.9873912689332581
94594,0.9874038713631099
94595,0.9874164611968299
94596,0.987429038447008
94597,0.9874416031262214
94598,0.9874541552470348
94599,0.9874666948220003
94600,0.9874792218636576
94601,0.9874917363845335
94602,0.9875042383971426
94603,0.987516727913987
94604,0.9875292049475562
94605,0.9875416695103273
94606,0.9875541216147647
94607,0.9875665612733207
94608,0.9875789884984347
94609,0.9875914033025343
94610,0.987603805698034
94611,0.9876161956973363
94612,0.9876285733128312
94613,0.9876409385568963
94614,0.9876532914418968
94615,0.9876656319801858
94616,0.9876779601841036
94617,0.9876902760659786
94618,0.9877025796381266
94619,0.987714870912851
94620,0.9877271499024434
94621,0.9877394166191825
94622,0.9877516710753352
94623,0.9877639132831559
94624,0.9877761432548869
94625,0.9877883610027581
94626,0.9878005665389873
94627,0.9878127598757799
94628,0.9878249410253294
94629,0.9878371099998168
94630,0.9878492668114112
94631,0.9878614114722694
94632,0.987873543994536
94633,0.9878856643903435
94634,0.9878977726718124
94635,0.987909868851051
94636,0.9879219529401554
94637,0.9879340249512097
94638,0.987946084896286
94639,0.9879581327874442
94640,0.987970168636732
94641,0.9879821924561856
94642,0.9879942042578286
94643,0.9880062040536728
94644,0.988018191855718
94645,0.9880301676759522
94646,0.988042131526351
94647,0.9880540834188783
94648,0.9880660233654862
94649,0.9880779513781144
94650,0.988089867468691
94651,0.988101771649132
94652,0.9881136639313418
94653,0.9881255443272126
94654,0.9881374128486247
94655,0.9881492695074466
94656,0.9881611143155351
94657,0.9881729472847349
94658,0.9881847684268791
94659,0.9881965777537888
94660,0.9882083752772732
94661,0.98822016100913
94662,0.9882319349611449
94663,0.9882436971450917
94664,0.9882554475727329
94665,0.9882671862558186
94666,0.9882789132060876
94667,0.9882906284352669
94668,0.9883023319550718
94669,0.9873145235273306
94670,0.9873272026642348
94671,0.9873398691283385
94672,0.9873525229323081
94673,0.9873651640887976
94674,0.987377792610448
94675,0.9873904085098878
94676,0.986403511549858
94677,0.9864171012434613
94678,0.9864306773541625
94679,0.9864442398955376
94680,0.9864577888811493
94681,0.9864713243245464
94682,0.9864848462392645
94683,0.9864983546388254
94684,0.9865118495367377
94685,0.9865253309464961
94686,0.986538798881582
94687,0.9865522533554635
94688,0.9865656943815949
94689,0.9865791219734175
94690,0.9865925361443586
94691,0.9866059369078325
94692,0.98661932427724
94693,0.9866326982659683
94694,0.9866460588873917
94695,0.9866594061548705
94696,0.9866727400817522
94697,0.9866860606813707
94698,0.9866993679670465
94699,0.986712661952087
94700,0.986725942649786
94701,0.9867392100734244
94702,0.9867524642362695
94703,0.9867657051515756
94704,0.9867789328325834
94705,0.9867921472925208
94706,0.9868053485446023
94707,0.986818536602029
94708,0.986831711477989
94709,0.9868448731856572
94710,0.9868580217381953
94711,0.9868711571487517
94712,0.9868842794304621
94713,0.9868973885964486
94714,0.9869104846598205
94715,0.9869235676336737
94716,0.9869366375310914
94717,0.9869496943651432
94718,0.9869627381488862
94719,0.9869757688953641
94720,0.9869887866176076
94721,0.9870017913286344
94722,0.9870147830414494
94723,0.9870277617690442
94724,0.9860412272745224
94725,0.9860551790713494
94726,0.9860691169233521
94727,0.9860830408444682
94728,0.9860969508486216
94729,0.9851113466998473
94730,0.9851262279125411
94731,0.9851410942514591
94732,0.9851559457314677
94733,0.9851707823674183
94734,0.9851856041741475
94735,0.9852004111664772
94736,0.9852152033592143
94737,0.9852299807671512
94738,0.9852447434050651
94739,0.9852594912877187
94740,0.9852742244298599
94741,0.9852889428462218
94742,0.9853036465515229
94743,0.9853183355604669
94744,0.9853330098877428
94745,0.9853476695480249
94746,0.9853623145559729
94747,0.9853769449262318
94748,0.985391560673432
94749,0.9854061618121892
94750,0.9854207483571046
94751,0.9854353203227646
94752,0.9854498777237414
94753,0.9854644205745922
94754,0.98547894888986
94755,0.985493462684073
94756,0.9855079619717451
94757,0.9855224467673755
94758,0.9855369170854491
94759,0.9855513729404362
94760,0.9855658143467926
94761,0.9855802413189597
94762,0.9855946538713646
94763,0.9856090520184196
94764,0.9856234357745232
94765,0.9856378051540589
94766,0.9856521601713961
94767,0.98566650084089
94768,0.9856808271768811
94769,0.9856951391936958
94770,0.9857094369056462
94771,0.9857237203270298
94772,0.9857379894721302
94773,0.9857522443552166
94774,0.9857664849905436
94775,0.9857807113923522
94776,0.9857949235748686
94777,0.985809121552305
94778,0.9858233053388594
94779,0.9858374749487157
94780,0.9858516303960433
94781,0.9858657716949978
94782,0.9858798988597204
94783,0.9858940119043383
94784,0.9859081108429647
94785,0.9859221956896984
94786,0.9859362664586242
94787,0.985950323163813
94788,0.9859643658193215
94789,0.9859783944391922
94790,0.9859924090374539
94791,0.9860064096281211
94792,0.9860203962251944
94793,0.9860343688426605
94794,0.9850488272446168
94795,0.9850637709455218
94796,0.9850786997101939
94797,0.9850936135535621
94798,0.98510851249054
94799,0.9851233965360267
94800,0.9851382657049061
94801,0.9851531200120477
94802,0.9851679594723055
94803,0.9851827841005191
94804,0.9851975939115131
94805,0.9852123889200972
94806,0.9852271691410667
94807,0.9852419345892015
94808,0.9852566852792672
94809,0.9852714212260146
94810,0.9852861424441796
94811,0.9853008489484832
94812,0.9853155407536321
94813,0.9853302178743182
94814,0.9853448803252184
94815,0.9853595281209953
94816,0.9853741612762966
94817,0.9853887798057556
94818,0.9854033837239907
94819,0.985417973045606
94820,0.9854325477851905
94821,0.9854471079573193
94822,0.9854616535765524
94823,0.9854761846574354
94824,0.9854907012144994
94825,0.9855052032622611
94826,0.9855196908152224
94827,0.9855341638878709
94828,0.9855486224946796
94829,0.9855630666501072
94830,0.9855774963685978
94831,0.9855919116645813
94832,0.9856063125524728
94833,0.9856206990466732
94834,0.985635071161569
94835,0.9856494289115325
94836,0.9856637723109213
94837,0.9856781013740787
94838,0.985692416115334
94839,0.9857067165490018
94840,0.9847215024395075
94841,0.9847367733016369
94842,0.9847520289005358
94843,0.9847672692514599
94844,0.9847824943696493
94845,0.9847977042703293
94846,0.9848128989687098
94847,0.9848280784799854
94848,0.9848432428193358
94849,0.9848583920019252
94850,0.9848735260429028
94851,0.9848886449574027
94852,0.9849037487605438
94853,0.9849188374674298
94854,0.9849339110931495
94855,0.9849489696527766
94856,0.9849640131613695
94857,0.9849790416339719
94858,0.9849940550856121
94859,0.9850090535313036
94860,0.985024036986045
94861,0.9850390054648196
94862,0.9850539589825958
94863,0.9850688975543274
94864,0.9850838211949527
94865,0.9850987299193956
94866,0.9851136237425646
94867,0.9851285026793537
94868,0.9851433667446418
94869,0.9851582159532928
94870,0.985173050320156
94871,0.9851878698600659
94872,0.9852026745878419
94873,0.9852174645182888
94874,0.9852322396661966
94875,0.9852470000463402
94876,0.9852617456734803
94877,0.9852764765623624
94878,0.9852911927277174
94879,0.9853058941842614
94880,0.985320580946696
94881,0.9853352530297077
94882,0.9853499104479688
94883,0.9853645532161368
94884,0.9853791813488543
94885,0.9843942946108745
94886,0.9844098925173104
94887,0.9844254748336349
94888,0.9844410415754303
94889,0.9844565927582635
94890,0.9844721283976855
94891,0.9844876485092321
94892,0.9845031531084233
94893,0.9845186422107637
94894,0.9845341158317424
94895,0.9845495739868332
94896,0.984565016691494
94897,0.9845804439611676
94898,0.9845958558112814
94899,0.9846112522572471
94900,0.9846266333144612
94901,0.9846419989983048
94902,0.9846573493241436
94903,0.9846726843073279
94904,0.9846880039631927
94905,0.9847033083070575
94906,0.984718597354227
94907,0.9847338711199899
94908,0.9847491296196201
94909,0.9847643728683761
94910,0.9847796008815012
94911,0.9847948136742233
94912,0.9848100112617553
94913,0.9848251936592948
94914,0.9848403608820241
94915,0.9848555129451105
94916,0.9848706498637061
94917,0.9848857716529478
94918,0.9849008783279574
94919,0.9849159699038414
94920,0.9849310463956917
94921,0.9849461078185846
94922,0.9849611541875816
94923,0.9849761855177289
94924,0.984991201824058
94925,0.9850062031215852
94926,0.9850211894253117
94927,0.9850361607502239
94928,0.9850511171112932
94929,0.9850660585234758
94930,0.9850809850017133
94931,0.9850958965609319
94932,0.9851107932160434
94933,0.9851256749819445
94934,0.9851405418735167
94935,0.9851553939056271
94936,0.9851702310931277
94937,0.9851850534508557
94938,0.9851998609936334
94939,0.9852146537362685
94940,0.9852294316935536
94941,0.9852441948802667
94942,0.985258943311171
94943,0.985273677001015
94944,0.9852883959645322
94945,0.9853031002164417
94946,0.9853177897714478
94947,0.98533246464424
94948,0.985347124849493
94949,0.9853617704018673
94950,0.9853764013160085
94951,0.9853910176065471
94952,0.9854056192880998
94953,0.9854202063752681
94954,0.9854347788826391
94955,0.9854493368247854
94956,0.9854638802162649
94957,0.9844789088217458
94958,0.9844944221562568
94959,0.9845099199851861
94960,0.9845254023240315
94961,0.9845408691882753
94962,0.9845563205933845
94963,0.9845717565548104
94964,0.984587177087989
94965,0.9846025822083408
94966,0.9846179719312711
94967,0.9846333462721694
94968,0.9846487052464101
94969,0.9846640488693522
94970,0.9846793771563394
94971,0.9846946901226998
94972,0.9847099877837466
94973,0.9847252701547774
94974,0.9847405372510745
94975,0.984755789087905
94976,0.9847710256805208
94977,0.9847862470441584
94978,0.9848014531940393
94979,0.9848166441453696
94980,0.9848318199133402
94981,0.984846980513127
94982,0.9848621259598905
94983,0.9848772562687762
94984,0.9848923714549144
94985,0.9849074715334202
94986,0.9849225565193938
94987,0.98493762642792
94988,0.9849526812740691
94989,0.9849677210728957
94990,0.9849827458394395
94991,0.9849977555887254
94992,0.9850127503357632
94993,0.9850277300955476
94994,0.9850426948830583
94995,0.9850576447132602
94996,0.985072579601103
94997,0.9850874995615216
94998,0.9851024046094362
94999,0.9851172947597516
95000,0.9851321700273581
95001,0.9851470304271308
95002,0.9851618759739302
95003,0.9851767066826019
95004,0.9851915225679766
95005,0.9852063236448702
95006,0.9852211099280836
95007,0.9852358814324034
95008,0.9852506381726008
95009,0.9852653801634328
95010,0.9852801074196412
95011,0.9852948199559535
95012,0.985309517787082
95013,0.9853242009277245
95014,0.9853388693925644
95015,0.98535352319627
95016,0.9853681623534951
95017,0.9853827868788789
95018,0.985397396787046
95019,0.9854119920926061
95020,0.9854265728101548
95021,0.9854411389542725
95022,0.9854556905395256
95023,0.9854702275804657
95024,0.9854847500916296
95025,0.98549925808754
95026,0.9855137515827049
95027,0.9855282305916178
95028,0.9855426951287576
95029,0.985557145208589
95030,0.9855715808455618
95031,0.985586002054112
95032,0.9856004088486605
95033,0.9856148012436143
95034,0.9856291792533658
95035,0.985643542892293
95036,0.9856578921747594
95037,0.9856722271151145
95038,0.985686547727693
95039,0.9857008540268157
95040,0.9857151460267889
95041,0.9857294237419045
95042,0.9857436871864403
95043,0.9857579363746598
95044,0.9857721713208121
95045,0.9857863920391321
95046,0.9858005985438406
95047,0.9858147908491441
95048,0.985828968969235
95049,0.9858431329182913
95050,0.9858572827104769
95051,0.9858714183599417
95052,0.9858855398808214
95053,0.9849001470373623
95054,0.9849152393441715
95055,0.9849303165662163
95056,0.9849453787185739
95057,0.9849604258163065
95058,0.9849754578744611
95059,0.9849904749080698
95060,0.9850054769321497
95061,0.9850204639617027
95062,0.9850354360117161
95063,0.9850503930971616
95064,0.9850653352329966
95065,0.985080262434163
95066,0.9850951747155882
95067,0.9851100720921843
95068,0.9851249545788487
95069,0.985139822190464
95070,0.9851546749418979
95071,0.9851695128480029
95072,0.9851843359236171
95073,0.9851991441835635
95074,0.9842144373927754
95075,0.9842302150665457
95076,0.9842459769705272
95077,0.9842617231204817
95078,0.9842774535321553
95079,0.9842931682212787
95080,0.9843088672035663
95081,0.9843245504947171
95082,0.9843402181104145
95083,0.9843558700663261
95084,0.9843715063781039
95085,0.9843871270613841
95086,0.9844027321317875
95087,0.9844183216049192
95088,0.9844338954963685
95089,0.9844494538217095
95090,0.9844649965965003
95091,0.9844805238362839
95092,0.9844960355565875
95093,0.9845115317729227
95094,0.9845270125007859
95095,0.9845424777556576
95096,0.9845579275530033
95097,0.9845733619082727
95098,0.9845887808369002
95099,0.9836046841044295
95100,0.9836210712267639
95101,0.9836374419701654
95102,0.9836537963510049
95103,0.9836701343856366
95104,0.9836864560903985
95105,0.9837027614816125
95106,0.983719050575584
95107,0.9837353233886018
95108,0.9837515799369391
95109,0.9837678202368522
95110,0.9837840443045814
95111,0.9838002521563509
95112,0.9838164438083685
95113,0.983832619276826
95114,0.9838487785778987
95115,0.9838649217277459
95116,0.9838810487425107
95117,0.9838971596383203
95118,0.9839132544312854
95119,0.983929333137501
95120,0.9839453957730457
95121,0.9839614423539822
95122,0.9839774728963571
95123,0.9839934874162007
95124,0.9840094859295279
95125,0.984025468452337
95126,0.9840414350006105
95127,0.984057385590315
95128,0.9840733202374011
95129,0.9840892389578035
95130,0.9841051417674409
95131,0.9841210286822161
95132,0.984136899718016
95133,0.9841527548907116
95134,0.9841685942161582
95135,0.984184417710195
95136,0.9842002253886456
95137,0.9842160172673177
95138,0.9842317933620031
95139,0.9842475536884778
95140,0.9842632982625024
95141,0.9842790270998212
95142,0.9842947402161631
95143,0.9843104376272415
95144,0.9843261193487535
95145,0.9833422851465059
95146,0.9833589345366643
95147,0.9833755672857531
95148,0.983392183410405
95149,0.9834087829272362
95150,0.9834253658528461
95151,0.9834419322038178
95152,0.9834584819967176
95153,0.9834750152480952
95154,0.9834915319744839
95155,0.9835080321924005
95156,0.9835245159183451
95157,0.9835409831688016
95158,0.9835574339602371
95159,0.9835738683091024
95160,0.983590286231832
95161,0.9836066877448436
95162,0.9836230728645389
95163,0.983639441607303
95164,0.9836557939895045
95165,0.983672130027496
95166,0.9826889494877383
95167,0.982706251887051
95168,0.9827235369926112
95169,0.982740804821704
95170,0.9827580553915973
95171,0.9827752887195418
95172,0.9827925048227706
95173,0.9828097037185
95174,0.9828268854239287
95175,0.9828440499562386
95176,0.9828611973325942
95177,0.9828783275701429
95178,0.9828954406860149
95179,0.9829125366973231
95180,0.9829296156211639
95181,0.982946677474616
95182,0.9829637222747413
95183,0.9829807500385846
95184,0.9829977607831738
95185,0.9830147545255195
95186,0.9830317312826153
95187,0.9830486910714383
95188,0.9830656339089482
95189,0.9830825598120877
95190,0.9830994687977828
95191,0.9831163608829424
95192,0.9831332360844587
95193,0.9831500944192069
95194,0.9831669359040452
95195,0.9831837605558154
95196,0.9832005683913417
95197,0.9832173594274324
95198,0.9832341336808782
95199,0.9832508911684535
95200,0.9832676319069159
95201,0.9832843559130059
95202,0.9833010632034477
95203,0.9833177537949485
95204,0.9833344277041989
95205,0.9833510849478728
95206,0.9833677255426275
95207,0.9833843495051037
95208,0.9834009568519252
95209,0.9834175475996993
95210,0.983434121765017
95211,0.9834506793644523
95212,0.9834672204145628
95213,0.9834837449318896
95214,0.9835002529329572
95215,0.9835167444342735
95216,0.9835332194523302
95217,0.9835496780036023
95218,0.9835661201045482
95219,0.9835825457716102
95220,0.9835989550212137
95221,0.9836153478697682
95222,0.9836317243336665
95223,0.9836480844292851
95224,0.9836644281729839
95225,0.9836807555811069
95226,0.9836970666699814
95227,0.9837133614559184
95228,0.9837296399552128
95229,0.9837459021841432
95230,0.9837621481589716
95231,0.9837783778959441
95232,0.9837945914112906
95233,0.9838107887212243
95234,0.9838269698419427
95235,0.9838431347896269
95236,0.983859283580442
95237,0.9838754162305364
95238,0.9838915327560431
95239,0.9839076331730786
95240,0.9839237174977432
95241,0.9839397857461213
95242,0.9839558379342811
95243,0.9839718740782748
95244,0.9839878941941386
95245,0.9840038982978926
95246,0.9840198864055408
95247,0.9840358585330715
95248,0.9840518146964568
95249,0.9840677549116527
95250,0.9840836791945995
95251,0.9840995875612216
95252,0.9841154800274273
95253,0.9841313566091091
95254,0.9841472173221435
95255,0.9841630621823912
95256,0.9841788912056972
95257,0.9841947044078905
95258,0.9842105018047841
95259,0.9842262834121757
95260,0.9842420492458467
95261,0.984257799321563
95262,0.9842735336550746
95263,0.984289252262116
95264,0.9843049551584058
95265,0.9843206423596468
95266,0.9843363138815262
95267,0.9843519697397156
95268,0.9843676099498708
95269,0.9843832345276321
95270,0.9843988434886239
95271,0.9844144368484554
95272,0.9844300146227198
95273,0.984445576826995
95274,0.984461123476843
95275,0.9844766545878106
95276,0.984492170175429
95277,0.9845076702552137
95278,0.9845231548426647
95279,0.9845386239532667
95280,0.9845540776024889
95281,0.9845695158057848
95282,0.9845849385785926
95283,0.9846003459363352
95284,0.9846157378944198
95285,0.9846311144682385
95286,0.9846464756731678
95287,0.9846618215245689
95288,0.9846771520377877
95289,0.9846924672281547
95290,0.9847077671109852
95291,0.9847230517015789
95292,0.9847383210152205
95293,0.9847535750671793
95294,0.9847688138727093
95295,0.9847840374470495
95296,0.9847992458054232
95297,0.984814438963039
95298,0.98482961693509
95299,0.984844779736754
95300,0.9848599273831941
95301,0.9848750598895577
95302,0.9848901772709774
95303,0.9849052795425706
95304,0.9849203667194396
95305,0.9849354388166716
95306,0.9849504958493386
95307,0.9849655378324976
95308,0.9849805647811908
95309,0.9849955767104449
95310,0.985010573635272
95311,0.9850255555706691
95312,0.9850405225316179
95313,0.9850554745330855
95314,0.985070411590024
95315,0.9850853337173703
95316,0.9851002409300466
95317,0.9851151332429601
95318,0.9851300106710031
95319,0.9851448732290531
95320,0.9851597209319726
95321,0.9851745537946093
95322,0.9851893718317961
95323,0.985204175058351
95324,0.9852189634890773
95325,0.9852337371387634
95326,0.9852484960221829
95327,0.9842637399042197
95328,0.9842794683001175
95329,0.9842951809754796
95330,0.9843108779460189
95331,0.9843265592274322
95332,0.9843422248354008
95333,0.9843578747855903
95334,0.9843735090936507
95335,0.9843891277752163
95336,0.9844047308459057
95337,0.9844203183213222
95338,0.9844358902170529
95339,0.98445144654867
95340,0.9844669873317298
95341,0.984482512581773
95342,0.9844980223143249
95343,0.9835140162950202
95344,0.9835304940398528
95345,0.9835469553151753
95346,0.983563400137449
95347,0.9835798285231188
95348,0.9835962404886129
95349,0.9836126360503434
95350,0.9836290152247059
95351,0.9836453780280795
95352,0.9836617244768271
95353,0.9836780545872951
95354,0.9836943683758135
95355,0.9837106658586963
95356,0.9837269470522408
95357,0.9837432119727284
95358,0.9837594606364238
95359,0.9837756930595758
95360,0.9837919092584168
95361,0.983808109249163
95362,0.9838242930480143
95363,0.9838404606711547
95364,0.9838566121347517
95365,0.9838727474549569
95366,0.9838888666479054
95367,0.9839049697297166
95368,0.9839210567164935
95369,0.9839371276243232
95370,0.9839531824692763
95371,0.9839692212674079
95372,0.9839852440347568
95373,0.9840012507873458
95374,0.9840172415411815
95375,0.9840332163122548
95376,0.9840491751165404
95377,0.9840651179699972
95378,0.9840810448885678
95379,0.9840969558881795
95380,0.984112850984743
95381,0.9841287301941536
95382,0.9841445935322903
95383,0.9841604410150167
95384,0.9841762726581801
95385,0.9841920884776122
95386,0.9842078884891288
95387,0.98422367270853
95388,0.9842394411515999
95389,0.9842551938341071
95390,0.9842709307718042
95391,0.9842866519804281
95392,0.9843023574757
95393,0.9843180472733255
95394,0.9843337213889943
95395,0.9843493798383807
95396,0.9843650226371429
95397,0.9843806498009239
95398,0.9843962613453507
95399,0.9844118572860351
95400,0.9844274376385728
95401,0.9844430024185442
95402,0.9844585516415142
95403,0.9844740853230319
95404,0.9844896034786311
95405,0.9845051061238299
95406,0.9845205932741309
95407,0.9845360649450213
95408,0.9845515211519729
95409,0.9845669619104417
95410,0.9845823872358686
95411,0.9845977971436788
95412,0.9846131916492823
95413,0.9846285707680736
95414,0.9846439345154319
95415,0.9846592829067208
95416,0.9846746159572888
95417,0.9846899336824689
95418,0.9847052360975789
95419,0.9847205232179211
95420,0.9847357950587828
95421,0.9847510516354357
95422,0.9847662929631364
95423,0.9847815190571263
95424,0.9847967299326315
95425,0.9848119256048627
95426,0.9848271060890158
95427,0.9848422714002711
95428,0.9848574215537941
95429,0.9848725565647348
95430,0.9848876764482284
95431,0.9849027812193946
95432,0.9849178708933382
95433,0.9849329454851489
95434,0.9849480050099013
95435,0.984963049482655
95436,0.9849780789184545
95437,0.9849930933323291
95438,0.9850080927392932
95439,0.9850230771543464
95440,0.9850380465924731
95441,0.9850530010686425
95442,0.9850679405978092
95443,0.9850828651949128
95444,0.9850977748748779
95445,0.9851126696526142
95446,0.9851275495430164
95447,0.9851424145609644
95448,0.9851572647213233
95449,0.9851721000389432
95450,0.9851869205286594
95451,0.9852017262052924
95452,0.985216517083648
95453,0.9852312931785169
95454,0.9852460545046753
95455,0.9852608010768845
95456,0.9852755329098911
95457,0.985290250018427
95458,0.9853049524172092
95459,0.9853196401209401
95460,0.9853343131443074
95461,0.9853489715019843
95462,0.985363615208629
95463,0.9853782442788853
95464,0.9853928587273821
95465,0.9854074585687341
95466,0.985422043817541
95467,0.9854366144883879
95468,0.9854511705958459
95469,0.9854657121544707
95470,0.985480239178804
95471,0.985494751683373
95472,0.9855092496826899
95473,0.985523733191253
95474,0.9855382022235456
95475,0.9855526567940368
95476,0.9855670969171813
95477,0.9855815226074189
95478,0.9855959338791757
95479,0.9856103307468627
95480,0.9856247132248768
95481,0.9856390813276006
95482,0.9856534350694021
95483,0.985667774464635
95484,0.985682099527639
95485,0.9856964102727388
95486,0.9857107067142453
95487,0.985724988866455
95488,0.9857392567436499
95489,0.9857535103600981
95490,0.985767749730053
95491,0.9857819748677541
95492,0.9857961857874266
95493,0.9858103825032812
95494,0.9858245650295149
95495,0.9858387333803099
95496,0.9858528875698348
95497,0.9858670276122438
95498,0.9858811535216768
95499,0.9858952653122599
95500,0.9859093629981047
95501,0.985923446593309
95502,0.9859375161119563
95503,0.9859515715681163
95504,0.9859656129758443
95505,0.9859796403491817
95506,0.9859936537021561
95507,0.9860076530487806
95508,0.9860216384030547
95509,0.9860356097789637
95510,0.986049567190479
95511,0.986063510651558
95512,0.9860774401761441
95513,0.9860913557781669
95514,0.986105257471542
95515,0.9861191452701711
95516,0.986133019187942
95517,0.9861468792387287
95518,0.9861607254363911
95519,0.9861745577947755
95520,0.9861883763277143
95521,0.9862021810490259
95522,0.9862159719725151
95523,0.9862297491119728
95524,0.9862435124811763
95525,0.9862572620938888
95526,0.9862709979638599
95527,0.9862847201048255
95528,0.9862984285305079
95529,0.9863121232546153
95530,0.9863258042908425
95531,0.9863394716528706
95532,0.986353125354367
95533,0.9863667654089854
95534,0.9863803918303657
95535,0.9863940046321344
95536,0.9864076038279044
95537,0.9864211894312748
95538,0.9864347614558312
95539,0.9864483199151457
95540,0.9864618648227768
95541,0.9864753961922692
95542,0.9864889140371544
95543,0.9865024183709504
95544,0.9865159092071614
95545,0.9865293865592781
95546,0.986542850440778
95547,0.9865563008651251
95548,0.9865697378457697
95549,0.9865831613961488
95550,0.9865965715296858
95551,0.9866099682597911
95552,0.9866233515998613
95553,0.9866367215632796
95554,0.9866500781634163
95555,0.9866634214136278
95556,0.9866767513272574
95557,0.9866900679176349
95558,0.986703371198077
95559,0.9867166611818871
95560,0.986729937882355
95561,0.9867432013127574
95562,0.9867564514863578
95563,0.9867696884164064
95564,0.9867829121161402
95565,0.9867961225987828
95566,0.9868093198775446
95567,0.986822503965623
95568,0.986835674876202
95569,0.9868488326224527
95570,0.9868619772175328
95571,0.9868751086745867
95572,0.986888227006746
95573,0.9869013322271292
95574,0.9869144243488411
95575,0.9869275033849743
95576,0.9869405693486075
95577,0.9869536222528068
95578,0.9869666621106251
95579,0.9869796889351022
95580,0.9869927027392651
95581,0.9870057035361274
95582,0.9870186913386899
95583,0.9870316661599406
95584,0.9870446280128542
95585,0.9870575769103925
95586,0.9870705128655046
95587,0.9870834358911263
95588,0.9870963460001807
95589,0.9871092432055778
95590,0.9871221275202149
95591,0.9871349989569763
95592,0.9871478575287335
95593,0.9871607032483449
95594,0.9871735361286564
95595,0.9871863561825008
95596,0.9871991634226982
95597,0.9872119578620558
95598,0.9872247395133681
95599,0.9872375083894167
95600,0.9872502645029705
95601,0.9872630078667856
95602,0.9872757384936054
95603,0.9872884563961605
95604,0.9873011615871689
95605,0.9873138540793356
95606,0.9873265338853532
95607,0.9873392010179015
95608,0.9873518554896478
95609,0.9873644973132463
95610,0.987377126501339
95611,0.987389743066555
95612,0.987402347021511
95613,0.9874149383788108
95614,0.9874275171510458
95615,0.9874400833507949
95616,0.9874526369906242
95617,0.9874651780830874
95618,0.9874777066407255
95619,0.9874902226760671
95620,0.9875027262016283
95621,0.9875152172299125
95622,0.9875276957734108
95623,0.9875401618446018
95624,0.9875526154559515
95625,0.9875650566199136
95626,0.9875774853489291
95627,0.9875899016554269
95628,0.9876023055518233
95629,0.9876146970505221
95630,0.9876270761639149
95631,0.9876394429043808
95632,0.9876517972842864
95633,0.9876641393159863
95634,0.9876764690118224
95635,0.9876887863841244
95636,0.9877010914452097
95637,0.9877133842073834
95638,0.9877256646829382
95639,0.9877379328841547
95640,0.9877501888233009
95641,0.987762432512633
95642,0.9877746639643944
95643,0.9877868831908168
95644,0.9877990902041193
95645,0.9878112850165089
95646,0.9878234676401806
95647,0.9878356380873169
95648,0.9878477963700882
95649,0.9878599425006529
95650,0.987872076491157
95651,0.9878841983537346
95652,0.9878963081005075
95653,0.9879084057435855
95654,0.9879204912950662
95655,0.9879325647670352
95656,0.9879446261715659
95657,0.9879566755207198
95658,0.9879687128265461
95659,0.9879807381010822
95660,0.9879927513563536
95661,0.9880047526043731
95662,0.9880167418571424
95663,0.9880287191266505
95664,0.9880406844248747
95665,0.9880526377637804
95666,0.9880645791553209
95667,0.9880765086114375
95668,0.9880884261440597
95669,0.9881003317651051
95670,0.9881122254864794
95671,0.988124107320076
95672,0.9881359772777771
95673,0.9881478353714526
95674,0.9881596816129603
95675,0.9881715160141468
95676,0.9881833385868463
95677,0.9881951493428814
95678,0.988206948294063
95679,0.9882187354521899
95680,0.9882305108290492
95681,0.9882422744364165
95682,0.9882540262860553
95683,0.9882657663897174
95684,0.988277494759143
95685,0.9882892114060603
95686,0.9883009163421862
95687,0.9883126095792255
95688,0.9883242911288714
95689,0.9883359610028056
95690,0.9883476192126979
95691,0.9883592657702064
95692,0.9883709006869777
95693,0.988382523974647
95694,0.9883941356448372
95695,0.9884057357091602
95696,0.988417324179216
95697,0.9884289010665931
95698,0.9884404663828683
95699,0.9884520201396071
95700,0.9884635623483631
95701,0.9884750930206786
95702,0.9884866121680842
95703,0.9884981198020991
95704,0.9885096159342309
95705,0.9885211005759759
95706,0.9885325737388184
95707,0.9885440354342319
95708,0.9885554856736779
95709,0.9885669244686067
95710,0.9885783518304572
95711,0.9885897677706567
95712,0.9886011723006211
95713,0.9886125654317549
95714,0.9886239471754513
95715,0.9886353175430921
95716,0.9886466765460475
95717,0.9886580241956767
95718,0.9886693605033272
95719,0.9886806854803354
95720,0.9886919991380262
95721,0.9887033014877133
95722,0.9887145925406992
95723,0.9887258723082747
95724,0.9887371408017197
95725,0.9887483980323027
95726,0.9887596440112809
95727,0.9887708787499003
95728,0.9887821022593957
95729,0.9887933145509905
95730,0.9888045156358971
95731,0.9888157055253165
95732,0.9888268842304386
95733,0.9888380517624422
95734,0.9888492081324948
95735,0.9888603533517526
95736,0.988871487431361
95737,0.9888826103824541
95738,0.9888937222161548
95739,0.988904822943575
95740,0.9889159125758152
95741,0.9889269911239653
95742,0.9889380585991038
95743,0.987949614762423
95744,0.9879616591254791
95745,0.9879736914501912
95746,0.9879857117485918
95747,0.9879977200327011
95748,0.9880097163145275
95749,0.9880217006060672
95750,0.9880336729193046
95751,0.9880456332662118
95752,0.9880575816587492
95753,0.9880695181088655
95754,0.9880814426284967
95755,0.9880933552295676
95756,0.9881052559239909
95757,0.9881171447236671
95758,0.988129021640485
95759,0.9881408866863216
95760,0.988152739873042
95761,0.9881645812124992
95762,0.9881764107165346
95763,0.9871887281471028
95764,0.987201533016521
95765,0.987214325087469
95766,0.9872271043727389
95767,0.9872398708851099
95768,0.9872526246373486
95769,0.9872653656422089
95770,0.9872780939124316
95771,0.987290809460745
95772,0.9873035122998647
95773,0.9873162024424935
95774,0.9873288799013216
95775,0.9873415446890264
95776,0.9873541968182727
95777,0.9873668363017127
95778,0.9873794631519859
95779,0.9873920773817191
95780,0.9874046790035265
95781,0.9874172680300097
95782,0.9874298444737578
95783,0.9874424083473473
95784,0.987454959663342
95785,0.9874674984342932
95786,0.9874800246727397
95787,0.9874925383912077
95788,0.9875050396022109
95789,0.9875175283182507
95790,0.9875300045518156
95791,0.9875424683153821
95792,0.9875549196214136
95793,0.9875673584823618
95794,0.9875797849106652
95795,0.9875921989187505
95796,0.9876046005190317
95797,0.9876169897239102
95798,0.9876293665457754
95799,0.987641730997004
95800,0.9876540830899605
95801,0.987666422836997
95802,0.9876787502504533
95803,0.9876910653426567
95804,0.9877033681259224
95805,0.9877156586125532
95806,0.9877279368148395
95807,0.9877402027450596
95808,0.9877524564154793
95809,0.9877646978383523
95810,0.9877769270259201
95811,0.987789143990412
95812,0.9878013487440447
95813,0.9878135412990231
95814,0.9878257216675398
95815,0.9878378898617751
95816,0.9878500458938972
95817,0.9878621897760622
95818,0.987874321520414
95819,0.9878864411390842
95820,0.9868990483943175
95821,0.986912142798721
95822,0.986925224115264
95823,0.9869382923570278
95824,0.9869513475370807
95825,0.9869643896684779
95826,0.9869774187642615
95827,0.9869904348374606
95828,0.9870034379010914
95829,0.9870164279681567
95830,0.9870294050516468
95831,0.9870423691645387
95832,0.9870553203197965
95833,0.9870682585303714
95834,0.9870811838092016
95835,0.9870940961692124
95836,0.9871069956233162
95837,0.9871198821844123
95838,0.9871327558653874
95839,0.9871456166791152
95840,0.9871584646384564
95841,0.987171299756259
95842,0.9871841220453581
95843,0.9871969315185761
95844,0.9872097281887224
95845,0.9872225120685938
95846,0.987235283170974
95847,0.9872480415086342
95848,0.9872607870943327
95849,0.9872735199408151
95850,0.9872862400608143
95851,0.9872989474670504
95852,0.9873116421722308
95853,0.9873243241890501
95854,0.9873369935301906
95855,0.9873496502083213
95856,0.9873622942360991
95857,0.987374925626168
95858,0.9873875443911594
95859,0.987400150543692
95860,0.987412744096372
95861,0.9874253250617929
95862,0.9874378934525357
95863,0.9874504492811689
95864,0.9874629925602482
95865,0.9874755233023169
95866,0.9874880415199058
95867,0.987500547225533
95868,0.9875130404317044
95869,0.9875255211509131
95870,0.9875379893956397
95871,0.9875504451783528
95872,0.9875628885115079
95873,0.9875753194075484
95874,0.9875877378789052
95875,0.9876001439379968
95876,0.9876125375972291
95877,0.987624918868996
95878,0.9876372877656786
95879,0.987649644299646
95880,0.9876619884832545
95881,0.9876743203288484
95882,0.9876866398487596
95883,0.9876989470553076
95884,0.9877112419607995
95885,0.9877235245775303
95886,0.9877357949177826
95887,0.9877480529938268
95888,0.9877602988179209
95889,0.9877725324023108
95890,0.98778475375923
95891,0.9877969629008999
95892,0.9878091598395297
95893,0.9878213445873162
95894,0.9878335171564443
95895,0.9878456775590865
95896,0.9878578258074032
95897,0.9878699619135427
95898,0.9878820858896411
95899,0.9878941977478224
95900,0.9879062975001984
95901,0.9879183851588689
95902,0.9879304607359215
95903,0.9879425242434319
95904,0.9879545756934635
95905,0.9879666150980677
95906,0.987978642469284
95907,0.9879906578191399
95908,0.9880026611596505
95909,0.9880146525028193
95910,0.9880266318606375
95911,0.9880385992450846
95912,0.9880505546681281
95913,0.9880624981417232
95914,0.9880744296778134
95915,0.9880863492883304
95916,0.9880982569851936
95917,0.9881101527803109
95918,0.988122036685578
95919,0.9881339087128788
95920,0.9881457688740852
95921,0.9881576171810577
95922,0.9881694536456443
95923,0.9881812782796817
95924,0.9881930910949944
95925,0.9882048921033952
95926,0.9882166813166852
95927,0.9882284587466535
95928,0.9882402244050776
95929,0.9882519783037232
95930,0.9882637204543442
95931,0.9882754508686826
95932,0.9882871695584691
95933,0.9882988765354221
95934,0.9883105718112488
95935,0.9883222553976444
95936,0.9883339273062924
95937,0.9883455875488648
95938,0.9883572361370219
95939,0.9883688730824122
95940,0.9883804983966726
95941,0.9883921120914286
95942,0.9884037141782938
95943,0.9884153046688702
95944,0.9884268835747484
95945,0.9884384509075073
95946,0.9884500066787142
95947,0.9884615508999248
95948,0.9884730835826835
95949,0.9884846047385228
95950,0.9884961143789641
95951,0.9885076125155169
95952,0.9885190991596793
95953,0.988530574322938
95954,0.9885420380167681
95955,0.9885534902526334
95956,0.9885649310419861
95957,0.988576360396267
95958,0.9885877783269054
95959,0.9885991848453193
95960,0.9886105799629151
95961,0.9886219636910881
95962,0.9886333360412219
95963,0.9886446970246889
95964,0.9886560466528501
95965,0.9886673849370552
95966,0.9886787118886423
95967,0.9886900275189385
95968,0.9887013318392595
95969,0.9887126248609094
95970,0.9887239065951814
95971,0.9887351770533571
95972,0.9887464362467071
95973,0.9887576841864905
95974,0.9887689208839552
95975,0.987780646100463
95976,0.9877928593477389
95977,0.9878050603878711
95978,0.9878172492330606
95979,0.9878294258954963
95980,0.9878415903873549
95981,0.9878537427208007
95982,0.9878658829079864
95983,0.9878780109610519
95984,0.9878901268921253
95985,0.9879022307133226
95986,0.9879143224367476
95987,0.987926402074492
95988,0.9879384696386354
95989,0.9879505251412455
95990,0.9879625685943777
95991,0.9879746000100754
95992,0.9879866194003702
95993,0.9879986267772815
95994,0.9880106221528164
95995,0.9880226055389706
95996,0.9880345769477272
95997,0.9880465363910579
95998,0.9880584838809219
95999,0.9880704194292668
96000,0.9880823430480281
96001,0.9880942547491295
96002,0.9881061545444827
96003,0.9881180424459874
96004,0.9881299184655317
96005,0.9881417826149914
96006,0.9881536349062308
96007,0.9881654753511021
96008,0.9881773039614459
96009,0.9881891207490906
96010,0.9882009257258532
96011,0.9882127189035385
96012,0.9882245002939397
96013,0.9882362699088383
96014,0.9882480277600039
96015,0.9882597738591943
96016,0.9882715082181556
96017,0.9882832308486221
96018,0.9882949417623167
96019,0.9883066409709501
96020,0.9883183284862215
96021,0.9883300043198184
96022,0.9883416684834169
96023,0.9883533209886808
96024,0.9883649618472629
96025,0.9883765910708038
96026,0.9883882086709329
96027,0.9883998146592679
96028,0.9884114090474145
96029,0.9884229918469674
96030,0.9884345630695092
96031,0.9884461227266111
96032,0.9884576708298329
96033,0.9884692073907226
96034,0.9884807324208169
96035,0.9884922459316406
96036,0.9885037479347075
96037,0.9885152384415195
96038,0.9885267174635669
96039,0.9885381850123289
96040,0.9885496410992731
96041,0.9885610857358555
96042,0.9885725189335208
96043,0.9885839407037023
96044,0.9885953510578215
96045,0.9886067500072889
96046,0.9886181375635035
96047,0.9886295137378528
96048,0.988640878541713
96049,0.9886522319864489
96050,0.988663574083414
96051,0.9886749048439503
96052,0.9886862242793886
96053,0.9886975324010484
96054,0.9887088292202377
96055,0.9887201147482535
96056,0.9887313889963811
96057,0.988742651975895
96058,0.9887539036980579
96059,0.9887651441741219
96060,0.9887763734153271
96061,0.988787591432903
96062,0.9887987982380675
96063,0.9888099938420274
96064,0.9888211782559784
96065,0.9888323514911048
96066,0.98884351355858
96067,0.9888546644695659
96068,0.9888658042352135
96069,0.9888769328666626
96070,0.9888880503750417
96071,0.9888991567714684
96072,0.9889102520670492
96073,0.9889213362728793
96074,0.9889324094000428
96075,0.9889434714596129
96076,0.9889545224626518
96077,0.9889655624202104
96078,0.9889765913433286
96079,0.9889876092430354
96080,0.9889986161303487
96081,0.9890096120162754
96082,0.9890205969118113
96083,0.9890315708279415
96084,0.9890425337756397
96085,0.9890534857658689
96086,0.9890644268095812
96087,0.9890753569177175
96088,0.989086276101208
96089,0.9890971843709719
96090,0.9891080817379175
96091,0.9891189682129421
96092,0.9891298438069321
96093,0.9891407085307633
96094,0.9891515623953002
96095,0.9891624054113969
96096,0.9891732375898963
96097,0.9891840589416305
96098,0.989194869477421
96099,0.9892056692080782
96100,0.989216458144402
96101,0.9892272362971811
96102,0.9892380036771939
96103,0.9892487602952077
96104,0.9892595061619791
96105,0.989270241288254
96106,0.9892809656847675
96107,0.989291679362244
96108,0.9893023823313972
96109,0.98931307460293
96110,0.9893237561875349
96111,0.9893344270958931
96112,0.9893450873386759
96113,0.9893557369265432
96114,0.9893663758701449
96115,0.9893770041801198
96116,0.9893876218670962
96117,0.9893982289416918
96118,0.9894088254145137
96119,0.9894194112961584
96120,0.9894299865972117
96121,0.9894405513282489
96122,0.9894511054998348
96123,0.9894616491225237
96124,0.989472182206859
96125,0.9894827047633739
96126,0.9894932168025908
96127,0.989503718335022
96128,0.989514209371169
96129,0.9895246899215226
96130,0.9895351599965636
96131,0.9895456196067619
96132,0.9895560687625773
96133,0.9895665074744587
96134,0.9895769357528451
96135,0.9895873536081646
96136,0.9895977610508351
96137,0.989608158091264
96138,0.9896185447398484
96139,0.9896289210069751
96140,0.98963928690302
96141,0.9896496424383494
96142,0.9896599876233185
96143,0.9896703224682727
96144,0.9896806469835467
96145,0.9896909611794652
96146,0.9897012650663423
96147,0.9897115586544819
96148,0.9897218419541776
96149,0.9897321149757126
96150,0.98974237772936
96151,0.9897526302253826
96152,0.9897628724740329
96153,0.9897731044855531
96154,0.9897833262701753
96155,0.9897935378381212
96156,0.9898037391996023
96157,0.9898139303648201
96158,0.9898241113439658
96159,0.9898342821472201
96160,0.9898444427847541
96161,0.9898545932667284
96162,0.9898647336032934
96163,0.9898748638045894
96164,0.9898849838807467
96165,0.9898950938418855
96166,0.9899051936981155
96167,0.9899152834595366
96168,0.9899253631362387
96169,0.9899354327383014
96170,0.9899454922757944
96171,0.9899555417587771
96172,0.989965581197299
96173,0.9899756106013997
96174,0.9899856299811085
96175,0.9899956393464447
96176,0.9900056387074179
96177,0.9900156280740271
96178,0.990025607456262
96179,0.9900355768641018
96180,0.990045536307516
96181,0.9900554857964641
96182,0.9900654253408954
96183,0.9890758547008744
96184,0.9890867733868306
96185,0.9890976811595574
96186,0.9891085780299627
96187,0.9891194640089432
96188,0.9891303391073851
96189,0.9891412033361634
96190,0.9891520567061423
96191,0.9891628992281751
96192,0.9891737309131045
96193,0.989184551771762
96194,0.9891953618149687
96195,0.9892061610535344
96196,0.9892169494982586
96197,0.9892277271599295
96198,0.9892384940493248
96199,0.9892492501772115
96200,0.9892599955543457
96201,0.9892707301914728
96202,0.9892814540993274
96203,0.9892921672886335
96204,0.9893028697701041
96205,0.9893135615544418
96206,0.9893242426523384
96207,0.989334913074475
96208,0.9893455728315219
96209,0.9893562219341391
96210,0.9893668603929755
96211,0.9893774882186697
96212,0.9893881054218494
96213,0.9893987120131319
96214,0.9894093080031238
96215,0.989419893402421
96216,0.989430468221609
96217,0.9894410324712625
96218,0.9894515861619458
96219,0.9894621293042127
96220,0.9894726619086063
96221,0.9894831839856592
96222,0.9894936955458934
96223,0.9895041965998206
96224,0.9895146871579417
96225,0.9895251672307473
96226,0.9895356368287176
96227,0.9895460959623221
96228,0.9895565446420199
96229,0.9895669828782597
96230,0.9895774106814799
96231,0.9895878280621081
96232,0.9895982350305618
96233,0.9896086315972479
96234,0.989619017772563
96235,0.9896293935668933
96236,0.9896397589906145
96237,0.9896501140540922
96238,0.9896604587676813
96239,0.9896707931417266
96240,0.9896811171865624
96241,0.9896914309125129
96242,0.9897017343298917
96243,0.9897120274490023
96244,0.9897223102801378
96245,0.9897325828335809
96246,0.9897428451196043
96247,0.9897530971484703
96248,0.9897633389304308
96249,0.9897735704757277
96250,0.9897837917945925
96251,0.9897940028972466
96252,0.989804203793901
96253,0.9898143944947566
96254,0.9898245750100042
96255,0.9898347453498243
96256,0.9898449055243872
96257,0.9898550555438531
96258,0.989865195418372
96259,0.9898753251580839
96260,0.9898854447731182
96261,0.9898955542735949
96262,0.9899056536696232
96263,0.9899157429713028
96264,0.9899258221887228
96265,0.9899358913319625
96266,0.9899459504110909
96267,0.9899559994361673
96268,0.9899660384172406
96269,0.9899760673643498
96270,0.9899860862875239
96271,0.9899960951967818
96272,0.9900060941021324
96273,0.9900160830135745
96274,0.9900260619410971
96275,0.9900360308946792
96276,0.9900459898842897
96277,0.9900559389198876
96278,0.990065878011422
96279,0.9900758071688318
96280,0.9900857264020464
96281,0.9900956357209849
96282,0.9901055351355567
96283,0.990115424655661
96284,0.9901253042911876
96285,0.990135174052016
96286,0.990145033948016
96287,0.9901548839890475
96288,0.9901647241849605
96289,0.9901745545455952
96290,0.990184375080782
96291,0.9901941858003415
96292,0.9902039867140843
96293,0.9902137778318113
96294,0.9902235591633137
96295,0.9902333307183728
96296,0.9902430925067602
96297,0.9902528445382377
96298,0.9902625868225573
96299,0.9902723193694613
96300,0.9902820421886822
96301,0.9902917552899428
96302,0.9903014586829564
96303,0.9903111523774262
96304,0.9903208363830459
96305,0.9903305107094996
96306,0.9903401753664617
96307,0.9903498303635967
96308,0.9903594757105596
96309,0.9903691114169958
96310,0.990378737492541
96311,0.9903883539468213
96312,0.9903979607894532
96313,0.9904075580300434
96314,0.9904171456781893
96315,0.9904267237434784
96316,0.9904362922354889
96317,0.9904458511637892
96318,0.9904554005379383
96319,0.9904649403674857
96320,0.9904744706619709
96321,0.9904839914309245
96322,0.990493502683867
96323,0.9905030044303099
96324,0.9905124966797549
96325,0.9905219794416942
96326,0.9905314527256105
96327,0.9905409165409772
96328,0.9905503708972581
96329,0.9905598158039075
96330,0.9905692512703703
96331,0.9905786773060821
96332,0.9905880939204688
96333,0.9905975011229471
96334,0.9906068989229242
96335,0.9906162873297978
96336,0.9906256663529565
96337,0.990635036001779
96338,0.9906443962856354
96339,0.9906537472138857
96340,0.9906630887958808
96341,0.9906724210409624
96342,0.9906817439584628
96343,0.9906910575577047
96344,0.9907003618480018
96345,0.9907096568386585
96346,0.9907189425389697
96347,0.9907282189582212
96348,0.9907374861056892
96349,0.9907467439906411
96350,0.9907559926223346
96351,0.9907652320100184
96352,0.990774462162932
96353,0.9907836830903054
96354,0.9907928948013596
96355,0.9908020973053062
96356,0.9908112906113479
96357,0.9908204747286778
96358,0.9908296496664802
96359,0.99083881543393
96360,0.9908479720401929
96361,0.9908571194944256
96362,0.9908662578057754
96363,0.9908753869833808
96364,0.990884507036371
96365,0.9908936179738659
96366,0.9909027198049765
96367,0.9909118125388046
96368,0.9909208961844429
96369,0.9909299707509752
96370,0.990939036247476
96371,0.9909480926830108
96372,0.9909571400666359
96373,0.9909661784073989
96374,0.990975207714338
96375,0.9909842279964826
96376,0.9909932392628529
96377,0.9910022415224602
96378,0.9910112347843069
96379,0.991020219057386
96380,0.991029194350682
96381,0.9910381606731701
96382,0.9910471180338166
96383,0.991056066441579
96384,0.9910650059054055
96385,0.9910739364342357
96386,0.991082858037
96387,0.9910917707226202
96388,0.9911006745000089
96389,0.9911095693780699
96390,0.9911184553656981
96391,0.9911273324717793
96392,0.9911362007051908
96393,0.9911450600748009
96394,0.9911539105894687
96395,0.991162752258045
96396,0.9911715850893712
96397,0.9911804090922803
96398,0.9911892242755964
96399,0.9911980306481345
96400,0.9912068282187011
96401,0.9912156169960937
96402,0.9912243969891011
96403,0.9912331682065033
96404,0.9912419306570716
96405,0.9902511840996931
96406,0.9902609280436215
96407,0.9902706622484755
96408,0.9902803867239892
96409,0.9902901014798873
96410,0.9902998065258843
96411,0.9903095018716855
96412,0.9903191875269862
96413,0.990328863501472
96414,0.9903385298048188
96415,0.9903481864466931
96416,0.9903578334367513
96417,0.9903674707846406
96418,0.9903770984999983
96419,0.9903867165924521
96420,0.9903963250716201
96421,0.9904059239471108
96422,0.990415513228523
96423,0.990425092925446
96424,0.9904346630474595
96425,0.9904442236041338
96426,0.9904537746050291
96427,0.9904633160596967
96428,0.9904728479776781
96429,0.990482370368505
96430,0.9904918832416999
96431,0.9905013866067757
96432,0.9905108804732357
96433,0.9905203648505737
96434,0.9905298397482742
96435,0.9905393051758122
96436,0.990548761142653
96437,0.9905582076582525
96438,0.9905676447320574
96439,0.9905770723735046
96440,0.9905864905920218
96441,0.9905958993970272
96442,0.9906052987979297
96443,0.9906146888041286
96444,0.990624069425014
96445,0.9906334406699665
96446,0.9906428025483573
96447,0.9906521550695484
96448,0.9906614982428922
96449,0.9906708320777319
96450,0.9906801565834014
96451,0.9906894717692251
96452,0.9906987776445182
96453,0.9907080742185866
96454,0.990717361500727
96455,0.9907266395002265
96456,0.9907359082263633
96457,0.9907451676884059
96458,0.9907544178956139
96459,0.9907636588572375
96460,0.9907728905825176
96461,0.990782113080686
96462,0.9907913263609651
96463,0.9908005304325683
96464,0.9908097253046997
96465,0.9908189109865541
96466,0.9908280874873171
96467,0.9908372548161654
96468,0.9908464129822662
96469,0.9908555619947776
96470,0.9908647018628488
96471,0.9908738325956196
96472,0.9908829542022206
96473,0.9908920666917737
96474,0.9909011700733911
96475,0.9909102643561762
96476,0.9909193495492236
96477,0.9909284256616181
96478,0.990937492702436
96479,0.9909465506807444
96480,0.9909555996056013
96481,0.9899651392361805
96482,0.9899751690820213
96483,0.9889856886531537
96484,0.9889966974600971
96485,0.9890076952637352
96486,0.9890186820750658
96487,0.9890296579050758
96488,0.9890406227647409
96489,0.9890515766650261
96490,0.9890625196168851
96491,0.989073451631261
96492,0.9890843727190859
96493,0.9890952828912807
96494,0.9891061821587557
96495,0.98911707053241
96496,0.9891279480231323
96497,0.9891388146417999
96498,0.9891496703992794
96499,0.9891605153064266
96500,0.9891713493740864
96501,0.9891821726130927
96502,0.989192985034269
96503,0.9892037866484277
96504,0.9892145774663703
96505,0.9892253574988877
96506,0.9892361267567599
96507,0.9892468852507561
96508,0.9892576329916349
96509,0.989268369990144
96510,0.9892790962570204
96511,0.9892898118029904
96512,0.9893005166387695
96513,0.9893112107750626
96514,0.9893218942225638
96515,0.9893325669919565
96516,0.9893432290939136
96517,0.9893538805390971
96518,0.9893645213381584
96519,0.9893751515017385
96520,0.9893857710404674
96521,0.9893963799649648
96522,0.9894069782858393
96523,0.9894175660136896
96524,0.9894281431591032
96525,0.9894387097326574
96526,0.9894492657449185
96527,0.9884603109565678
96528,0.9884718448786503
96529,0.9884833672725747
96530,0.9884948781498635
96531,0.9885063775220275
96532,0.9885178654005662
96533,0.9885293417969674
96534,0.9885408067227075
96535,0.9885522601892516
96536,0.9885637022080529
96537,0.9885751327905536
96538,0.9885865519481842
96539,0.988597959692364
96540,0.9886093560345005
96541,0.9886207409859903
96542,0.9886321145582182
96543,0.9886434767625578
96544,0.9886548276103714
96545,0.9886661671130097
96546,0.9886774952818123
96547,0.9886888121281073
96548,0.9887001176632116
96549,0.9887114118984308
96550,0.988722694845059
96551,0.9887339665143793
96552,0.9887452269176633
96553,0.9887564760661713
96554,0.9887677139711527
96555,0.9887789406438452
96556,0.9887901560954755
96557,0.9888013603372591
96558,0.9888125533804002
96559,0.9888237352360919
96560,0.9888349059155161
96561,0.9888460654298434
96562,0.9888572137902334
96563,0.9888683510078343
96564,0.9888794770937835
96565,0.988890592059207
96566,0.9889016959152198
96567,0.9879132884230507
96568,0.9879253690942921
96569,0.9879374376908995
96570,0.9879494942249416
96571,0.9879615387084749
96572,0.9879735711535439
96573,0.987985591572181
96574,0.9879975999764067
96575,0.9880095963782294
96576,0.9880215807896454
96577,0.9880335532226393
96578,0.9880455136891834
96579,0.9880574622012381
96580,0.9880693987707522
96581,0.9880813234096619
96582,0.9880932361298922
96583,0.9881051369433556
96584,0.9881170258619529
96585,0.9881289028975732
96586,0.9881407680620933
96587,0.9881526213673786
96588,0.9881644628252823
96589,0.9881762924476458
96590,0.9881881102462988
96591,0.9881999162330591
96592,0.9882117104197328
96593,0.9882234928181138
96594,0.9882352634399848
96595,0.9882470222971163
96596,0.9882587694012671
96597,0.9882705047641844
96598,0.9882822283976035
96599,0.988293940313248
96600,0.9873061402729549
96601,0.987318827788924
96602,0.9873315026237177
96603,0.9873441647900109
96604,0.9873568143004656
96605,0.9873694511677316
96606,0.9873820754044454
96607,0.9873946870232316
96608,0.9874072860367017
96609,0.9874198724574547
96610,0.9874324462980769
96611,0.9874450075711423
96612,0.9874575562892121
96613,0.9874700924648351
96614,0.9874826161105474
96615,0.9874951272388728
96616,0.9875076258623222
96617,0.9875201119933944
96618,0.9875325856445755
96619,0.987545046828339
96620,0.9875574955571462
96621,0.9875699318434459
96622,0.9875823556996743
96623,0.9875947671382553
96624,0.9876071661716004
96625,0.9876195528121086
96626,0.9876319270721664
96627,0.9876442889641482
96628,0.987656638500416
96629,0.9876689756933191
96630,0.9876813005551949
96631,0.9876936130983681
96632,0.9877059133351513
96633,0.9877182012778448
96634,0.9877304769387365
96635,0.9877427403301021
96636,0.987754991464205
96637,0.9877672303532963
96638,0.9877794570096148
96639,0.9877916714453873
96640,0.9878038736728282
96641,0.9878160637041397
96642,0.9878282415515118
96643,0.9878404072271225
96644,0.9878525607431374
96645,0.98786470211171
96646,0.9878768313449816
96647,0.9878889484550816
96648,0.9879010534541269
96649,0.9879131463542228
96650,0.9879252271674619
96651,0.9879372959059252
96652,0.9879493525816814
96653,0.9879613972067871
96654,0.9879734297932871
96655,0.9879854503532138
96656,0.9879974588985879
96657,0.9880094554414179
96658,0.9880214399937004
96659,0.9880334125674198
96660,0.9880453731745489
96661,0.9880573218270481
96662,0.9880692585368661
96663,0.9880811833159397
96664,0.9880930961761937
96665,0.9881049971295408
96666,0.9881168861878821
96667,0.9881287633631066
96668,0.9881406286670915
96669,0.9881524821117021
96670,0.9881643237087919
96671,0.9881761534702024
96672,0.9881879714077634
96673,0.9881997775332928
96674,0.9882115718585969
96675,0.9882233543954698
96676,0.9882351251556942
96677,0.9882468841510409
96678,0.9882586313932687
96679,0.9882703668941251
96680,0.9882820906653453
96681,0.9882938027186533
96682,0.9883055030657611
96683,0.9883171917183691
96684,0.9883288686881658
96685,0.9883405339868283
96686,0.9883521876260218
96687,0.9883638296174001
96688,0.9883754599726051
96689,0.9883870787032671
96690,0.988398685821005
96691,0.9884102813374258
96692,0.988421865264125
96693,0.9884334376126866
96694,0.9884449983946829
96695,0.9884565476216748
96696,0.9884680853052114
96697,0.9884796114568303
96698,0.9884911260880578
96699,0.9885026292104085
96700,0.9885141208353857
96701,0.9885256009744807
96702,0.9885370696391739
96703,0.9875490265910588
96704,0.9875614713420923
96705,0.987573903654594
96706,0.9875863235409962
96707,0.9875987310137189
96708,0.9876111260851694
96709,0.987623508767743
96710,0.9876358790738222
96711,0.9876482370157774
96712,0.9876605826059666
96713,0.9876729158567352
96714,0.9876852367804166
96715,0.9876975453893317
96716,0.9877098416957892
96717,0.9877221257120853
96718,0.987734397450504
96719,0.9877466569233171
96720,0.987758904142784
96721,0.987771139121152
96722,0.9877833618706561
96723,0.987795572403519
96724,0.9878077707319513
96725,0.9878199568681512
96726,0.987832130824305
96727,0.9878442926125865
96728,0.9878564422451577
96729,0.987868579734168
96730,0.987880705091755
96731,0.987892818330044
96732,0.9879049194611484
96733,0.9879170084971692
96734,0.9879290854501955
96735,0.9879411503323042
96736,0.9879532031555603
96737,0.9879652439320166
96738,0.9879772726737137
96739,0.9879892893926805
96740,0.9880012941009337
96741,0.9880132868104781
96742,0.9880252675333062
96743,0.9880372362813988
96744,0.9880491930667248
96745,0.9880611379012408
96746,0.9880730707968918
96747,0.9880849917656105
96748,0.988096900819318
96749,0.9881087979699233
96750,0.9881206832293237
96751,0.9881325566094044
96752,0.9881444181220387
96753,0.9881562677790882
96754,0.9881681055924024
96755,0.9871804313239443
96756,0.9871932444860393
96757,0.9872060448413755
96758,0.9872188324027534
96759,0.9872316071829605
96760,0.9872443691947717
96761,0.9872571184509488
96762,0.9872698549642411
96763,0.9872825787473853
96764,0.9872952898131051
96765,0.9873079881741115
96766,0.9873206738431028
96767,0.987333346832765
96768,0.9873460071557707
96769,0.9873586548247805
96770,0.9873712898524418
96771,0.9873839122513899
96772,0.9873965220342471
96773,0.9874091192136232
96774,0.9874217038021154
96775,0.9874342758123081
96776,0.9874468352567736
96777,0.9874593821480712
96778,0.9874719164987478
96779,0.9874844383213377
96780,0.9874969476283628
96781,0.9875094444323325
96782,0.9875219287457434
96783,0.98753440058108
96784,0.987546859950814
96785,0.9875593068674049
96786,0.9875717413432995
96787,0.9875841633909324
96788,0.9875965730227255
96789,0.9876089702510886
96790,0.9876213550884189
96791,0.9876337275471011
96792,0.9876460876395078
96793,0.987658435377999
96794,0.9876707707749226
96795,0.9876830938426139
96796,0.9876954045933959
96797,0.9877077030395794
96798,0.9877199891934629
96799,0.9877322630673325
96800,0.9877445246734621
96801,0.9877567740241133
96802,0.9877690111315355
96803,0.9877812360079657
96804,0.9877934486656289
96805,0.9878056491167377
96806,0.9878178373734926
96807,0.9878300134480819
96808,0.9878421773526814
96809,0.9878543290994554
96810,0.9878664687005554
96811,0.987878596168121
96812,0.9878907115142798
96813,0.987902814751147
96814,0.9879149058908261
96815,0.987926984945408
96816,0.9879390519269718
96817,0.9879511068475846
96818,0.9879631497193011
96819,0.9879751805541643
96820,0.9879871993642052
96821,0.9879992061614424
96822,0.9880112009578828
96823,0.988023183765521
96824,0.9880351545963401
96825,0.9880471134623108
96826,0.9880590603753919
96827,0.9880709953475305
96828,0.9880829183906614
96829,0.9880948295167077
96830,0.9881067287375805
96831,0.9881186160651791
96832,0.9881304915113909
96833,0.9881423550880911
96834,0.9881542068071435
96835,0.9881660466803998
96836,0.9881778747196998
96837,0.9881896909368715
96838,0.9882014953437311
96839,0.9882132879520832
96840,0.9882250687737203
96841,0.9882368378204233
96842,0.9882485951039611
96843,0.9882603406360911
96844,0.9882720744285588
96845,0.9882837964930979
96846,0.9882955068414306
96847,0.9883072054852673
96848,0.9883188924363066
96849,0.9883305677062353
96850,0.9883422313067288
96851,0.9883538832494507
96852,0.988365523546053
96853,0.9883771522081759
96854,0.9883887692474481
96855,0.9884003746754867
96856,0.988411968503897
96857,0.9884235507442729
96858,0.9884351214081967
96859,0.9884466805072389
96860,0.9884582280529588
96861,0.9884697640569039
96862,0.9884812885306101
96863,0.988492801485602
96864,0.9885043029333925
96865,0.9885157928854831
96866,0.9885272713533636
96867,0.9885387383485127
96868,0.9885501938823973
96869,0.9885616379664729
96870,0.9885730706121836
96871,0.988584491830962
96872,0.9885959016342294
96873,0.9886073000333956
96874,0.988618687039859
96875,0.9886300626650065
96876,0.988641426920214
96877,0.9886527798168454
96878,0.9886641213662538
96879,0.9886754515797808
96880,0.9886867704687565
96881,0.9886980780444999
96882,0.9887093743183185
96883,0.9887206593015087
96884,0.9887319330053552
96885,0.988743195441132
96886,0.9887544466201014
96887,0.9887656865535146
96888,0.9887769152526116
96889,0.988788132728621
96890,0.9887993389927603
96891,0.9888105340562358
96892,0.9888217179302425
96893,0.9888328906259645
96894,0.9888440521545742
96895,0.9888552025272332
96896,0.9888663417550921
96897,0.9888774698492899
96898,0.9888885868209548
96899,0.9888996926812037
96900,0.9889107874411426
96901,0.988921871111866
96902,0.9889329437044578
96903,0.9889440052299906
96904,0.9889550556995258
96905,0.9889660951241139
96906,0.9889771235147945
96907,0.9889881408825958
96908,0.9889991472385352
96909,0.9890101425936192
96910,0.9890211269588429
96911,0.989032100345191
96912,0.9890430627636365
96913,0.9890540142251422
96914,0.9890649547406593
96915,0.9890758843211284
96916,0.9890868029774791
96917,0.98909771072063
96918,0.989108607561489
96919,0.9891194935109527
96920,0.9891303685799073
96921,0.9891412327792277
96922,0.9891520861197782
96923,0.9891629286124122
96924,0.989173760267972
96925,0.9891845810972894
96926,0.9891953911111852
96927,0.9892061903204693
96928,0.989216978735941
96929,0.9892277563683889
96930,0.9892385232285904
96931,0.9892492793273124
96932,0.9892600246753112
96933,0.9892707592833319
96934,0.9892814831621092
96935,0.989292196322367
96936,0.9893028987748184
96937,0.9893135905301659
96938,0.9893242715991012
96939,0.9893349419923055
96940,0.9893456017204492
96941,0.9893562507941919
96942,0.9893668892241827
96943,0.98937751702106
96944,0.9893881341954518
96945,0.9893987407579751
96946,0.9894093367192365
96947,0.989419922089832
96948,0.9894304968803469
96949,0.9894410611013561
96950,0.9894516147634237
96951,0.9894621578771035
96952,0.9894726904529384
96953,0.9894832125014612
96954,0.9894937240331939
96955,0.989504225058648
96956,0.9895147155883245
96957,0.989525195632714
96958,0.9895356652022965
96959,0.9895461243075416
96960,0.9895565729589084
96961,0.9895670111668455
96962,0.9895774389417912
96963,0.9895878562941732
96964,0.9895982632344089
96965,0.9896086597729052
96966,0.9896190459200588
96967,0.9896294216862557
96968,0.9896397870818716
96969,0.9896501421172721
96970,0.989660486802812
96971,0.9896708211488362
96972,0.989681145165679
96973,0.9896914588636643
96974,0.9897017622531059
96975,0.9897120553443072
96976,0.9897223381475613
96977,0.9897326106731509
96978,0.9897428729313487
96979,0.9887536246825417
96980,0.9887648654374817
96981,0.9887760949572842
96982,0.988787313253179
96983,0.9887985203363843
96984,0.988809716218107
96985,0.9888209009095431
96986,0.9888320744218774
96987,0.9888432367662833
96988,0.9888543879539232
96989,0.9888655279959483
96990,0.9888766569034986
96991,0.988887774687703
96992,0.9888988813596793
96993,0.9889099769305342
96994,0.9889210614113633
96995,0.9889321348132509
96996,0.9889431971472706
96997,0.9889542484244848
96998,0.9889652886559446
96999,0.9889763178526902
97000,0.9889873360257511
97001,0.9889983431861451
97002,0.9890093393448796
97003,0.9890203245129506
97004,0.9890312987013434
97005,0.9890422619210323
97006,0.9890532141829803
97007,0.9890641554981398
97008,0.989075085877452
97009,0.9890860053318473
97010,0.9890969138722453
97011,0.9891078115095544
97012,0.9891186982546722
97013,0.9881300738686106
97014,0.988141937862745
97015,0.9881537899988142
97016,0.9881656302886704
97017,0.9881774587441541
97018,0.9881892753770934
97019,0.9882010801993052
97020,0.9882128732225942
97021,0.9882246544587535
97022,0.9882364239195643
97023,0.9882481816167962
97024,0.9882599275622067
97025,0.9882716617675419
97026,0.9882833842445359
97027,0.9872955947550361
97028,0.987308292811253
97029,0.9873209781757595
97030,0.987333650861241
97031,0.9873463108803702
97032,0.9873589582458071
97033,0.987371592970199
97034,0.9873842150661809
97035,0.9873968245463747
97036,0.9874094214233898
97037,0.9874220057098232
97038,0.9874345774182591
97039,0.9874471365612694
97040,0.9874596831514131
97041,0.9874722172012368
97042,0.9874847387232746
97043,0.9874972477300479
97044,0.9875097442340658
97045,0.9875222282478249
97046,0.987534699783809
97047,0.9875471588544898
97048,0.9875596054723265
97049,0.9875720396497654
97050,0.9875844613992408
97051,0.9875968707331746
97052,0.987609267663976
97053,0.9876216522040421
97054,0.9876340243657572
97055,0.9876463841614935
97056,0.987658731603611
97057,0.9876710667044569
97058,0.9876833894763665
97059,0.9876956999316625
97060,0.9877079980826553
97061,0.9877202839416431
97062,0.9877325575209118
97063,0.987744818832735
97064,0.987757067889374
97065,0.9877693047030778
97066,0.9877815292860832
97067,0.9877937416506148
97068,0.9878059418088851
97069,0.9878181297730941
97070,0.9878303055554298
97071,0.9878424691680681
97072,0.9878546206231724
97073,0.9878667599328944
97074,0.9878788871093733
97075,0.9878910021647362
97076,0.9879031051110984
97077,0.9879151959605625
97078,0.9879272747252197
97079,0.9879393414171485
97080,0.9879513960484156
97081,0.9879634386310759
97082,0.9879754691771718
97083,0.9879874876987339
97084,0.9879994942077807
97085,0.9880114887163186
97086,0.9880234712363423
97087,0.9880354417798342
97088,0.9880474003587648
97089,0.9880593469850929
97090,0.988071281670765
97091,0.9880832044277157
97092,0.9880951152678679
97093,0.9881070142031324
97094,0.9881189012454081
97095,0.9881307764065821
97096,0.9881426396985296
97097,0.9881544911331137
97098,0.9881663307221861
97099,0.9881781584775862
97100,0.9881899744111418
97101,0.9882017785346688
97102,0.9882135708599715
97103,0.9882253513988422
97104,0.9882371201630612
97105,0.9882488771643975
97106,0.988260622414608
97107,0.9882723559254379
97108,0.9882840777086209
97109,0.9882957877758787
97110,0.9883074861389213
97111,0.9883191728094471
97112,0.9883308477991428
97113,0.9873430108698084
97114,0.9873556615336067
97115,0.9873682995530633
97116,0.9873809249408163
97117,0.9873935377094911
97118,0.9874061378717005
97119,0.9874187254400446
97120,0.987431300427111
97121,0.9874438628454747
97122,0.9874564127076981
97123,0.9874689500263311
97124,0.9874814748139109
97125,0.9874939870829624
97126,0.987506486845998
97127,0.9875189741155171
97128,0.9875314489040073
97129,0.9875439112239434
97130,0.9875563610877875
97131,0.9875687985079896
97132,0.9875812234969872
97133,0.9875936360672051
97134,0.9876060362310559
97135,0.9876184240009399
97136,0.9876307993892448
97137,0.987643162408346
97138,0.9876555130706066
97139,0.9876678513883771
97140,0.9876801773739959
97141,0.9876924910397891
97142,0.9877047923980702
97143,0.9877170814611406
97144,0.9877293582412894
97145,0.9877416227507934
97146,0.987753875001917
97147,0.9877661150069126
97148,0.9877783427780201
97149,0.9877905583274674
97150,0.9878027616674699
97151,0.9878149528102311
97152,0.987827131767942
97153,0.9878392985527816
97154,0.9878514531769168
97155,0.9878635956525021
97156,0.98787572599168
97157,0.9878878442065809
97158,0.987899950309323
97159,0.9879120443120123
97160,0.987924126226743
97161,0.9879361960655968
97162,0.9879482538406437
97163,0.9879602995639414
97164,0.9879723332475356
97165,0.9879843549034601
97166,0.9879963645437365
97167,0.9880083621803745
97168,0.9880203478253716
97169,0.9880323214907136
97170,0.9880442831883741
97171,0.9880562329303147
97172,0.9880681707284853
97173,0.9880800965948237
97174,0.9880920105412556
97175,0.9881039125796951
97176,0.9881158027220442
97177,0.9881276809801931
97178,0.9881395473660199
97179,0.9881514018913913
97180,0.9881632445681615
97181,0.9881750754081734
97182,0.9881868944232577
97183,0.9881987016252335
97184,0.9882104970259079
97185,0.9882222806370764
97186,0.9882340524705227
97187,0.9882458125380184
97188,0.9882575608513237
97189,0.9882692974221869
97190,0.9882810222623447
97191,0.9882927353835218
97192,0.9883044367974313
97193,0.9883161265157747
97194,0.9873283043003667
97195,0.9873409696633848
97196,0.9873536223673695
97197,0.9873662624249733
97198,0.9873788898488364
97199,0.9873915046515862
97200,0.9874041068458375
97201,0.9874166964441925
97202,0.9874292734592408
97203,0.9874418379035594
97204,0.9864548895398377
97205,0.9864684278811272
97206,0.9864819526908413
97207,0.9864954639825047
97208,0.9865089617696285
97209,0.9865224460657108
97210,0.9865359168842358
97211,0.9865493742386744
97212,0.9865628181424838
97213,0.986576248609108
97214,0.9865896656519775
97215,0.9866030692845092
97216,0.9856169592702319
97217,0.9856313351230352
97218,0.9856456966071702
97219,0.9856600437369981
97220,0.9856743765268662
97221,0.9856886949911072
97222,0.9857029991440397
97223,0.9857172889999677
97224,0.9857315645731811
97225,0.9857458258779556
97226,0.9857600729285523
97227,0.9857743057392184
97228,0.9857885243241867
97229,0.9858027286976758
97230,0.98581691887389
97231,0.9858310948670196
97232,0.9858452566912405
97233,0.9858594043607145
97234,0.9858735378895893
97235,0.9858876572919986
97236,0.9859017625820615
97237,0.9859158537738836
97238,0.9859299308815559
97239,0.9859439939191555
97240,0.9859580429007456
97241,0.9859720778403751
97242,0.9859860987520789
97243,0.986000105649878
97244,0.9860140985477791
97245,0.9860280774597753
97246,0.9860420423998455
97247,0.9860559933819546
97248,0.9860699304200536
97249,0.9860838535280796
97250,0.9860977627199555
97251,0.9861116580095908
97252,0.9861255394108805
97253,0.9861394069377063
97254,0.9861532606039355
97255,0.9861671004234218
97256,0.9861809264100051
97257,0.9861947385775114
97258,0.9862085369397527
97259,0.9862223215105276
97260,0.9862360923036205
97261,0.9862498493328024
97262,0.98626359261183
97263,0.986277322154447
97264,0.9862910379743826
97265,0.9863047400853527
97266,0.9863184285010596
97267,0.9863321032351914
97268,0.9863457643014231
97269,0.9863594117134157
97270,0.9863730454848165
97271,0.9863866656292595
97272,0.9864002721603646
97273,0.9864138650917386
97274,0.9864274444369742
97275,0.9864410102096508
97276,0.9864545624233343
97277,0.9864681010915768
97278,0.986481626227917
97279,0.9864951378458802
97280,0.9865086359589778
97281,0.9865221205807079
97282,0.9865355917245553
97283,0.986549049403991
97284,0.9865624936324728
97285,0.9865759244234449
97286,0.986589341790338
97287,0.9866027457465695
97288,0.9866161363055435
97289,0.9866295134806503
97290,0.9866428772852673
97291,0.9866562277327583
97292,0.9866695648364737
97293,0.9866828886097506
97294,0.9866961990659128
97295,0.9867094962182706
97296,0.9867227800801215
97297,0.986736050664749
97298,0.9867493079854239
97299,0.9867625520554035
97300,0.9867757828879319
97301,0.9867890004962399
97302,0.986802204893545
97303,0.9868153960930517
97304,0.9868285741079512
97305,0.9868417389514216
97306,0.9868548906366276
97307,0.9868680291767209
97308,0.9868811545848402
97309,0.9868942668741106
97310,0.9869073660576447
97311,0.9869204521485416
97312,0.9869335251598874
97313,0.9869465851047551
97314,0.9859601317463296
97315,0.9859741645981573
97316,0.9859881834241462
97317,0.986002188238315
97318,0.9860161790546685
97319,0.9860301558871976
97320,0.9860441187498791
97321,0.9860580676566758
97322,0.9860720026215367
97323,0.9860859236583968
97324,0.986099830781177
97325,0.9861137240037845
97326,0.9861276033401125
97327,0.9861414688040404
97328,0.9861553204094337
97329,0.9861691581701438
97330,0.9861829821000088
97331,0.9861967922128523
97332,0.9862105885224847
97333,0.9862243710427021
97334,0.9862381397872871
97335,0.9862518947700085
97336,0.9862656360046212
97337,0.9862793635048666
97338,0.9862930772844719
97339,0.9863067773571511
97340,0.9863204637366042
97341,0.9863341364365177
97342,0.9863477954705642
97343,0.9863614408524027
97344,0.9863750725956787
97345,0.9863886907140238
97346,0.9864022952210563
97347,0.9864158861303806
97348,0.9864294634555876
97349,0.9864430272102547
97350,0.9864565774079456
97351,0.9864701140622105
97352,0.9864836371865862
97353,0.9864971467945955
97354,0.9865106428997483
97355,0.9865241255155407
97356,0.9865375946554552
97357,0.986551050332961
97358,0.9865644925615138
97359,0.9865779213545558
97360,0.9865913367255158
97361,0.9866047386878092
97362,0.9866181272548379
97363,0.9866315024399904
97364,0.9866448642566421
97365,0.9866582127181547
97366,0.9866715478378767
97367,0.9866848696291431
97368,0.9866981781052759
97369,0.9867114732795835
97370,0.9867247551653611
97371,0.9867380237758905
97372,0.9867512791244403
97373,0.986764521224266
97374,0.9867777500886095
97375,0.9867909657306998
97376,0.9868041681637526
97377,0.9868173574009702
97378,0.986830533455542
97379,0.9868436963406438
97380,0.9868568460694388
97381,0.9868699826550765
97382,0.9868831061106936
97383,0.9868962164494136
97384,0.9869093136843468
97385,0.9869223978285903
97386,0.9869354688952283
97387,0.986948526897332
97388,0.9869615718479594
97389,0.9869746037601553
97390,0.9869876226469518
97391,0.9870006285213677
97392,0.9870136213964088
97393,0.987026601285068
97394,0.9870395682003253
97395,0.9870525221551476
97396,0.9870654631624888
97397,0.9870783912352898
97398,0.9870913063864789
97399,0.9871042086289712
97400,0.9871170979756688
97401,0.9871299744394613
97402,0.9871428380332249
97403,0.9871556887698234
97404,0.9871685266621074
97405,0.9871813517229149
97406,0.9871941639650709
97407,0.9872069634013877
97408,0.9872197500446647
97409,0.9872325239076885
97410,0.9872452850032329
97411,0.9872580333440593
97412,0.9872707689429158
97413,0.987283491812538
97414,0.9872962019656489
97415,0.9873088994149586
97416,0.9873215841731645
97417,0.9873342562529515
97418,0.9873469156669915
97419,0.9873595624279441
97420,0.9873721965484559
97421,0.9873848180411611
97422,0.9873974269186812
97423,0.987410023193625
97424,0.987422606878589
97425,0.9874351779861565
97426,0.9874477365288991
97427,0.9874602825193749
97428,0.9874728159701301
97429,0.9874853368936982
97430,0.9874978453026001
97431,0.9875103412093441
97432,0.9875228246264263
97433,0.9875352955663299
97434,0.987547754041526
97435,0.987560200064473
97436,0.9875726336476169
97437,0.9875850548033914
97438,0.9875974635442176
97439,0.9876098598825043
97440,0.9876222438306477
97441,0.9876346154010318
97442,0.9876469746060282
97443,0.9876593214579962
97444,0.9876716559692825
97445,0.9876839781522218
97446,0.9876962880191361
97447,0.9877085855823354
97448,0.9877208708541172
97449,0.9877331438467668
97450,0.9877454045725571
97451,0.987757653043749
97452,0.9877698892725908
97453,0.9877821132713188
97454,0.987794325052157
97455,0.9878065246273173
97456,0.9878187120089992
97457,0.9878308872093899
97458,0.9878430502406649
97459,0.987855201114987
97460,0.9878673398445073
97461,0.9878794664413643
97462,0.9878915809176847
97463,0.9879036832855831
97464,0.9879157735571618
97465,0.9879278517445109
97466,0.9879399178597088
97467,0.9879519719148215
97468,0.9879640139219031
97469,0.9879760438929956
97470,0.9879880618401291
97471,0.9880000677753213
97472,0.9880120617105784
97473,0.9880240436578942
97474,0.9880360136292506
97475,0.9880479716366177
97476,0.9880599176919534
97477,0.9880718518072039
97478,0.9880837739943031
97479,0.9880956842651734
97480,0.9881075826317249
97481,0.9881194691058561
97482,0.9881313436994534
97483,0.9881432064243915
97484,0.988155057292533
97485,0.9881668963157288
97486,0.988178723505818
97487,0.9881905388746278
97488,0.9882023424339735
97489,0.9882141341956587
97490,0.9882259141714752
97491,0.9882376823732029
97492,0.98824943881261
97493,0.988261183501453
97494,0.9882729164514765
97495,0.9882846376744135
97496,0.9882963471819853
97497,0.9883080449859014
97498,0.9883197310978595
97499,0.9883314055295458
97500,0.9883430682926347
97501,0.988354719398789
97502,0.9883663588596598
97503,0.9883779866868866
97504,0.9883896028920971
97505,0.9884012074869076
97506,0.9884128004829227
97507,0.9884243818917353
97508,0.9874364514750519
97509,0.9874490087449419
97510,0.9874615534638375
97511,0.9874740856442834
97512,0.9874866052988118
97513,0.9874991124399425
97514,0.9875116070801824
97515,0.9875240892320263
97516,0.9875365589079563
97517,0.9875490161204421
97518,0.9875614608819409
97519,0.9875738932048974
97520,0.987586313101744
97521,0.9875987205849007
97522,0.9876111156667748
97523,0.9876234983597616
97524,0.9876358686762436
97525,0.9876482266285912
97526,0.9876605722291624
97527,0.9876729054903026
97528,0.9876852264243453
97529,0.9876975350436114
97530,0.9877098313604094
97531,0.9877221153870356
97532,0.9877343871357742
97533,0.9877466466188969
97534,0.9877588938486631
97535,0.9877711288373201
97536,0.9877833515971028
97537,0.9877955621402342
97538,0.9878077604789246
97539,0.9878199466253724
97540,0.9878321205917638
97541,0.9878442823902728
97542,0.9878564320330611
97543,0.9878685695322784
97544,0.9878806949000623
97545,0.987892808148538
97546,0.9879049092898188
97547,0.9879169983360059
97548,0.9879290752991883
97549,0.987941140191443
97550,0.9879531930248349
97551,0.9879652338114168
97552,0.9869777623133544
97553,0.9859912777933011
97554,0.9860052795146471
97555,0.9860192672412692
97556,0.986033240987155
97557,0.9860472007662783
97558,0.9860611465925988
97559,0.9860750784800625
97560,0.9860889964426012
97561,0.9861029004941329
97562,0.9861167906485615
97563,0.9861306669197774
97564,0.9861445293216566
97565,0.9861583778680618
97566,0.9861722125728414
97567,0.98618603344983
97568,0.9861998405128487
97569,0.9862136337757045
97570,0.9862274132521905
97571,0.9862411789560864
97572,0.9862549309011578
97573,0.9862686691011566
97574,0.9862823935698212
97575,0.9862961043208758
97576,0.9863098013680314
97577,0.9863234847249849
97578,0.9863371544054197
97579,0.9863508104230054
97580,0.9863644527913983
97581,0.9863780815242404
97582,0.9863916966351608
97583,0.9864052981377743
97584,0.9864188860456826
97585,0.9864324603724736
97586,0.9864460211317214
97587,0.9864595683369871
97588,0.9864731020018177
97589,0.9864866221397469
97590,0.9865001287642949
97591,0.9865136218889683
97592,0.9865271015272602
97593,0.9865405676926502
97594,0.9865540203986045
97595,0.986567459658576
97596,0.9865808854860036
97597,0.9865942978943135
97598,0.9866076968969179
97599,0.9866210825072158
97600,0.9866344547385929
97601,0.9866478136044214
97602,0.9866611591180602
97603,0.9866744912928547
97604,0.9866878101421371
97605,0.9867011156792265
97606,0.9867144079174281
97607,0.9867276868700344
97608,0.9867409525503242
97609,0.9867542049715633
97610,0.986767444147004
97611,0.9867806700898856
97612,0.9867938828134339
97613,0.9858075820809867
97614,0.9858217674062432
97615,0.9858359385532635
97616,0.9858500955362187
97617,0.985864238369266
97618,0.9858783670665481
97619,0.9858924816421937
97620,0.9859065821103175
97621,0.9859206684850198
97622,0.9859347407803871
97623,0.9859487990104917
97624,0.9859628431893918
97625,0.9859768733311315
97626,0.985990889449741
97627,0.9860048915592365
97628,0.9860188796736201
97629,0.9860328538068799
97630,0.98604681397299
97631,0.9860607601859105
97632,0.9860746924595878
97633,0.9860886108079541
97634,0.9861025152449276
97635,0.986116405784413
97636,0.9861302824403005
97637,0.9861441452264672
97638,0.9861579941567756
97639,0.9861718292450747
97640,0.9861856505051996
97641,0.9861994579509715
97642,0.986213251596198
97643,0.9862270314546726
97644,0.9862407975401752
97645,0.9862545498664719
97646,0.986268288447315
97647,0.986282013296443
97648,0.9862957244275811
97649,0.98630942185444
97650,0.9863231055907175
97651,0.986336775650097
97652,0.9863504320462488
97653,0.9863640747928293
97654,0.9863777039034811
97655,0.9863913193918334
97656,0.9864049212715018
97657,0.986418509556088
97658,0.9864320842591804
97659,0.9864456453943536
97660,0.9864591929751689
97661,0.9864727270151737
97662,0.9864862475279023
97663,0.9864997545268749
97664,0.9865132480255987
97665,0.9865267280375671
97666,0.9865401945762602
97667,0.9865536476551445
97668,0.9865670872876732
97669,0.9865805134872857
97670,0.9865939262674084
97671,0.9866073256414539
97672,0.9866207116228218
97673,0.986634084224898
97674,0.9866474434610549
97675,0.9866607893446521
97676,0.9866741218890352
97677,0.9866874411075369
97678,0.9867007470134764
97679,0.9867140396201596
97680,0.9867273189408791
97681,0.9867405849889141
97682,0.9867538377775309
97683,0.9867670773199821
97684,0.9867803036295074
97685,0.986793516719333
97686,0.986806716602672
97687,0.9868199032927244
97688,0.9868330768026767
97689,0.9868462371457025
97690,0.9868593843349622
97691,0.9868725183836029
97692,0.9868856393047587
97693,0.9868987471115506
97694,0.9869118418170862
97695,0.9869249234344605
97696,0.9869379919767549
97697,0.986951047457038
97698,0.9869640898883653
97699,0.9869771192837792
97700,0.9869901356563091
97701,0.9870031390189715
97702,0.9870161293847697
97703,0.987029106766694
97704,0.9870420711777218
97705,0.9870550226308176
97706,0.9870679611389327
97707,0.9870808867150057
97708,0.9870937993719622
97709,0.9871066991227149
97710,0.9871195859801635
97711,0.9871324599571948
97712,0.9871453210666828
97713,0.9871581693214888
97714,0.9871710047344608
97715,0.9871838273184343
97716,0.9871966370862321
97717,0.9872094340506636
97718,0.987222218224526
97719,0.9872349896206035
97720,0.9872477482516674
97721,0.9872604941304763
97722,0.9872732272697762
97723,0.9872859476823002
97724,0.9872986553807687
97725,0.9873113503778893
97726,0.9873240326863572
97727,0.9873367023188545
97728,0.987349359288051
97729,0.9873620036066036
97730,0.9873746352871567
97731,0.987387254342342
97732,0.9873998607847784
97733,0.9874124546270725
97734,0.9874250358818181
97735,0.9874376045615963
97736,0.986450660429101
97737,0.9864642029973878
97738,0.9864777320298742
97739,0.9864912475400892
97740,0.9865047495415484
97741,0.9865182380477537
97742,0.9865317130721938
97743,0.9865451746283436
97744,0.9865586227296645
97745,0.986572057389605
97746,0.9865854786215994
97747,0.986598886439069
97748,0.9866122808554217
97749,0.986625661884052
97750,0.9856395292884658
97751,0.9856538825825303
97752,0.9856682215304737
97753,0.9856825461466352
97754,0.9856968564453392
97755,0.9857111524408961
97756,0.9857254341476018
97757,0.9857397015797381
97758,0.9857539547515725
97759,0.985768193677358
97760,0.9857824183713336
97761,0.9857966288477241
97762,0.9858108251207399
97763,0.9858250072045772
97764,0.9848396748635432
97765,0.9848548276123053
97766,0.9848699652158911
97767,0.9848850876894384
97768,0.9849001950480696
97769,0.9849152873068922
97770,0.9849303644809982
97771,0.984945426585465
97772,0.9849604736353547
97773,0.9849755056457141
97774,0.9849905226315755
97775,0.9850055246079558
97776,0.9850205115898568
97777,0.9850354835922658
97778,0.9850504406301546
97779,0.9850653827184802
97780,0.9850803098721849
97781,0.9850952221061957
97782,0.9851101194354249
97783,0.9851250018747698
97784,0.9851398694391129
97785,0.9851547221433217
97786,0.9851695600022489
97787,0.9851843830307324
97788,0.9851991912435952
97789,0.9852139846556456
97790,0.985228763281677
97791,0.9852435271364679
97792,0.9852582762347822
97793,0.9852730105913692
97794,0.985287730220963
97795,0.9853024351382834
97796,0.9853171253580353
97797,0.9853318008949088
97798,0.9853464617635795
97799,0.9853611079787084
97800,0.9853757395549415
97801,0.9853903565069105
97802,0.9854049588492325
97803,0.9854195465965097
97804,0.9854341197633297
97805,0.985448678364266
97806,0.9854632224138768
97807,0.9854777519267065
97808,0.9854922669172845
97809,0.9855067674001258
97810,0.9855212533897308
97811,0.9855357249005857
97812,0.9855501819471618
97813,0.9855646245439162
97814,0.9855790527052917
97815,0.9845939661958412
97816,0.984609364530478
97817,0.9846247474744755
97818,0.9846401150432167
97819,0.9846554672520691
97820,0.9846708041163849
97821,0.9846861256515009
97822,0.9847014318727388
97823,0.9847167227954048
97824,0.9847319984347896
97825,0.9847472588061692
97826,0.9847625039248037
97827,0.9847777338059384
97828,0.984792948464803
97829,0.9848081479166123
97830,0.9848233321765657
97831,0.9848385012598475
97832,0.9848536551816268
97833,0.9848687939570575
97834,0.9848839176012784
97835,0.984899026129413
97836,0.98491411955657
97837,0.9849291978978428
97838,0.9839447609184347
97839,0.9839608081339086
97840,0.9839768393101865
97841,0.9839928544632998
97842,0.9840088536092635
97843,0.9840248367640768
97844,0.984040803943723
97845,0.984056755164169
97846,0.9840726904413662
97847,0.9840886097912499
97848,0.9841045132297394
97849,0.9841204007727381
97850,0.9841362724361337
97851,0.9841521282357977
97852,0.984167968187586
97853,0.9841837923073385
97854,0.9841996006108794
97855,0.984215393114017
97856,0.9842311698325437
97857,0.9842469307822362
97858,0.9842626759788556
97859,0.9842784054381472
97860,0.9842941191758402
97861,0.9843098172076484
97862,0.98432549954927
97863,0.9843411662163871
97864,0.9843568172246666
97865,0.9843724525897594
97866,0.9843880723273009
97867,0.9834041762030357
97868,0.9834207637330676
97869,0.9834373346838592
97870,0.9834538890719813
97871,0.9834704269139883
97872,0.9834869482264181
97873,0.983503453025792
97874,0.9835199413286148
97875,0.9835364131513747
97876,0.9835528685105438
97877,0.9825698071727021
97878,0.9825872286547884
97879,0.982604632724099
97880,0.982622019398038
97881,0.9826393886939919
97882,0.9826567406293303
97883,0.9826740752214049
97884,0.9826913924875504
97885,0.9827086924450841
97886,0.9827259751113059
97887,0.9827432405034985
97888,0.9827604886389273
97889,0.9827777195348404
97890,0.9827949332084688
97891,0.982812129677026
97892,0.9828293089577087
97893,0.982846471067696
97894,0.9828636160241501
97895,0.9828807438442159
97896,0.9828978545450212
97897,0.9829149481436769
97898,0.9829320246572764
97899,0.9829490841028963
97900,0.9829661264975961
97901,0.9829831518584181
97902,0.9830001602023877
97903,0.9830171515465133
97904,0.9830341259077862
97905,0.9830510833031807
97906,0.9830680237496543
97907,0.9830849472641474
97908,0.9831018538635835
97909,0.9831187435648693
97910,0.9831356163848944
97911,0.9831524723405317
97912,0.9831693114486372
97913,0.9831861337260498
97914,0.983202939189592
97915,0.9832197278560691
97916,0.982236999492395
97917,0.9822547536158408
97918,0.9822724899940358
97919,0.9822902086447165
97920,0.9823079095856013
97921,0.9823255928343914
97922,0.9823432584087698
97923,0.9823609063264022
97924,0.9823785366049365
97925,0.982396149262003
97926,0.9824137443152144
97927,0.9824313217821657
97928,0.9824488816804344
97929,0.9824664240275804
97930,0.9824839488411461
97931,0.9825014561386561
97932,0.982518945937618
97933,0.9825364182555214
97934,0.9825538731098388
97935,0.9825713105180248
97936,0.982588730497517
97937,0.9826061330657354
97938,0.9826235182400825
97939,0.9826408860379435
97940,0.9826582364766863
97941,0.9826755695736611
97942,0.9826928853462011
97943,0.9817106835617472
97944,0.9817289637380973
97945,0.9817472256434066
97946,0.9817654692959369
97947,0.9817836947139319
97948,0.9818019019156171
97949,0.9818200909191998
97950,0.9818382617428687
97951,0.9818564144047949
97952,0.9818745489231309
97953,0.9818926653160113
97954,0.9819107636015525
97955,0.9819288437978528
97956,0.9819469059229924
97957,0.9819649499950334
97958,0.9819829760320198
97959,0.9820009840519778
97960,0.9820189740729154
97961,0.9820369461128226
97962,0.9820549001896713
97963,0.9820728363214158
97964,0.9820907545259921
97965,0.9821086548213185
97966,0.9821265372252952
97967,0.9821444017558046
97968,0.9821622484307114
97969,0.9821800772678622
97970,0.9821978882850857
97971,0.982215681500193
97972,0.9822334569309774
97973,0.9822512145952144
97974,0.9822689545106614
97975,0.9822866766950585
97976,0.982304381166128
97977,0.9823220679415741
97978,0.9823397370390837
97979,0.982357388476326
97980,0.9823750222709524
97981,0.9823926384405967
97982,0.9824102370028749
97983,0.9824278179753858
97984,0.9824453813757102
97985,0.9824629272214117
97986,0.9824804555300359
97987,0.9824979663191113
97988,0.9825154596061487
97989,0.9825329354086413
97990,0.9825503937440649
97991,0.982567834629878
97992,0.9825852580835213
97993,0.9826026641224183
97994,0.982620052763975
97995,0.9826374240255802
97996,0.9826547779246051
97997,0.9826721144784036
97998,0.9826894337043123
97999,0.9827067356196503
98000,0.9827240202417196
98001,0.9827412875878048
98002,0.9827585376751733
98003,0.9827757705210751
98004,0.9827929861427432
98005,0.9828101845573932
98006,0.9828273657822234
98007,0.9828445298344151
98008,0.9828616767311323
98009,0.982878806489522
98010,0.9828959191267138
98011,0.9819135144099455
98012,0.9819315918568121
98013,0.9819496512352661
98014,0.9819676925633668
98015,0.9819857158591555
98016,0.9820037211406556
98017,0.9820217084258723
98018,0.982039677732793
98019,0.9820576290793869
98020,0.9820755624836054
98021,0.9820934779633819
98022,0.9821113755366319
98023,0.9821292552212529
98024,0.9821471170351247
98025,0.9821649609961091
98026,0.98218278712205
98027,0.9822005954307735
98028,0.9822183859400881
98029,0.9822361586677842
98030,0.9822539136316345
98031,0.9822716508493939
98032,0.9822893703387998
98033,0.9823070721175716
98034,0.9823247562034111
98035,0.9823424226140024
98036,0.9823600713670119
98037,0.9823777024800883
98038,0.9823953159708628
98039,0.9824129118569489
98040,0.9824304901559424
98041,0.9824480508854218
98042,0.9824655940629475
98043,0.9824831197060631
98044,0.9825006278322939
98045,0.9825181184591482
98046,0.9825355916041165
98047,0.9825530472846721
98048,0.9825704855182706
98049,0.9825879063223504
98050,0.982605309714332
98051,0.9826226957116191
98052,0.9826400643315975
98053,0.9826574155916359
98054,0.9826747495090855
98055,0.9826920661012803
98056,0.982709365385537
98057,0.9827266473791546
98058,0.9827439120994154
98059,0.9827611595635839
98060,0.9827783897889076
98061,0.9827956027926169
98062,0.9828127985919246
98063,0.9828299772040267
98064,0.9828471386461016
98065,0.9828642829353109
98066,0.9828814100887988
98067,0.9828985201236926
98068,0.9829156130571022
98069,0.9829326889061205
98070,0.9819502474379485
98071,0.9819682881701444
98072,0.9819863108706239
98073,0.98200431555741
98074,0.9820223022485071
98075,0.9820402709619018
98076,0.9820582217155631
98077,0.9820761545274416
98078,0.9820940694154701
98079,0.9821119663975636
98080,0.982129845491619
98081,0.9821477067155154
98082,0.9821655500871141
98083,0.9821833756242585
98084,0.982201183344774
98085,0.9812194730165934
98086,0.9812382441580061
98087,0.9812569965376583
98088,0.9802762299244273
98089,0.9802959438375464
98090,0.9803156380466043
98091,0.9803353125712954
98092,0.980354967431294
98093,0.9803746026462552
98094,0.9803942182358142
98095,0.9804138142195865
98096,0.9804333906171682
98097,0.9804529474481355
98098,0.9804724847320454
98099,0.9794925022385601
98100,0.979512999487697
98101,0.9795334762498282
98102,0.9795539325454306
98103,0.9795743683949604
98104,0.9795947838188535
98105,0.9796151788375252
98106,0.9796355534713708
98107,0.9786564074908897
98108,0.9776782401670607
98109,0.9777005507715915
98110,0.9777228390766673
98111,0.9777451051045767
98112,0.9777673488775857
98113,0.9777895704179379
98114,0.977811769747855
98115,0.9778339468895363
98116,0.9778561018651589
98117,0.977878234696878
98118,0.9779003454068261
98119,0.9779224340171142
98120,0.9779445005498307
98121,0.9779665450270423
98122,0.9779885674707933
98123,0.9780105679031064
98124,0.9780325463459818
98125,0.9780545028213982
98126,0.9780764373513118
98127,0.9780983499576573
98128,0.9781202406623474
98129,0.9781421094872725
98130,0.9781639564543018
98131,0.978185781585282
98132,0.9782075849020384
98133,0.9782293664263741
98134,0.9782511261800709
98135,0.9772733639350134
98136,0.9772960792134392
98137,0.9773187717879385
98138,0.9773414416812038
98139,0.9773640889159053
98140,0.97738671351469
98141,0.9774093155001825
98142,0.9774318948949849
98143,0.9774544517216767
98144,0.9774769860028144
98145,0.9774994977609325
98146,0.9775219870185428
98147,0.9775444537981344
98148,0.9775668981221742
98149,0.9775893200131066
98150,0.9776117194933533
98151,0.977634096585314
98152,0.9766569510614905
98153,0.9766802824447374
98154,0.9767035905082608
98155,0.976726875275369
98156,0.9767501367693467
98157,0.9767733750134553
98158,0.9767965900309331
98159,0.9768197818449952
98160,0.9768429504788333
98161,0.976866095955616
98162,0.976889218298489
98163,0.9769123175305744
98164,0.9759358934250966
98165,0.9759599455056313
98166,0.9759839735461053
98167,0.976007977570547
98168,0.9760319576029602
98169,0.9760559136673251
98170,0.9760798457875977
98171,0.97610375398771
98172,0.9761276382915703
98173,0.9761514987230631
98174,0.9761753353060485
98175,0.9761991480643633
98176,0.9762229370218202
98177,0.9762467022022081
98178,0.9762704436292924
98179,0.9762941613268143
98180,0.9763178553184917
98181,0.9763415256280185
98182,0.9763651722790649
98183,0.9763887952952778
98184,0.97641239470028
98185,0.976435970517671
98186,0.9764595227710265
98187,0.9764830514838991
98188,0.9765065566798172
98189,0.9765300383822861
98190,0.9765534966147876
98191,0.9765769314007798
98192,0.9766003427636976
98193,0.9766237307269522
98194,0.9766470953139318
98195,0.9766704365480008
98196,0.9766937544525005
98197,0.9767170490507489
98198,0.9767403203660404
98199,0.9767635684216466
98200,0.9767867932408153
98201,0.9768099948467716
98202,0.9768331732627168
98203,0.9768563285118295
98204,0.9768794606172649
98205,0.9769025696021553
98206,0.9769256554896094
98207,0.9769487183027132
98208,0.9769717580645296
98209,0.9769947747980983
98210,0.977017768526436
98211,0.9770407392725364
98212,0.9770636870593705
98213,0.9770866119098859
98214,0.9771095138470074
98215,0.9771323928936371
98216,0.9771552490726539
98217,0.9771780824069142
98218,0.977200892919251
98219,0.9772236806324752
98220,0.9772464455693743
98221,0.9772691877527133
98222,0.9772919072052344
98223,0.977314603949657
98224,0.9773372780086778
98225,0.977359929404971
98226,0.9773825581611879
98227,0.9774051642999574
98228,0.9774277478438854
98229,0.9774503088155557
98230,0.9774728472375291
98231,0.9774953631323442
98232,0.9775178565225168
98233,0.9775403274305402
98234,0.9775627758788855
98235,0.9775852018900011
98236,0.977607605486313
98237,0.9776299866902247
98238,0.9776523455241175
98239,0.9776746820103502
98240,0.9776969961712594
98241,0.9777192880291592
98242,0.9777415576063414
98243,0.9777638049250756
98244,0.9777860300076093
98245,0.9778082328761675
98246,0.9778304135529529
98247,0.9778525720601463
98248,0.9778747084199063
98249,0.9778968226543692
98250,0.9779189147856492
98251,0.9779409848358385
98252,0.977963032827007
98253,0.9779850587812029
98254,0.9780070627204521
98255,0.9780290446667586
98256,0.9780510046421041
98257,0.9780729426684489
98258,0.9780948587677308
98259,0.9781167529618661
98260,0.9781386252727488
98261,0.9781604757222513
98262,0.9781823043322241
98263,0.9782041111244957
98264,0.978225896120873
98265,0.978247659343141
98266,0.9782694008130628
98267,0.9782911205523801
98268,0.9783128185828125
98269,0.9783344949260581
98270,0.9783561496037931
98271,0.9783777826376724
98272,0.9783993940493289
98273,0.978420983860374
98274,0.9784425520923976
98275,0.9784640987669679
98276,0.9784856239056317
98277,0.9785071275299139
98278,0.9785286096613183
98279,0.9785500703213269
98280,0.9775720092815254
98281,0.9775944260638527
98282,0.9776168204406005
98283,0.9776391924341631
98284,0.9776615420669126
98285,0.9776838693611986
98286,0.9777061743393483
98287,0.9777284570236667
98288,0.9777507174364367
98289,0.9777729555999185
98290,0.9777951715363503
98291,0.9778173652679482
98292,0.9778395368169057
98293,0.9778616862053946
98294,0.9778838134555641
98295,0.9779059185895416
98296,0.977928001629432
98297,0.9779500625973186
98298,0.9779721015152624
98299,0.977994118405302
98300,0.9780161132894547
98301,0.9780380861897151
98302,0.9780600371280562
98303,0.978081966126429
98304,0.9781038732067624
98305,0.9781257583909635
98306,0.9781476217009175
98307,0.9781694631584879
98308,0.9781912827855158
98309,0.9782130806038212
98310,0.9782348566352017
98311,0.9782566109014333
98312,0.9782783434242704
98313,0.9783000542254456
98314,0.9783217433266695
98315,0.9783434107496314
98316,0.9783650565159986
98317,0.9783866806474169
98318,0.9784082831655104
98319,0.9784298640918817
98320,0.9784514234481118
98321,0.9784729612557598
98322,0.9784944775363638
98323,0.9785159723114398
98324,0.9785374456024829
98325,0.9785588974309661
98326,0.9785803278183415
98327,0.9786017367860392
98328,0.9786231243554685
98329,0.9786444905480167
98330,0.9786658353850501
98331,0.9786871588879137
98332,0.9787084610779307
98333,0.9787297419764036
98334,0.9787510016046131
98335,0.9787722399838189
98336,0.9787934571352593
98337,0.9788146530801516
98338,0.9788358278396917
98339,0.9788569814350543
98340,0.9788781138873931
98341,0.9788992252178405
98342,0.9789203154475078
98343,0.9789413845974853
98344,0.9789624326888421
98345,0.9789834597426263
98346,0.9790044657798651
98347,0.9790254508215644
98348,0.9790464148887094
98349,0.9790673580022639
98350,0.9790882801831712
98351,0.9791091814523534
98352,0.9791300618307118
98353,0.979150921339127
98354,0.9791717599984582
98355,0.9781930775796691
98356,0.9782148736040772
98357,0.9782366478433535
98358,0.9782584003192722
98359,0.9782801310535858
98360,0.978301840068025
98361,0.9783235273842988
98362,0.9783451930240946
98363,0.978366837009078
98364,0.978388459360893
98365,0.978410060101162
98366,0.9784316392514857
98367,0.9784531968334432
98368,0.9784747328685922
98369,0.9784962473784686
98370,0.978517740384587
98371,0.9785392119084405
98372,0.9785606619715005
98373,0.9785820905952172
98374,0.9786034978010191
98375,0.9786248836103134
98376,0.978646248044486
98377,0.9786675911249013
98378,0.9786889128729024
98379,0.978710213309811
98380,0.9787314924569276
98381,0.9787527503355313
98382,0.9787739869668801
98383,0.9787952023722105
98384,0.978816396572738
98385,0.9788375695896568
98386,0.97885872144414
98387,0.9788798521573393
98388,0.9789009617503854
98389,0.978922050244388
98390,0.9789431176604356
98391,0.9789641640195956
98392,0.9789851893429143
98393,0.9790061936514172
98394,0.9790271769661084
98395,0.9790481393079714
98396,0.9790690806979684
98397,0.9790900011570409
98398,0.9791109007061094
98399,0.9791317793660733
98400,0.9791526371578114
98401,0.9791734741021815
98402,0.9791942902200204
98403,0.9792150855321443
98404,0.9792358600593486
98405,0.9792566138224077
98406,0.9792773468420755
98407,0.9792980591390849
98408,0.9793187507341482
98409,0.9793394216479572
98410,0.9793600719011826
98411,0.9793807015144748
98412,0.9794013105084632
98413,0.9794218989037571
98414,0.9794424667209447
98415,0.979463013980594
98416,0.979483540703252
98417,0.9795040469094457
98418,0.9795245326196811
98419,0.979544997854444
98420,0.9795654426341998
98421,0.979585866979393
98422,0.979606270910448
98423,0.979626654447769
98424,0.9796470176117392
98425,0.979667360422722
98426,0.9796876829010601
98427,0.979707985067076
98428,0.979728266941072
98429,0.9797485285433297
98430,0.979768769894111
98431,0.9797889910136571
98432,0.9798091919221892
98433,0.9798293726399081
98434,0.9798495331869946
98435,0.9798696735836093
98436,0.9798897938498926
98437,0.9799098940059647
98438,0.9799299740719258
98439,0.979950034067856
98440,0.9799700740138151
98441,0.9799900939298433
98442,0.9800100938359604
98443,0.9800300737521663
98444,0.980050033698441
98445,0.9800699736947445
98446,0.9800898937610166
98447,0.9801097939171776
98448,0.9801296741831275
98449,0.9801495345787465
98450,0.9801693751238952
98451,0.9801891958384141
98452,0.9802089967421238
98453,0.9802287778548253
98454,0.9802485391962997
98455,0.9802682807863085
98456,0.980288002644593
98457,0.9803077047908753
98458,0.9803273872448574
98459,0.9803470500262218
98460,0.9803666931546313
98461,0.9803863166497291
98462,0.9804059205311386
98463,0.9804255048184638
98464,0.980445069531289
98465,0.9804646146891787
98466,0.9804841403116782
98467,0.9805036464183132
98468,0.9805231330285897
98469,0.9805426001619945
98470,0.9805620478379945
98471,0.9805814760760375
98472,0.9806008848955517
98473,0.980620274315946
98474,0.9806396443566098
98475,0.980658995036913
98476,0.9806783263762064
98477,0.9806976383938214
98478,0.98071693110907
98479,0.9807362045412449
98480,0.9807554587096194
98481,0.9807746936334479
98482,0.9807939093319652
98483,0.980813105824387
98484,0.9808322831299098
98485,0.980851441267711
98486,0.9808705802569486
98487,0.9808897001167618
98488,0.9809088008662703
98489,0.9809278825245749
98490,0.9809469451107572
98491,0.9809659886438798
98492,0.9809850131429864
98493,0.9810040186271013
98494,0.9810230051152301
98495,0.9810419726263593
98496,0.9810609211794564
98497,0.9810798507934699
98498,0.9810987614873296
98499,0.9811176532799459
98500,0.9811365261902109
98501,0.9811553802369972
98502,0.9811742154391592
98503,0.9811930318155319
98504,0.9812118293849317
98505,0.9812306081661561
98506,0.981249368177984
98507,0.9812681094391754
98508,0.9812868319684716
98509,0.98030603553472
98510,0.980325719657124
98511,0.9803453841052429
98512,0.9803650288987409
98513,0.9803846540572629
98514,0.9804042596004341
98515,0.98042384554786
98516,0.9804434119191265
98517,0.9804629587338001
98518,0.9804824860114275
98519,0.980501993771536
98520,0.9805214820336334
98521,0.980540950817208
98522,0.9805604001417286
98523,0.9805798300266444
98524,0.9805992404913854
98525,0.980618631555362
98526,0.9806380032379653
98527,0.980657355558567
98528,0.9806766885365195
98529,0.9806960021911556
98530,0.9807152965417891
98531,0.9807345716077144
98532,0.9807538274082064
98533,0.9807730639625211
98534,0.9807922812898948
98535,0.980811479409545
98536,0.98083065834067
98537,0.9808498181024484
98538,0.9808689587140402
98539,0.980888080194586
98540,0.9809071825632071
98541,0.980926265839006
98542,0.980945330041066
98543,0.9809643751884513
98544,0.9809834013002069
98545,0.9810024083953591
98546,0.981021396492915
98547,0.9810403656118626
98548,0.9810593157711711
98549,0.9810782469897906
98550,0.9810971592866524
98551,0.9811160526806687
98552,0.981134927190733
98553,0.9811537828357199
98554,0.9811726196344848
98555,0.9811914376058646
98556,0.9812102367686774
98557,0.9812290171417222
98558,0.9812477787437794
98559,0.9812665215936107
98560,0.9812852457099589
98561,0.9813039511115481
98562,0.9813226378170838
98563,0.9813413058452527
98564,0.9813599552147227
98565,0.9813785859441433
98566,0.9813971980521451
98567,0.9814157915573404
98568,0.9814343664783225
98569,0.9814529228336665
98570,0.9814714606419287
98571,0.9814899799216469
98572,0.9815084806913403
98573,0.9815269629695099
98574,0.9815454267746379
98575,0.9815638721251879
98576,0.9815822990396055
98577,0.9816007075363176
98578,0.9816190976337326
98579,0.9816374693502405
98580,0.9816558227042134
98581,0.9816741577140042
98582,0.9816924743979483
98583,0.9817107727743621
98584,0.9817290528615442
98585,0.9817473146777745
98586,0.981765558241315
98587,0.9817837835704091
98588,0.9818019906832822
98589,0.9818201795981415
98590,0.9818383503331758
98591,0.9818565029065559
98592,0.9818746373364344
98593,0.9818927536409457
98594,0.9819108518382061
98595,0.9819289319463139
98596,0.9819469939833491
98597,0.9819650379673737
98598,0.9819830639164318
98599,0.9820010718485492
98600,0.982019061781734
98601,0.9820370337339762
98602,0.9820549877232476
98603,0.9820729237675022
98604,0.9820908418846761
98605,0.9821087420926874
98606,0.9821266244094363
98607,0.9821444888528053
98608,0.9821623354406586
98609,0.9821801641908429
98610,0.9821979751211869
98611,0.9822157682495015
98612,0.98223354359358
98613,0.9822513011711975
98614,0.9822690410001119
98615,0.9822867630980628
98616,0.9823044674827724
98617,0.9823221541719451
98618,0.9823398231832675
98619,0.9823574745344087
98620,0.98237510824302
98621,0.9823927243267351
98622,0.9824103228031701
98623,0.9824279036899235
98624,0.9824454670045762
98625,0.9824630127646916
98626,0.9824805409878153
98627,0.9824980516914757
98628,0.9825155448931834
98629,0.9825330206104316
98630,0.982550478860696
98631,0.982567919661435
98632,0.9825853430300893
98633,0.9826027489840822
98634,0.9826201375408197
98635,0.9826375087176904
98636,0.9826548625320656
98637,0.9826721990012989
98638,0.9826895181427269
98639,0.9827068199736687
98640,0.9827241045114261
98641,0.9827413717732838
98642,0.9827586217765089
98643,0.9827758545383515
98644,0.9827930700760443
98645,0.9828102684068029
98646,0.9828274495478255
98647,0.9828446135162935
98648,0.9828617603293707
98649,0.9828788900042039
98650,0.9828960025579229
98651,0.98291309800764
98652,0.982930176370451
98653,0.9829472376634341
98654,0.9829642819036505
98655,0.9829813091081446
98656,0.9829983192939435
98657,0.9830153124780575
98658,0.9830322886774797
98659,0.9830492479091864
98660,0.9830661901901366
98661,0.9830831155372729
98662,0.9831000239675205
98663,0.9831169154977878
98664,0.9831337901449664
98665,0.9831506479259309
98666,0.9831674888575391
98667,0.983184312956632
98668,0.9832011202400337
98669,0.9832179107245514
98670,0.9832346844269757
98671,0.9832514413640802
98672,0.9832681815526219
98673,0.9832849050093408
98674,0.9833016117509606
98675,0.9833183017941881
98676,0.9833349751557131
98677,0.9833516318522092
98678,0.9833682719003329
98679,0.9833848953167245
98680,0.9834015021180071
98681,0.9834180923207877
98682,0.9834346659416565
98683,0.9834512229971871
98684,0.9834677635039366
98685,0.9834842874784454
98686,0.9835007949372375
98687,0.9835172858968205
98688,0.9835337603736852
98689,0.9835502183843062
98690,0.9835666599451415
98691,0.9835830850726326
98692,0.9835994937832047
98693,0.9836158860932664
98694,0.9836322620192102
98695,0.9836486215774118
98696,0.983664964784231
98697,0.9836812916560109
98698,0.9836976022090784
98699,0.983713896459744
98700,0.983730174424302
98701,0.9837464361190303
98702,0.9837626815601908
98703,0.9837789107640287
98704,0.9837951237467732
98705,0.9838113205246375
98706,0.9838275011138182
98707,0.9838436655304961
98708,0.9838598137908354
98709,0.9838759459109845
98710,0.9838920619070755
98711,0.9839081617952243
98712,0.9839242455915309
98713,0.9839403133120791
98714,0.9839563649729366
98715,0.983972400590155
98716,0.9839884201797701
98717,0.9840044237578013
98718,0.9840204113402523
98719,0.9840363829431106
98720,0.9840523385823479
98721,0.9840682782739197
98722,0.9840842020337659
98723,0.9841001098778102
98724,0.9841160018219602
98725,0.9841318778821082
98726,0.9841477380741301
98727,0.9841635824138861
98728,0.9841794109172206
98729,0.984195223599962
98730,0.9842110204779231
98731,0.9842268015669007
98732,0.9842425668826759
98733,0.984258316441014
98734,0.9842740502576647
98735,0.9842897683483617
98736,0.9843054707288231
98737,0.9843211574147513
98738,0.984336828421833
98739,0.9843524837657393
98740,0.9843681234621253
98741,0.9843837475266309
98742,0.9843993559748802
98743,0.9844149488224815
98744,0.9844305260850277
98745,0.9844460877780962
98746,0.9844616339172485
98747,0.9844771645180309
98748,0.9844926795959739
98749,0.9845081791665926
98750,0.9845236632453866
98751,0.98453913184784
98752,0.9845545849894214
98753,0.9845700226855839
98754,0.9845854449517653
98755,0.9846008518033876
98756,0.9846162432558581
98757,0.9846316193245679
98758,0.9846469800248931
98759,0.9846623253721946
98760,0.9836781551319425
98761,0.9836944688199665
98762,0.9837107662024552
98763,0.9837270472957061
98764,0.9837433121160003
98765,0.9837595606796025
98766,0.9837757930027613
98767,0.983792009101709
98768,0.9838082089926619
98769,0.9838243926918196
98770,0.983840560215366
98771,0.9838567115794686
98772,0.9838728468002788
98773,0.9838889658939316
98774,0.9839050688765464
98775,0.983921155764226
98776,0.9839372265730574
98777,0.9839532813191113
98778,0.9839693200184425
98779,0.9839853426870897
98780,0.9840013493410756
98781,0.984017339996407
98782,0.9840333146690742
98783,0.9840492733750521
98784,0.9840652161302994
98785,0.9840811429507589
98786,0.9840970538523574
98787,0.9841129488510056
98788,0.9841288279625988
98789,0.9841446912030161
98790,0.9841605385881205
98791,0.9841763701337596
98792,0.9841921858557648
98793,0.9842079857699519
98794,0.9842237698921209
98795,0.9842395382380558
98796,0.984255290823525
98797,0.9842710276642811
98798,0.9842867487760609
98799,0.9843024541745856
98800,0.9843181438755605
98801,0.9843338178946753
98802,0.9843494762476042
98803,0.9843651189500053
98804,0.9843807460175216
98805,0.9843963574657799
98806,0.9844119533103918
98807,0.9844275335669531
98808,0.9834435980011691
98809,0.9834601461291039
98810,0.9834766777171808
98811,0.9834931927819313
98812,0.9835096913398703
98813,0.9835261734074966
98814,0.9835426390012922
98815,0.9835590881377227
98816,0.9835755208332373
98817,0.9835919371042685
98818,0.9836083369672327
98819,0.9836247204385298
98820,0.9836410875345433
98821,0.9836574382716402
98822,0.9836737726661713
98823,0.983690090734471
98824,0.9837063924928573
98825,0.983722677957632
98826,0.9837389471450807
98827,0.9837552000714724
98828,0.9837714367530602
98829,0.9837876572060806
98830,0.9838038614467542
98831,0.9838200494912852
98832,0.9838362213558617
98833,0.9838523770566554
98834,0.9838685166098222
98835,0.9838846400315016
98836,0.9839007473378169
98837,0.9839168385448755
98838,0.9839329136687687
98839,0.9839489727255715
98840,0.9829655154814679
98841,0.9829825414530007
98842,0.9820000501571956
98843,0.9820180411115612
98844,0.9820360140839635
98845,0.9820539690923753
98846,0.9820719061547517
98847,0.9820898252890298
98848,0.9821077265131287
98849,0.9821256098449497
98850,0.982143475302376
98851,0.9821613229032732
98852,0.9821791526654888
98853,0.9821969646068527
98854,0.9822147587451767
98855,0.982232535098255
98856,0.982250293683864
98857,0.9822680345197622
98858,0.9822857576236904
98859,0.9823034630133719
98860,0.9823211507065119
98861,0.9823388207207983
98862,0.982356473073901
98863,0.9823741077834722
98864,0.9823917248671469
98865,0.982409324342542
98866,0.9824269062272571
98867,0.9824444705388741
98868,0.9824620172949572
98869,0.9824795465130531
98870,0.9824970582106912
98871,0.9825145524053832
98872,0.9825320291146232
98873,0.982549488355888
98874,0.9825669301466367
98875,0.9825843545043111
98876,0.9826017614463358
98877,0.9826191509901175
98878,0.982636523153046
98879,0.9826538779524931
98880,0.982671215405814
98881,0.982688535530346
98882,0.9827058383434091
98883,0.9827231238623062
98884,0.9827403921043228
98885,0.9827576430867273
98886,0.9827748768267706
98887,0.9827920933416864
98888,0.9828092926486912
98889,0.9828264747649844
98890,0.982843639707748
98891,0.9828607874941471
98892,0.9828779181413293
98893,0.9828950316664254
98894,0.9829121280865489
98895,0.9829292074187963
98896,0.9829462696802468
98897,0.9829633148879627
98898,0.9829803430589893
98899,0.9829973542103546
98900,0.9830143483590699
98901,0.9830313255221292
98902,0.9830482857165099
98903,0.983065228959172
98904,0.9830821552670589
98905,0.9830990646570968
98906,0.9831159571461952
98907,0.9831328327512464
98908,0.9831496914891262
98909,0.9831665333766934
98910,0.9831833584307896
98911,0.9832001666682402
98912,0.9832169581058531
98913,0.9832337327604199
98914,0.9832504906487154
98915,0.9832672317874973
98916,0.9832839561935068
98917,0.9823011636335933
98918,0.9823188536249641
98919,0.982336525935184
98920,0.9823541805819254
98921,0.982371817582843
98922,0.9823894369555738
98923,0.9824070387177372
98924,0.9824246228869348
98925,0.9814426892308759
98926,0.9814612372676266
98927,0.98147976676561
98928,0.9814982777433555
98929,0.9815167702193741
98930,0.9815352442121583
98931,0.9815536997401821
98932,0.9815721368219011
98933,0.9815905554757524
98934,0.9816089557201544
98935,0.9816273375735075
98936,0.9816457010541937
98937,0.9816640461805763
98938,0.9816823729710006
98939,0.9817006814437932
98940,0.9817189716172626
98941,0.9817372435096992
98942,0.9817554971393746
98943,0.9817737325245426
98944,0.9817919496834386
98945,0.9818101486342797
98946,0.981828329395265
98947,0.9818464919845751
98948,0.9818646364203726
98949,0.981882762720802
98950,0.9819008709039896
98951,0.9819189609880435
98952,0.981937032991054
98953,0.9819550869310929
98954,0.9819731228262143
98955,0.9819911406944539
98956,0.9820091405538298
98957,0.9820271224223417
98958,0.9820450863179715
98959,0.9820630322586832
98960,0.9820809602624226
98961,0.9820988703471178
98962,0.9821167625306789
98963,0.9821346368309981
98964,0.9821524932659497
98965,0.98217033185339
98966,0.9821881526111577
98967,0.9822059555570736
98968,0.9822237407089406
98969,0.9822415080845438
98970,0.9822592577016507
98971,0.9822769895780108
98972,0.9822947037313561
98973,0.9823124001794007
98974,0.982330078939841
98975,0.982347740030356
98976,0.9823653834686065
98977,0.9823830092722361
98978,0.9824006174588705
98979,0.982418208046118
98980,0.9824357810515691
98981,0.982453336492797
98982,0.9824708743873569
98983,0.9824883947527868
98984,0.9825058976066071
98985,0.9825233829663207
98986,0.9825408508494128
98987,0.9825583012733514
98988,0.982575734255587
98989,0.9825931498135524
98990,0.9826105479646633
98991,0.9826279287263178
98992,0.9826452921158967
98993,0.9826626381507634
98994,0.9826799668482639
98995,0.9826972782257268
98996,0.9817150720505887
98997,0.9817333478406431
98998,0.9817516053640408
98999,0.9817698446390393
99000,0.9817880656838778
99001,0.9818062685167774
99002,0.981824453155941
99003,0.9818426196195533
99004,0.9818607679257807
99005,0.9818788980927714
99006,0.9818970101386557
99007,0.9819151040815456
99008,0.981933179939535
99009,0.9819512377306999
99010,0.981969277473098
99011,0.9819872991847691
99012,0.9820053028837349
99013,0.982023288587999
99014,0.9820412563155473
99015,0.9820592060843474
99016,0.9820771379123491
99017,0.9820950518174841
99018,0.9821129478176666
99019,0.9821308259307924
99020,0.9821486861747396
99021,0.9821665285673685
99022,0.9821843531265215
99023,0.9822021598700232
99024,0.9822199488156804
99025,0.982237719981282
99026,0.9822554733845991
99027,0.9822732090433851
99028,0.9822909269753757
99029,0.9823086271982888
99030,0.9823263097298247
99031,0.9813444743377909
99032,0.9813631205403519
99033,0.9813817481060287
99034,0.981400357053449
99035,0.9814189474012216
99036,0.981437519167937
99037,0.9814560723721669
99038,0.9814746070324646
99039,0.9814931231673647
99040,0.9815116207953833
99041,0.9815300999350182
99042,0.9815485606047483
99043,0.9815670028230343
99044,0.9815854266083186
99045,0.9816038319790249
99046,0.9816222189535586
99047,0.9816405875503067
99048,0.9816589377876377
99049,0.9816772696839019
99050,0.9816955832574312
99051,0.9817138785265392
99052,0.9807326552596461
99053,0.9807519129755286
99054,0.9807711514433192
99055,0.9807903706822564
99056,0.9808095707115595
99057,0.9808287515504285
99058,0.9808479132180442
99059,0.9808670557335684
99060,0.9808861791161435
99061,0.980905283384893
99062,0.9809243685589211
99063,0.9809434346573129
99064,0.9809624816991347
99065,0.9809815097034335
99066,0.9810005186892371
99067,0.9800200084256796
99068,0.9800399784322507
99069,0.9800599284787951
99070,0.980079858585263
99071,0.9800997687715846
99072,0.9791201588077949
99073,0.9791410282142838
99074,0.9791618767617958
99075,0.9791827044711793
99076,0.979203511363262
99077,0.979224297458851
99078,0.9792450627787321
99079,0.979265807343671
99080,0.9792865311744119
99081,0.9793072342916789
99082,0.9793279167161749
99083,0.9793485784685826
99084,0.9783697193196884
99085,0.9783913387906332
99086,0.9784129366529114
99087,0.9784345129281209
99088,0.9784560676378379
99089,0.9784776008036171
99090,0.9784991124469918
99091,0.9775211023395985
99092,0.9775435700034271
99093,0.97756601521082
99094,0.9775884379842225
99095,0.9776108383460573
99096,0.9776332163187249
99097,0.9776555719246033
99098,0.9776779051860479
99099,0.9777002161253922
99100,0.9777225047649469
99101,0.977744771127001
99102,0.9777670152338206
99103,0.9777892371076499
99104,0.9778114367707107
99105,0.9778336142452028
99106,0.9778557695533036
99107,0.9778779027171683
99108,0.9779000137589303
99109,0.9779221027007005
99110,0.9779441695645679
99111,0.9779662143725992
99112,0.9779882371468395
99113,0.9780102379093114
99114,0.9780322166820158
99115,0.9780541734869314
99116,0.9780761083460149
99117,0.9780980212812013
99118,0.9781199123144034
99119,0.9781417814675125
99120,0.9781636287623976
99121,0.978185454220906
99122,0.9782072578648631
99123,0.9782290397160726
99124,0.9782507997963164
99125,0.9782725381273545
99126,0.9782942547309254
99127,0.9783159496287455
99128,0.9783376228425098
99129,0.9783592743938916
99130,0.9783809043045424
99131,0.9784025125960921
99132,0.978424099290149
99133,0.9784456644082997
99134,0.9784672079721095
99135,0.9784887300031219
99136,0.9785102305228589
99137,0.9785317095528211
99138,0.9785531671144875
99139,0.9785746032293156
99140,0.9785960179187415
99141,0.97861741120418
99142,0.9786387831070243
99143,0.9786601336486465
99144,0.9786814628503969
99145,0.9787027707336049
99146,0.9787240573195783
99147,0.9787453226296038
99148,0.9787665666849465
99149,0.9787877895068506
99150,0.978808991116539
99151,0.9788301715352131
99152,0.9788513307840535
99153,0.9788724688842194
99154,0.9788935858568489
99155,0.978914681723059
99156,0.9789357565039455
99157,0.9789568102205832
99158,0.9789778428940259
99159,0.9789988545453062
99160,0.9790198451954358
99161,0.9790408148654054
99162,0.9790617635761846
99163,0.9790826913487222
99164,0.9791035982039459
99165,0.9791244841627625
99166,0.9791453492460581
99167,0.9791661934746977
99168,0.9781875166196505
99169,0.9782093182022396
99170,0.9782310979941413
99171,0.9782528560171356
99172,0.9782745922929805
99173,0.9782963068434123
99174,0.9783179996901455
99175,0.9783396708548731
99176,0.978361320359266
99177,0.978382948224974
99178,0.9784045544736246
99179,0.9784261391268244
99180,0.978447702206158
99181,0.9784692437331883
99182,0.978490763729457
99183,0.978512262216484
99184,0.9785337392157679
99185,0.9785551947487856
99186,0.9785766288369927
99187,0.9785980415018233
99188,0.97861943276469
99189,0.9786408026469842
99190,0.9786621511700756
99191,0.9786834783553129
99192,0.9787047842240232
99193,0.9787260687975124
99194,0.9787473320970652
99195,0.9787685741439447
99196,0.978789794959393
99197,0.9788109945646309
99198,0.9788321729808582
99199,0.9788533302292531
99200,0.978874466330973
99201,0.9788955813071539
99202,0.9789166751789109
99203,0.9789377479673378
99204,0.9789587996935074
99205,0.9789798303784715
99206,0.9790008400432606
99207,0.9790218287088845
99208,0.979042796396332
99209,0.9790637431265705
99210,0.9790846689205469
99211,0.9791055737991871
99212,0.9791264577833958
99213,0.9791473208940571
99214,0.979168163152034
99215,0.9791889845781689
99216,0.9792097851932832
99217,0.9792305650181774
99218,0.9792513240736315
99219,0.9792720623804044
99220,0.9792927799592346
99221,0.9793134768308396
99222,0.9793341530159162
99223,0.9793548085351407
99224,0.9793754434091685
99225,0.9793960576586346
99226,0.9794166513041532
99227,0.979437224366318
99228,0.979457776865702
99229,0.9794783088228577
99230,0.9794988202583171
99231,0.9795193111925917
99232,0.9795397816461724
99233,0.9795602316395295
99234,0.9795806611931133
99235,0.979601070327353
99236,0.979621459062658
99237,0.979641827419417
99238,0.9796621754179983
99239,0.9796825030787499
99240,0.9797028104219996
99241,0.9797230974680545
99242,0.9797433642372019
99243,0.9797636107497084
99244,0.9797838370258206
99245,0.9788045428358898
99246,0.9788257277006216
99247,0.9788468913910757
99248,0.9788680339284159
99249,0.9788891553337848
99250,0.9789102556283038
99251,0.9789313348330732
99252,0.978952392969172
99253,0.9789734300576586
99254,0.97899444611957
99255,0.9790154411759222
99256,0.9790364152477103
99257,0.9790573683559085
99258,0.9790783005214698
99259,0.9790992117653264
99260,0.9791201021083896
99261,0.9791409715715497
99262,0.9791618201756761
99263,0.9791826479416175
99264,0.9792034548902016
99265,0.9792242410422354
99266,0.979245006418505
99267,0.9792657510397759
99268,0.9792864749267925
99269,0.979307178100279
99270,0.9793278605809383
99271,0.9793485223894531
99272,0.9793691635464852
99273,0.9793897840726756
99274,0.979410383988645
99275,0.9794309633149931
99276,0.9794515220722995
99277,0.9794720602811228
99278,0.9794925779620012
99279,0.9795130751354525
99280,0.9795335518219738
99281,0.9795540080420417
99282,0.9795744438161127
99283,0.9795948591646223
99284,0.979615254107986
99285,0.9796356286665987
99286,0.979655982860835
99287,0.979676316711049
99288,0.9796966302375747
99289,0.9797169234607256
99290,0.9797371964007948
99291,0.9797574490780554
99292,0.97977768151276
99293,0.979797893725141
99294,0.9798180857354107
99295,0.9798382575637612
99296,0.9798584092303642
99297,0.9798785407553713
99298,0.9798986521589141
99299,0.9799187434611041
99300,0.9799388146820325
99301,0.9799588658417706
99302,0.9799788969603695
99303,0.9799989080578604
99304,0.9800188991542543
99305,0.9800388702695424
99306,0.9800588214236958
99307,0.9800787526366657
99308,0.9800986639283832
99309,0.9801185553187596
99310,0.9801384268276864
99311,0.980158278475035
99312,0.9801781102806572
99313,0.9801979222643846
99314,0.9802177144460295
99315,0.9802374868453837
99316,0.9802572394822199
99317,0.9802769723762906
99318,0.9802966855473288
99319,0.9803163790150476
99320,0.9803360527991406
99321,0.9803557069192814
99322,0.9803753413951242
99323,0.9803949562463035
99324,0.9804145514924341
99325,0.9804341271531113
99326,0.9804536832479108
99327,0.9804732197963887
99328,0.9804927368180815
99329,0.9805122343325062
99330,0.9805317123591604
99331,0.980551170917522
99332,0.9805706100270497
99333,0.9805900297071826
99334,0.9806094299773404
99335,0.9806288108569232
99336,0.9806481723653121
99337,0.9806675145218685
99338,0.9796873370960596
99339,0.9797076396077077
99340,0.9797279218269903
99341,0.9797481837741897
99342,0.9797684254695679
99343,0.9797886469333664
99344,0.9798088481858068
99345,0.9798290292470904
99346,0.9798491901373981
99347,0.979869330876891
99348,0.9798894514857097
99349,0.9799095519839749
99350,0.979929632391787
99351,0.9799496927292265
99352,0.9799697330163537
99353,0.9799897532732089
99354,0.9800097535198125
99355,0.9800297337761644
99356,0.9800496940622452
99357,0.9800696343980151
99358,0.9800895548034144
99359,0.9801094552983636
99360,0.980129335902763
99361,0.9801491966364934
99362,0.9801690375194154
99363,0.9801888585713701
99364,0.9802086598121783
99365,0.9802284412616414
99366,0.9802482029395408
99367,0.9802679448656383
99368,0.9792881668098006
99369,0.9793088682922495
99370,0.9793295490835616
99371,0.9793502092044176
99372,0.9793708486754776
99373,0.9793914675173812
99374,0.9794120657507471
99375,0.9794326433961736
99376,0.9794532004742385
99377,0.9794737370054986
99378,0.9794942530104905
99379,0.9795147485097304
99380,0.9795352235237137
99381,0.9795556780729153
99382,0.97957611217779
99383,0.9795965258587717
99384,0.9796169191362741
99385,0.9796372920306906
99386,0.979657644562394
99387,0.979677976751737
99388,0.9796982886190516
99389,0.9797185801846497
99390,0.979738851468823
99391,0.9797591024918426
99392,0.9797793332739597
99393,0.979799543835405
99394,0.9798197341963891
99395,0.9798399043771023
99396,0.9788605541478399
99397,0.9788816830292514
99398,0.9789027907923405
99399,0.9779243772083402
99400,0.9779464417988366
99401,0.9779684843357693
99402,0.9779905048411809
99403,0.9780125033370918
99404,0.9780344798455005
99405,0.9780564343883835
99406,0.9780783669876955
99407,0.9781002776653689
99408,0.9781221664433145
99409,0.9781440333434211
99410,0.9781658783875556
99411,0.9781877015975631
99412,0.9782095029952667
99413,0.9782312826024678
99414,0.9782530404409461
99415,0.9782747765324594
99416,0.9782964908987438
99417,0.9783181835615137
99418,0.9783398545424616
99419,0.9783615038632588
99420,0.9783831315455545
99421,0.9784047376109762
99422,0.9784263220811302
99423,0.9784478849776008
99424,0.978469426321951
99425,0.9784909461357222
99426,0.9785124444404341
99427,0.9785339212575851
99428,0.978555376608652
99429,0.9785768105150902
99430,0.9785982229983334
99431,0.9786196140797944
99432,0.9786409837808641
99433,0.9786623321229122
99434,0.978683659127287
99435,0.9787049648153158
99436,0.978726249208304
99437,0.9787475123275361
99438,0.9787687541942752
99439,0.9787899748297632
99440,0.9788111742552207
99441,0.9788323524918472
99442,0.9788535095608208
99443,0.9788746454832988
99444,0.978895760280417
99445,0.9789168539732902
99446,0.978937926583012
99447,0.9789589781306552
99448,0.9789800086372713
99449,0.9790010181238907
99450,0.979022006611523
99451,0.9790429741211567
99452,0.9790639206737592
99453,0.9790848462902773
99454,0.9791057509916363
99455,0.9791266347987412
99456,0.9791474977324756
99457,0.9791683398137024
99458,0.9791891610632639
99459,0.9792099615019813
99460,0.9792307411506549
99461,0.9792515000300646
99462,0.9792722381609691
99463,0.9792929555641066
99464,0.9793136522601944
99465,0.9793343282699294
99466,0.9793549836139874
99467,0.9783761180631488
99468,0.978397731138548
99469,0.9784193226116729
99470,0.9784408925041149
99471,0.9784624408374442
99472,0.9784839676332089
99473,0.9785054729129358
99474,0.9785269566981303
99475,0.9785484190102761
99476,0.9785698598708356
99477,0.9785912793012496
99478,0.9786126773229374
99479,0.9786340539572973
99480,0.9786554092257058
99481,0.9786767431495182
99482,0.9786980557500684
99483,0.978719347048669
99484,0.9787406170666114
99485,0.9787618658251656
99486,0.9787830933455802
99487,0.9788042996490829
99488,0.9788254847568799
99489,0.9788466486901564
99490,0.9788677914700763
99491,0.9788889131177824
99492,0.9789100136543962
99493,0.9789310931010186
99494,0.9789521514787287
99495,0.9789731888085851
99496,0.9789942051116249
99497,0.9790152004088647
99498,0.9790361747212996
99499,0.979057128069904
99500,0.9790780604756312
99501,0.9790989719594136
99502,0.9791198625421629
99503,0.9791407322447694
99504,0.9791615810881029
99505,0.9791824090930124
99506,0.9792032162803257
99507,0.9792240026708501
99508,0.979244768285372
99509,0.9792655131446569
99510,0.9792862372694499
99511,0.9793069406804749
99512,0.9793276233984354
99513,0.9793482854440142
99514,0.9793689268378732
99515,0.979389547600654
99516,0.9794101477529772
99517,0.979430727315443
99518,0.979451286308631
99519,0.9794718247531001
99520,0.9794923426693889
99521,0.9795128400780152
99522,0.9795333169994764
99523,0.9795537734542495
99524,0.9795742094627911
99525,0.9795946250455368
99526,0.9796150202229026
99527,0.9796353950152835
99528,0.9786562491931793
99529,0.978677582277444
99530,0.9786988940392856
99531,0.9787201845000159
99532,0.9787414536809254
99533,0.9787627016032833
99534,0.9787839282883375
99535,0.9788051337573147
99536,0.9788263180314203
99537,0.9788474811318386
99538,0.9788686230797329
99539,0.978889743896245
99540,0.9789108436024956
99541,0.9789319222195846
99542,0.9789529797685905
99543,0.9789740162705709
99544,0.9789950317465623
99545,0.9790160262175802
99546,0.9790369997046191
99547,0.9790579522286524
99548,0.9790788838106328
99549,0.9790997944714918
99550,0.9791206842321399
99551,0.9791415531134672
99552,0.9791624011363422
99553,0.9791832283216133
99554,0.9792040346901074
99555,0.979224820262631
99556,0.9792455850599697
99557,0.9792663291028882
99558,0.9792870524121308
99559,0.9793077550084205
99560,0.9793284369124601
99561,0.9793490981449314
99562,0.9793697387264957
99563,0.9793903586777936
99564,0.9794109580194449
99565,0.9794315367720492
99566,0.9794520949561851
99567,0.9794726325924108
99568,0.979493149701264
99569,0.9795136463032618
99570,0.9795341224189007
99571,0.9795545780686569
99572,0.979575013272986
99573,0.9795954280523234
99574,0.9796158224270837
99575,0.9796361964176613
99576,0.9796565500444303
99577,0.9796768833277443
99578,0.9796971962879364
99579,0.9797174889453197
99580,0.979737761320187
99581,0.9797580134328104
99582,0.9797782453034423
99583,0.9797984569523144
99584,0.9798186483996384
99585,0.9798388196656058
99586,0.9798589707703879
99587,0.9798791017341356
99588,0.9798992125769801
99589,0.9799193033190321
99590,0.9799393739803824
99591,0.9799594245811017
99592,0.9799794551412406
99593,0.9799994656808296
99594,0.9800194562198793
99595,0.9800394267783802
99596,0.9800593773763029
99597,0.9800793080335979
99598,0.980099218770196
99599,0.9801191096060079
99600,0.9801389805609244
99601,0.9801588316548165
99602,0.9801786629075354
99603,0.9801984743389122
99604,0.9802182659687583
99605,0.9802380378168655
99606,0.9802577899030055
99607,0.9802775222469305
99608,0.980297234868373
99609,0.9803169277870453
99610,0.9803366010226404
99611,0.9803562545948317
99612,0.9803758885232726
99613,0.9803955028275971
99614,0.9804150975274196
99615,0.9804346726423347
99616,0.9804542281919176
99617,0.9804737641957239
99618,0.9804932806732893
99619,0.9805127776441306
99620,0.9805322551277447
99621,0.980551713143609
99622,0.9805711517111816
99623,0.9805905708499011
99624,0.9806099705791865
99625,0.9806293509184377
99626,0.980648711887035
99627,0.9806680535043393
99628,0.9806873757896922
99629,0.9807066787624161
99630,0.980725962441814
99631,0.9807452268471695
99632,0.980764471997747
99633,0.9807836979127917
99634,0.9808029046115295
99635,0.9808220921131672
99636,0.9808412604368921
99637,0.9808604096018727
99638,0.9808795396272582
99639,0.9808986505321784
99640,0.9809177423357445
99641,0.9809368150570481
99642,0.980955868715162
99643,0.98097490332914
99644,0.9809939189180163
99645,0.9810129155008069
99646,0.9810318930965083
99647,0.981050851724098
99648,0.9810697914025347
99649,0.9810887121507581
99650,0.9811076139876889
99651,0.9811264969322289
99652,0.9811453610032611
99653,0.9811642062196496
99654,0.9811830326002396
99655,0.9812018401638576
99656,0.9812206289293111
99657,0.9812393989153887
99658,0.9812581501408606
99659,0.9812768826244779
99660,0.9812955963849731
99661,0.9813142914410601
99662,0.9813329678114339
99663,0.9813516255147707
99664,0.9813702645697285
99665,0.9813888849949461
99666,0.9814074868090441
99667,0.9814260700306243
99668,0.9814446346782699
99669,0.9814631807705455
99670,0.9814817083259972
99671,0.9815002173631526
99672,0.9815187079005208
99673,0.9815371799565922
99674,0.981555633549839
99675,0.9815740686987147
99676,0.9815924854216544
99677,0.9816108837370751
99678,0.9816292636633749
99679,0.9816476252189338
99680,0.9816659684221133
99681,0.9816842932912566
99682,0.9817025998446887
99683,0.981720888100716
99684,0.9817391580776268
99685,0.9817574097936911
99686,0.9817756432671606
99687,0.9817938585162689
99688,0.9818120555592311
99689,0.9818302344142443
99690,0.9818483950994875
99691,0.9818665376331213
99692,0.9818846620332881
99693,0.9819027683181124
99694,0.9809213562558254
99695,0.980940425365015
99696,0.9809594754146252
99697,0.9809785064237061
99698,0.9809975184112886
99699,0.9810165113963847
99700,0.9810354853979875
99701,0.981054440435071
99702,0.9810733765265901
99703,0.9810922936914811
99704,0.981111191948661
99705,0.9811300713170282
99706,0.981148931815462
99707,0.9811677734628229
99708,0.9811865962779526
99709,0.9812054002796737
99710,0.9812241854867905
99711,0.9812429519180881
99712,0.9812616995923329
99713,0.9812804285282726
99714,0.9812991387446361
99715,0.9813178302601337
99716,0.981336503093457
99717,0.9813551572632786
99718,0.9813737927882529
99719,0.9813924096870152
99720,0.9814110079781826
99721,0.9814295876803534
99722,0.9814481488121072
99723,0.9814666913920052
99724,0.9814852154385899
99725,0.9815037209703854
99726,0.9815222080058973
99727,0.9815406765636125
99728,0.9815591266619997
99729,0.981577558319509
99730,0.9815959715545719
99731,0.9816143663856018
99732,0.9816327428309936
99733,0.9816511009091234
99734,0.9816694406383497
99735,0.981687762037012
99736,0.9817060651234318
99737,0.9817243499159122
99738,0.9817426164327379
99739,0.9817608646921754
99740,0.981779094712473
99741,0.9817973065118609
99742,0.9818155001085507
99743,0.9818336755207361
99744,0.9818518327665924
99745,0.9818699718642769
99746,0.9818880928319288
99747,0.981906195687669
99748,0.9819242804496003
99749,0.9819423471358076
99750,0.9819603957643576
99751,0.9819784263532987
99752,0.9819964389206617
99753,0.9820144334844592
99754,0.9820324100626856
99755,0.9820503686733176
99756,0.9820683093343138
99757,0.9820862320636148
99758,0.9821041368791434
99759,0.9821220237988044
99760,0.9821398928404848
99761,0.9821577440220535
99762,0.9821755773613617
99763,0.982193392876243
99764,0.9822111905845126
99765,0.9822289705039683
99766,0.9822467326523902
99767,0.9822644770475402
99768,0.9822822037071628
99769,0.9822999126489848
99770,0.9823176038907149
99771,0.9823352774500445
99772,0.9823529333446471
99773,0.9823705715921787
99774,0.9823881922102774
99775,0.982405795216564
99776,0.9824233806286414
99777,0.98144144821422
99778,0.9814599974913671
99779,0.9814785282285072
99780,0.9814970404441709
99781,0.9815155341568703
99782,0.9815340093850994
99783,0.9805529658974581
99784,0.980572403212903
99785,0.9805918211007462
99786,0.9806112195804055
99787,0.9806305986712797
99788,0.9806499583927476
99789,0.9806692987641692
99790,0.9806886198048846
99791,0.980707921534215
99792,0.9807272039714622
99793,0.9807464671359085
99794,0.9807657110468172
99795,0.9807849357234321
99796,0.9808041411849778
99797,0.98082332745066
99798,0.9808424945396649
99799,0.9808616424711595
99800,0.9808807712642917
99801,0.9808998809381905
99802,0.9809189715119654
99803,0.9809380430047071
99804,0.980957095435487
99805,0.9809761288233576
99806,0.9809951431873523
99807,0.9810141385464853
99808,0.9810331149197522
99809,0.9810520723261292
99810,0.9810710107845739
99811,0.9810899303140246
99812,0.9811088309334008
99813,0.9811277126616034
99814,0.9811465755175138
99815,0.981165419519995
99816,0.9811842446878911
99817,0.9812030510400271
99818,0.9812218385952095
99819,0.9812406073722257
99820,0.9812593573898447
99821,0.9812780886668164
99822,0.9812968012218721
99823,0.9813154950737243
99824,0.9813341702410668
99825,0.9813528267425751
99826,0.9813714645969053
99827,0.9813900838226954
99828,0.9814086844385648
99829,0.981427266463114
99830,0.9814458299149249
99831,0.9814643748125612
99832,0.9814829011745676
99833,0.9815014090194706
99834,0.9815198983657779
99835,0.981538369231979
99836,0.9815568216365448
99837,0.9815752555979276
99838,0.9815936711345613
99839,0.9816120682648616
99840,0.9816304470072256
99841,0.9816488073800319
99842,0.981667149401641
99843,0.981685473090395
99844,0.9817037784646175
99845,0.9817220655426139
99846,0.9817403343426713
99847,0.9817585848830584
99848,0.9817768171820259
99849,0.981795031257806
99850,0.9818132271286127
99851,0.9818314048126421
99852,0.9818495643280717
99853,0.9818677056930611
99854,0.9818858289257517
99855,0.9819039340442667
99856,0.9819220210667112
99857,0.9819400900111723
99858,0.9819581408957189
99859,0.9819761737384018
99860,0.9819941885572541
99861,0.9820121853702903
99862,0.9820301641955075
99863,0.9820481250508842
99864,0.9820660679543816
99865,0.9820839929239424
99866,0.9821018999774918
99867,0.9821197891329365
99868,0.982137660408166
99869,0.9821555138210514
99870,0.9821733493894461
99871,0.9821911671311858
99872,0.9822089670640882
99873,0.9822267492059532
99874,0.982244513574563
99875,0.9822622601876819
99876,0.9822799890630566
99877,0.9822977002184159
99878,0.9823153936714709
99879,0.9823330694399153
99880,0.9823507275414246
99881,0.982368367993657
99882,0.982385990814253
99883,0.9824035960208355
99884,0.9824211836310096
99885,0.9824387536623629
99886,0.9824563061324655
99887,0.9824738410588698
99888,0.9824913584591108
99889,0.9825088583507059
99890,0.982526340751155
99891,0.9825438056779404
99892,0.9825612531485272
99893,0.9825786831803627
99894,0.982596095790877
99895,0.9826134909974829
99896,0.9826308688175753
99897,0.9826482292685322
99898,0.9826655723677141
99899,0.982682898132464
99900,0.9827002065801077
99901,0.9827174977279537
99902,0.982734771593293
99903,0.9827520281933997
99904,0.9827692675455302
99905,0.982786489666924
99906,0.9828036945748031
99907,0.9828208822863725
99908,0.98283805281882
99909,0.9828552061893159
99910,0.9828723424150138
99911,0.9828894615130497
99912,0.9829065635005428
99913,0.9829236483945952
99914,0.9829407162122917
99915,0.9829577669707003
99916,0.9829748006868715
99917,0.9829918173778391
99918,0.9830088170606199
99919,0.9830257997522135
99920,0.9830427654696026
99921,0.9830597142297529
99922,0.9830766460496132
99923,0.9830935609461153
99924,0.9831104589361742
99925,0.9831273400366878
99926,0.9831442042645372
99927,0.9831610516365866
99928,0.9831778821696835
99929,0.9831946958806583
99930,0.9832114927863248
99931,0.9832282729034799
99932,0.9832450362489037
99933,0.9832617828393596
99934,0.9832785126915942
99935,0.9832952258223372
99936,0.9833119222483019
99937,0.9833286019861847
99938,0.9833452650526653
99939,0.9833619114644068
99940,0.9833785412380556
99941,0.9833951543902414
99942,0.9834117509375775
99943,0.9834283308966604
99944,0.98344489428407
99945,0.9834614411163698
99946,0.9834779714101065
99947,0.9834944851818106
99948,0.9835109824479957
99949,0.9835274632251592
99950,0.9835439275297817
99951,0.9835603753783276
99952,0.9835768067872448
99953,0.9835932217729647
99954,0.9836096203519022
99955,0.9836260025404561
99956,0.9836423683550083
99957,0.9836587178119248
99958,0.983675050927555
99959,0.9836913677182322
99960,0.9837076682002729
99961,0.9837239523899778
99962,0.983740220303631
99963,0.9837564719575004
99964,0.9837727073678377
99965,0.9837889265508784
99966,0.9838051295228415
99967,0.9838213162999301
99968,0.983837486898331
99969,0.9838536413342147
99970,0.9838697796237358
99971,0.9838859017830324
99972,0.9839020078282268
99973,0.9839180977754249
99974,0.9839341716407168
99975,0.9839502294401764
99976,0.9839662711898614
99977,0.9839822969058135
99978,0.9839983066040586
99979,0.9840143003006063
99980,0.9840302780114503
99981,0.9840462397525682
99982,0.984062185539922
99983,0.9840781153894573
99984,0.9840940293171041
99985,0.9841099273387761
99986,0.9841258094703715
99987,0.9841416757277724
99988,0.9841575261268452
99989,0.98417336068344
99990,0.9841891794133916
99991,0.9842049823325186
99992,0.9842207694566241
99993,0.984236540801495
99994,0.9842522963829028
99995,0.9842680362166031
99996,0.9842837603183356
99997,0.9842994687038246
99998,0.9843151613887783
99999,0.9843308383888895
